# blastp
# Iteration: 7
# Query: Old
# RID: X021DXAD016
# Database: nr_cluster_seq
# Fields: query acc.ver, subject acc.ver, % identity, alignment length, mismatches, gap opens, q. start, q. end, s. start, s. end, evalue, bit score, % positives
# 1002 hits found
Old	WP_331812895.1	37.458	590	357	7	1	586	1	582	0.0	770	56.95
Old	WP_102519618.1	38.071	591	355	8	1	586	1	585	0.0	763	56.85
Old	WP_107188915.1	38.579	591	351	8	1	586	1	584	0.0	761	57.53
Old	WP_263255319.1	36.271	590	366	7	1	586	1	584	0.0	760	56.10
Old	WP_370136441.1	37.119	590	361	7	1	586	1	584	0.0	759	56.27
Old	WP_176980211.1	34.126	589	381	4	3	586	2	588	0.0	759	51.95
Old	WP_087823794.1	37.925	588	357	5	1	586	1	582	0.0	759	57.48
Old	WP_125280300.1	38.031	589	354	8	3	586	2	584	0.0	759	55.52
Old	MDD5509761.1	36.532	594	363	6	3	586	2	591	0.0	758	51.85
Old	WP_139526729.1	36.271	590	366	7	1	586	1	584	0.0	757	56.44
Old	WP_165662508.1	36.271	590	366	7	1	586	1	584	0.0	757	55.93
Old	WP_379070095.1	35.932	590	367	8	1	586	1	583	0.0	757	56.95
Old	WP_336129353.1	35.195	591	373	8	1	586	1	586	0.0	757	54.65
Old	WP_343808394.1	38.305	590	353	8	1	586	1	583	0.0	757	58.81
Old	WP_300485604.1	37.563	591	357	9	1	586	1	584	0.0	756	56.85
Old	WP_256049756.1	35.714	588	369	5	1	586	1	581	0.0	756	55.78
Old	WP_278396631.1	38.031	589	354	8	3	586	2	584	0.0	755	57.39
Old	WP_180096907.1	38.540	589	351	8	3	586	2	584	0.0	755	56.88
Old	WP_207907040.1	36.102	590	367	7	1	586	11	594	0.0	754	56.78
Old	WP_288101872.1	37.902	591	355	8	1	586	1	584	0.0	753	56.01
Old	WP_149694233.1	34.680	594	375	7	1	586	1	589	0.0	753	56.06
Old	WP_213662344.1	33.447	589	382	6	1	586	1	582	0.0	752	56.37
Old	WP_380736417.1	34.622	595	375	8	1	586	1	590	0.0	752	53.95
Old	WP_061519695.1	38.370	589	352	8	3	586	2	584	0.0	751	57.22
Old	MDP1814019.1	36.027	594	367	7	1	586	1	589	0.0	751	55.56
Old	MCF8428301.1	35.630	595	369	8	1	586	1	590	0.0	751	53.95
Old	WP_241293625.1	34.126	589	381	4	3	586	2	588	0.0	750	52.63
Old	WP_343368529.1	35.993	589	366	7	1	586	1	581	0.0	749	56.37
Old	WP_114994855.1	38.136	590	353	7	1	586	1	582	0.0	749	57.12
Old	WP_129967758.1	32.993	588	387	4	3	585	2	587	0.0	748	51.70
Old	WP_353294909.1	35.763	590	368	8	1	586	1	583	0.0	748	56.44
Old	WP_003284091.1	36.054	588	367	5	1	586	1	581	0.0	747	57.31
Old	MBX9891879.1	35.354	594	371	7	1	586	1	589	0.0	747	55.39
Old	MBS3993639.1	37.205	594	361	7	1	586	1	590	0.0	746	55.72
Old	WP_340074624.1	35.533	591	371	8	1	586	1	586	0.0	746	55.16
Old	WP_109553295.1	32.598	589	390	4	3	586	2	588	0.0	745	51.10
Old	MBS4010736.1	33.107	589	387	4	3	586	2	588	0.0	745	52.29
Old	WP_270177495.1	34.126	589	381	4	3	586	2	588	0.0	745	51.61
Old	WP_078671119.1	34.007	594	379	7	1	586	1	589	0.0	744	54.04
Old	MCA0427485.1	37.479	595	356	10	1	586	1	588	0.0	744	54.62
Old	WP_144892233.1	34.958	595	373	8	1	586	1	590	0.0	744	54.29
Old	MCF6189004.1	38.031	589	355	7	1	586	1	582	0.0	744	57.56
Old	WP_164134091.1	33.559	590	383	7	1	586	1	585	0.0	744	56.27
Old	NOT52181.1	35.966	595	367	8	1	586	1	590	0.0	743	54.12
Old	WP_036141857.1	34.465	589	378	6	1	586	1	584	0.0	742	54.84
Old	MEA2083081.1	35.522	594	368	7	3	586	2	590	0.0	742	53.54
Old	MBK6629274.1	37.647	595	357	8	1	586	1	590	0.0	742	54.45
Old	WP_042327654.1	35.144	589	375	4	3	586	2	588	0.0	742	52.12
Old	WP_313229561.1	34.465	589	374	8	1	586	1	580	0.0	742	57.39
Old	WP_043010061.1	37.162	592	359	7	1	586	1	585	0.0	740	55.07
Old	WP_382314019.1	37.605	593	358	7	1	586	1	588	0.0	740	57.00
Old	WP_153659331.1	35.017	594	373	7	1	586	1	589	0.0	740	56.06
Old	MFC1861381.1	35.017	594	372	6	3	586	18	607	0.0	740	52.69
Old	WP_100689804.1	37.797	590	356	8	1	586	1	583	0.0	739	57.29
Old	WP_025108029.1	38.305	590	355	7	1	586	1	585	0.0	739	58.64
Old	HMQ04613.1	37.205	594	360	8	1	586	1	589	0.0	738	56.23
Old	WP_001015470.1	36.441	590	366	7	1	586	1	585	0.0	738	57.80
Old	WP_141135716.1	31.749	589	395	4	3	586	2	588	0.0	738	51.27
Old	WP_046832446.1	35.484	589	369	7	1	586	1	581	0.0	738	56.03
Old	WP_046272135.1	35.144	589	370	8	1	586	1	580	0.0	737	57.89
Old	WP_170133967.1	33.277	589	386	4	3	586	2	588	0.0	736	52.63
Old	WP_031421678.1	36.163	589	365	7	1	586	1	581	0.0	736	56.37
Old	WP_219862095.1	36.486	592	364	7	1	586	1	586	0.0	735	57.60
Old	WP_132935966.1	37.733	591	356	6	1	586	1	584	0.0	735	57.19
Old	MCR9262527.1	37.143	595	360	8	1	586	1	590	0.0	735	54.96
Old	WP_346451382.1	33.956	589	378	7	1	586	1	581	0.0	735	54.67
Old	MBL9050537.1	33.447	589	385	4	3	586	7	593	0.0	735	51.95
Old	WP_074846289.1	35.654	589	369	6	1	586	1	582	0.0	735	56.37
Old	WP_313318599.1	37.521	589	357	7	1	586	1	581	0.0	735	56.37
Old	WP_372990261.1	33.447	589	385	4	3	586	2	588	0.0	734	54.50
Old	WP_317710444.1	32.373	590	391	5	3	586	2	589	0.0	734	52.88
Old	WP_339787485.1	36.639	595	361	10	1	586	1	588	0.0	733	54.62
Old	MEZ9744148.1	36.486	592	363	7	1	586	1	585	0.0	733	55.57
Old	WP_338299666.1	32.373	590	391	5	3	586	2	589	0.0	733	51.36
Old	WP_282783258.1	38.786	593	350	8	1	586	1	587	0.0	733	54.30
Old	WP_218752813.1	36.102	590	369	7	1	586	1	586	0.0	733	55.76
Old	WP_172204452.1	37.458	590	358	8	1	586	1	583	0.0	732	55.76
Old	OHA84518.1	36.471	595	363	9	1	586	1	589	0.0	731	55.63
Old	MES2863598.1	37.037	594	362	7	1	586	1	590	0.0	731	53.70
Old	WP_129146729.1	37.565	575	347	7	16	586	40	606	0.0	730	56.00
Old	WP_313087779.1	36.412	563	350	5	1	560	1	558	0.0	730	56.31
Old	MES2486406.1	34.007	594	379	7	1	586	1	589	0.0	730	54.55
Old	WP_277090910.1	38.710	589	350	8	3	586	2	584	0.0	730	57.39
Old	WP_131407876.1	35.654	589	367	8	1	586	1	580	0.0	729	56.88
Old	WP_293706881.1	32.542	590	390	5	3	586	2	589	0.0	729	53.05
Old	WP_200463023.1	35.871	591	367	9	1	586	1	584	0.0	729	57.02
Old	WP_184333796.1	36.210	591	368	7	3	586	1	589	0.0	729	53.30
Old	WP_372087737.1	37.500	592	357	7	1	586	21	605	0.0	728	55.41
Old	MBN9482654.1	38.151	595	354	8	1	586	1	590	0.0	727	55.80
Old	WP_345210991.1	34.680	594	374	7	1	586	1	588	0.0	727	54.38
Old	MCT4558617.1	31.864	590	393	6	3	586	2	588	0.0	727	51.53
Old	MBI2722633.1	37.815	595	356	8	1	586	1	590	0.0	726	54.29
Old	WP_143040546.1	32.598	589	390	4	3	586	2	588	0.0	725	51.78
Old	WP_308133890.1	37.966	590	356	7	1	586	1	584	0.0	724	57.63
Old	NVK74389.1	34.407	590	370	7	1	586	1	577	0.0	724	57.29
Old	WP_335688125.1	37.162	592	359	7	1	586	1	585	0.0	723	54.56
Old	WP_056033290.1	37.710	594	358	7	1	586	1	590	0.0	723	54.04
Old	WP_214228001.1	34.007	594	377	9	1	586	1	587	0.0	722	55.72
Old	WP_159023118.1	36.975	595	361	8	1	586	1	590	0.0	722	54.96
Old	MAC12853.1	32.203	590	392	5	3	586	2	589	0.0	721	50.85
Old	WP_081321049.1	38.370	589	354	6	1	586	1	583	0.0	720	59.42
Old	MBL1140791.1	34.014	588	373	9	3	586	2	578	0.0	719	54.59
Old	WP_101751112.1	32.373	590	391	5	3	586	2	589	0.0	719	53.56
Old	WP_045739077.1	34.805	589	373	8	1	586	1	581	0.0	719	56.20
Old	WP_023006184.1	33.893	596	377	8	3	586	2	592	0.0	718	51.68
Old	WP_052751700.1	34.966	592	373	7	3	586	2	589	0.0	718	51.18
Old	WP_415028182.1	33.953	592	378	9	1	586	1	585	0.0	717	54.56
Old	WP_028115647.1	35.823	589	360	8	1	586	1	574	0.0	717	55.52
Old	WP_280575508.1	33.333	591	381	9	1	586	1	583	0.0	717	54.65
Old	WP_283209839.1	37.819	587	354	7	4	586	13	592	0.0	715	57.41
Old	WP_327611748.1	34.233	593	378	9	1	586	1	588	0.0	715	56.66
Old	WP_167004663.1	36.610	590	363	8	1	586	1	583	0.0	715	56.61
Old	MBP6552585.1	39.562	594	342	9	1	586	1	585	0.0	715	58.25
Old	WP_353307792.1	32.203	590	392	5	3	586	2	589	0.0	715	52.37
Old	TQV63056.1	33.898	590	373	9	3	586	12	590	0.0	714	54.58
Old	MEZ5521857.1	34.465	589	374	8	1	586	1	580	0.0	713	55.86
Old	MBL4768412.1	31.303	591	397	6	3	586	2	590	0.0	712	51.95
Old	WP_255102257.1	35.144	589	371	8	1	585	1	582	0.0	712	53.48
Old	WP_279273911.1	35.932	590	369	7	1	586	1	585	0.0	712	59.49
Old	WP_027961060.1	32.718	596	384	8	3	586	2	592	0.0	711	52.01
Old	WP_116772261.1	36.745	596	361	10	1	586	1	590	0.0	710	55.70
Old	WP_336518023.1	36.471	595	364	8	1	586	1	590	0.0	709	53.78
Old	OYY73498.1	36.210	591	365	9	1	586	1	584	0.0	709	55.67
Old	WP_026709185.1	35.919	593	368	9	1	586	1	588	0.0	709	57.17
Old	WP_265895341.1	29.272	591	406	8	3	586	2	587	0.0	708	48.39
Old	WP_410277941.1	29.076	595	406	9	3	586	2	591	0.0	708	48.07
Old	WP_411738212.1	33.051	590	378	8	1	586	1	577	0.0	707	55.08
Old	MFP3515748.1	34.295	589	377	6	1	586	1	582	0.0	707	55.01
Old	XOB91072.1	36.968	587	359	7	4	586	5	584	0.0	706	56.73
Old	WP_021193064.1	34.237	590	377	8	1	586	1	583	0.0	706	53.05
Old	WP_369499150.1	36.949	590	362	7	1	586	1	584	0.0	705	56.27
Old	WP_197050166.1	33.275	571	369	8	19	586	3	564	0.0	705	56.74
Old	WP_413512155.1	34.966	592	374	8	1	586	1	587	0.0	704	56.42
Old	MCQ2121842.1	31.491	597	383	7	2	586	6	588	0.0	704	49.75
Old	MDD4730089.1	34.286	595	377	8	1	586	1	590	0.0	703	53.11
Old	WP_158075298.1	39.114	542	322	6	1	539	1	537	0.0	702	60.52
Old	MEX2374140.1	35.445	584	370	6	5	585	4	583	0.0	701	52.57
Old	MEB8346903.1	35.642	592	370	9	1	586	1	587	0.0	699	56.93
Old	WP_369428487.1	35.144	589	371	8	1	585	1	582	0.0	697	54.16
Old	WP_183384436.1	28.908	595	407	9	3	586	2	591	0.0	697	48.07
Old	WP_106230730.1	32.718	596	384	8	3	586	2	592	0.0	697	51.85
Old	WP_245132042.1	33.559	590	375	7	1	586	1	577	0.0	697	55.08
Old	WP_042032685.1	99.829	586	1	0	1	586	1	586	0.0	697	99.83
Old	WP_411992651.1	34.465	589	375	8	1	585	1	582	0.0	696	55.35
Old	MBE0470190.1	34.184	588	372	9	3	586	2	578	0.0	696	51.70
Old	WP_348728836.1	35.254	590	365	7	1	586	1	577	0.0	696	57.46
Old	WP_111933325.1	34.871	542	348	3	3	539	2	543	0.0	696	52.95
Old	WP_150995950.1	34.014	588	376	8	3	585	2	582	0.0	695	51.53
Old	WP_290798821.1	32.113	601	386	9	3	586	2	597	0.0	695	51.08
Old	WP_407448161.1	32.601	592	375	7	5	586	8	585	0.0	695	50.34
Old	WP_200157756.1	28.308	597	408	10	3	586	2	591	0.0	692	46.90
Old	WP_005222880.1	28.596	591	410	8	3	586	2	587	0.0	692	47.88
Old	WP_028572874.1	28.978	597	404	10	3	586	2	591	0.0	692	47.24
Old	NQV17378.1	37.182	589	361	7	1	586	1	583	0.0	692	55.52
Old	WP_030073696.1	29.442	591	404	9	3	586	2	586	0.0	691	48.05
Old	WP_290994108.1	31.000	600	385	8	2	586	5	590	0.0	690	49.17
Old	WP_173341068.1	32.437	595	378	7	2	586	5	585	0.0	690	51.09
Old	MCK4235685.1	32.155	594	387	7	3	586	2	589	0.0	689	52.53
Old	WP_415894876.1	34.068	590	372	8	1	586	1	577	0.0	689	55.25
Old	WP_200257364.1	28.308	597	408	10	3	586	2	591	0.0	688	46.57
Old	WP_104932176.1	35.462	595	368	9	1	586	1	588	0.0	688	56.13
Old	WP_104934326.1	27.731	595	414	9	3	586	2	591	0.0	688	48.24
Old	WP_407442052.1	32.269	595	379	7	2	586	5	585	0.0	688	51.60
Old	WP_301289522.1	27.806	597	411	10	3	586	2	591	0.0	687	47.74
Old	WP_290038726.1	33.560	587	380	7	3	585	2	582	0.0	687	51.96
Old	MDT8321883.1	33.055	599	379	9	5	586	4	597	0.0	687	51.42
Old	WP_345370131.1	35.945	587	358	9	5	586	4	577	0.0	687	55.71
Old	MFT7611091.1	35.076	593	373	9	1	586	1	588	0.0	687	56.16
Old	WP_290763263.1	32.323	594	379	7	2	586	5	584	0.0	686	50.17
Old	WP_232902620.1	33.501	597	378	10	3	585	2	593	0.0	686	52.43
Old	WP_367980585.1	32.612	601	384	9	3	586	2	598	0.0	686	51.58
Old	MFA6341556.1	31.535	593	382	7	4	586	6	584	0.0	685	51.60
Old	WP_035342240.1	32.594	586	386	6	3	585	2	581	0.0	685	50.17
Old	HEY5535317.1	34.126	589	380	6	1	586	1	584	0.0	685	55.18
Old	MCF0223752.1	30.420	595	390	7	2	586	5	585	0.0	685	50.25
Old	MBR2197346.1	31.029	593	385	7	4	586	7	585	0.0	685	50.08
Old	WP_274056314.1	33.559	590	375	8	1	586	1	577	0.0	684	54.92
Old	KAB2891129.1	29.481	597	403	8	3	586	2	593	0.0	684	49.25
Old	MEZ5537705.1	33.220	587	382	7	3	585	2	582	0.0	683	51.11
Old	HMT80935.1	28.956	594	407	8	3	586	2	590	0.0	683	47.81
Old	WP_119511944.1	34.635	589	377	5	3	585	2	588	0.0	683	50.76
Old	WP_207992068.1	31.919	589	388	8	3	585	2	583	0.0	682	51.44
Old	WP_290922745.1	31.650	594	383	7	2	586	5	584	0.0	682	50.17
Old	WP_163560266.1	33.556	599	377	10	3	585	2	595	0.0	682	49.42
Old	WP_146740112.1	37.248	596	354	7	3	586	17	604	0.0	681	58.39
Old	WP_009615535.1	27.638	597	412	10	3	586	2	591	0.0	681	46.90
Old	WP_116035473.1	33.838	594	378	7	3	586	31	619	0.0	681	54.38
Old	WP_238048422.1	32.088	589	387	8	3	585	2	583	0.0	681	51.95
Old	WP_059719709.1	29.530	596	403	9	3	586	2	592	0.0	681	47.99
Old	WP_171370992.1	32.939	592	379	9	3	585	2	584	0.0	681	53.04
Old	MFO8140862.1	27.638	597	412	10	3	586	2	591	0.0	680	47.57
Old	WP_337818860.1	28.308	597	408	10	3	586	2	591	0.0	680	47.40
Old	MFT6138629.1	33.390	587	381	7	3	585	2	582	0.0	680	50.09
Old	WP_078776554.1	31.029	593	387	7	2	586	4	582	0.0	680	50.93
Old	WP_249701945.1	33.560	587	380	7	3	585	2	582	0.0	679	52.13
Old	MBX3323250.1	33.950	595	371	9	5	586	4	589	0.0	679	52.44
Old	WP_182174492.1	28.403	595	410	9	3	586	2	591	0.0	679	48.07
Old	MCK9182490.1	30.185	593	392	7	2	586	4	582	0.0	678	49.92
Old	WP_379913715.1	28.836	593	408	8	3	586	2	589	0.0	677	47.55
Old	WP_367107424.1	32.143	588	388	7	3	585	2	583	0.0	677	50.00
Old	WP_238624910.1	33.444	601	378	9	3	586	2	597	0.0	677	50.42
Old	WP_114776131.1	33.446	592	376	9	3	585	2	584	0.0	677	52.03
Old	WP_180023125.1	32.423	586	387	6	3	585	2	581	0.0	677	50.00
Old	MBT9523411.1	29.481	597	403	9	3	586	2	593	0.0	677	47.24
Old	HPW94817.1	31.818	594	382	7	2	586	5	584	0.0	676	52.02
Old	WP_312187608.1	75.722	589	140	1	1	586	1	589	0.0	676	86.59
Old	WP_151839676.1	31.570	586	392	6	3	585	2	581	0.0	675	49.83
Old	WP_247173889.1	79.693	586	119	0	1	586	1	586	0.0	675	88.57
Old	WP_288774635.1	31.293	588	394	6	3	585	2	584	0.0	675	50.85
Old	WP_290946008.1	31.597	595	383	7	2	586	5	585	0.0	675	49.41
Old	MDA3911050.1	33.672	591	384	5	1	586	1	588	0.0	675	54.82
Old	WP_260439999.1	37.269	542	334	4	1	540	1	538	0.0	675	59.04
Old	WP_165012006.1	33.895	593	373	9	3	585	2	585	0.0	674	50.59
Old	WP_285200167.1	39.252	535	319	5	1	532	1	532	0.0	674	59.44
Old	WP_284243613.1	31.346	587	393	7	3	585	2	582	0.0	674	51.96
Old	WP_346791682.1	32.258	589	386	7	3	586	2	582	0.0	673	49.75
Old	WP_323814135.1	33.504	585	381	6	3	585	2	580	0.0	673	50.09
Old	WP_324258227.1	33.846	585	379	6	3	585	2	580	0.0	673	51.79
Old	WP_290794387.1	31.122	588	383	9	16	586	1	583	0.0	672	50.51
Old	HHX15047.1	30.808	594	388	7	2	586	5	584	0.0	672	51.01
Old	MFA6622832.1	30.574	592	390	7	2	586	4	581	0.0	672	50.68
Old	MDP3851412.1	30.860	593	396	7	3	585	2	590	0.0	672	48.06
Old	WP_058131431.1	28.881	599	403	11	3	586	2	592	0.0	672	46.91
Old	WP_123589843.1	29.342	593	405	9	3	586	2	589	0.0	671	47.72
Old	WP_250621514.1	31.911	586	390	6	3	585	13	592	0.0	671	49.49
Old	MCF0215972.1	29.580	595	395	7	2	586	5	585	0.0	671	48.74
Old	KAK42778.1	28.691	596	408	9	3	586	2	592	0.0	671	47.32
Old	WP_038492279.1	29.648	597	402	9	3	586	2	593	0.0	671	47.07
Old	WP_201570884.1	32.767	589	383	8	3	585	2	583	0.0	671	51.95
Old	WP_319051669.1	31.803	588	390	7	3	585	2	583	0.0	670	51.19
Old	WP_287723294.1	30.017	593	393	7	2	586	4	582	0.0	670	49.58
Old	WP_232577247.1	33.108	592	378	9	3	585	2	584	0.0	670	51.35
Old	WP_140907313.1	32.209	593	383	9	3	585	2	585	0.0	670	51.10
Old	WP_026305909.1	31.448	601	390	9	3	586	2	597	0.0	669	51.91
Old	WP_081728443.1	34.746	590	377	6	1	586	1	586	0.0	668	53.05
Old	MBR9813997.1	29.580	595	403	9	3	586	2	591	0.0	668	46.89
Old	EJG0025651.1	32.939	592	379	9	3	585	2	584	0.0	667	51.35
Old	WP_300486265.1	32.990	582	379	8	9	585	2	577	0.0	667	53.61
Old	WP_184675680.1	35.593	590	365	6	6	586	2	585	0.0	667	53.73
Old	WP_091700185.1	28.476	597	407	10	3	586	2	591	0.0	667	48.41
Old	MCK9588309.1	33.668	597	376	8	3	586	2	591	0.0	666	51.42
Old	WP_261267192.1	36.271	590	366	7	1	586	1	584	0.0	666	56.27
Old	WP_323579361.1	81.570	586	108	0	1	586	1	586	0.0	666	90.10
Old	WP_110016033.1	70.152	593	167	4	1	586	1	590	0.0	666	83.14
Old	WP_349752006.1	27.806	597	411	10	3	586	2	591	0.0	665	46.73
Old	MCF0221428.1	30.283	601	389	8	2	586	5	591	0.0	665	50.42
Old	WP_205539862.1	74.403	586	148	1	1	586	1	584	0.0	665	86.69
Old	WP_287721619.1	30.354	593	391	7	2	586	29	607	0.0	665	49.75
Old	WP_232741870.1	29.195	596	405	9	3	586	2	592	0.0	664	47.15
Old	WP_260250177.1	72.156	589	161	1	1	586	1	589	0.0	664	85.91
Old	WP_073283810.1	31.448	601	382	8	2	586	5	591	0.0	664	49.92
Old	WP_183673811.1	28.644	590	410	7	3	586	2	586	0.0	663	47.12
Old	WP_007376560.1	32.264	592	383	9	3	585	2	584	0.0	663	50.84
Old	WP_103800950.1	31.911	586	390	6	3	585	2	581	0.0	663	50.68
Old	MFI4853967.1	34.669	574	359	10	3	563	2	572	0.0	662	51.74
Old	MCK6476466.1	33.615	592	371	9	8	586	2	584	0.0	662	50.84
Old	WP_295859651.1	30.988	597	386	7	2	586	5	587	0.0	662	50.08
Old	WP_075575238.1	28.620	594	409	7	3	586	2	590	0.0	662	46.97
Old	MBO5422926.1	30.574	592	390	7	2	586	5	582	0.0	662	51.86
Old	WP_305584890.1	28.930	598	404	10	3	586	2	592	0.0	661	45.32
Old	WP_199098001.1	27.656	593	414	8	3	586	2	588	0.0	661	46.88
Old	WP_341223399.1	30.085	585	404	3	3	584	2	584	0.0	660	49.91
Old	WP_290738202.1	31.597	595	383	7	2	586	5	585	0.0	660	49.92
Old	WP_088637812.1	31.261	595	385	7	2	586	5	585	0.0	660	50.42
Old	MBI3221503.1	31.919	589	385	9	3	586	1	578	0.0	659	49.07
Old	MCQ2105305.1	31.395	602	381	10	2	586	5	591	0.0	659	50.00
Old	MDR1759783.1	29.599	598	391	8	5	586	7	590	0.0	659	47.99
Old	MBK9387521.1	30.626	591	397	6	3	586	2	586	0.0	659	50.76
Old	MDD2297679.1	35.135	592	373	7	1	586	1	587	0.0	659	55.41
Old	MCU0978978.1	33.844	588	374	9	4	586	3	580	0.0	658	54.42
Old	WP_161723904.1	73.390	590	153	2	1	586	1	590	0.0	657	84.41
Old	MBQ5611229.1	30.508	590	389	7	4	586	7	582	0.0	656	51.36
Old	WP_223069731.1	31.911	586	390	6	3	585	2	581	0.0	655	50.34
Old	WP_238877023.1	28.811	597	407	9	3	586	2	593	0.0	655	48.07
Old	WP_166012046.1	31.570	586	392	6	3	585	2	581	0.0	655	51.19
Old	MCR4305320.1	32.428	589	382	9	3	586	1	578	0.0	655	49.41
Old	MBL0311746.1	29.313	597	403	8	3	586	2	592	0.0	655	46.40
Old	WP_047022749.1	33.054	596	375	10	3	586	2	585	0.0	655	52.01
Old	WP_102093097.1	31.579	589	390	8	3	585	2	583	0.0	654	50.93
Old	WP_016808123.1	75.722	589	140	1	1	586	1	589	0.0	653	86.76
Old	MGQ71215.1	39.761	503	297	5	1	500	1	500	0.0	653	60.04
Old	MCE9609135.1	28.141	597	409	9	3	586	2	591	0.0	653	47.24
Old	WP_342135208.1	68.027	588	182	3	1	586	1	584	0.0	653	81.46
Old	WP_057723472.1	28.426	591	411	8	3	586	2	587	0.0	653	46.53
Old	WP_257806194.1	30.640	594	390	11	3	586	1	582	0.0	653	49.33
Old	MBY7909474.1	32.657	591	379	10	1	585	1	578	0.0	652	52.45
Old	PHI21517.1	34.958	595	367	10	3	586	2	587	0.0	652	54.79
Old	MEO1833007.1	33.505	582	375	8	9	585	2	576	0.0	652	50.86
Old	NLO24486.1	30.964	591	384	7	5	586	7	582	0.0	651	50.93
Old	WP_263903829.1	28.644	590	410	7	3	586	2	586	0.0	651	47.80
Old	WP_093169431.1	32.274	598	378	11	3	586	1	585	0.0	651	50.50
Old	WP_406289756.1	35.593	590	370	7	1	586	1	584	0.0	650	55.59
Old	WP_015448545.1	27.104	594	418	9	3	586	2	590	0.0	650	46.63
Old	WP_097050961.1	32.264	592	389	7	3	586	2	589	0.0	649	50.34
Old	MCB5245219.1	33.784	592	381	7	1	586	1	587	0.0	649	53.38
Old	WP_088742877.1	32.198	587	388	7	3	585	2	582	0.0	648	50.77
Old	WP_259086345.1	32.378	593	370	10	4	586	3	574	0.0	648	53.46
Old	WP_289054035.1	38.306	496	300	5	1	493	1	493	0.0	647	58.87
Old	WP_201138719.1	30.471	594	391	11	3	586	1	582	0.0	647	48.99
Old	MEG2832393.1	34.237	590	375	10	3	586	2	584	0.0	647	53.22
Old	WP_012247232.1	29.146	597	405	9	3	586	2	593	0.0	646	47.07
Old	WP_085542828.1	70.819	586	165	2	1	586	1	580	0.0	645	82.59
Old	NLB62572.1	29.716	599	404	8	1	586	1	595	0.0	644	50.42
Old	WP_258606144.1	27.656	593	415	8	3	586	2	589	0.0	643	48.06
Old	WP_411845730.1	31.765	595	389	8	3	585	2	591	0.0	643	48.74
Old	WP_218386688.1	28.476	597	409	9	3	586	2	593	0.0	641	46.57
Old	WP_265044849.1	31.029	593	389	9	3	586	1	582	0.0	640	48.57
Old	MDC7242393.1	32.601	592	379	10	3	585	2	582	0.0	640	51.35
Old	WP_024610000.1	32.601	592	381	9	3	585	2	584	0.0	640	51.52
Old	WP_392992991.1	33.616	589	372	10	1	586	1	573	0.0	640	52.80
Old	WP_287165200.1	32.601	592	388	9	1	586	1	587	0.0	638	52.70
Old	WP_131362867.1	32.143	588	385	8	3	585	2	580	0.0	637	50.85
Old	WP_011358584.1	31.313	594	389	10	5	586	4	590	0.0	636	47.81
Old	MCW1952417.1	31.346	587	394	5	3	583	2	585	0.0	635	49.40
Old	WP_375077696.1	28.644	590	410	7	3	586	2	586	0.0	635	47.46
Old	WP_193452350.1	28.620	594	402	11	3	586	1	582	0.0	635	50.17
Old	WP_150384926.1	41.500	600	334	10	1	586	1	597	0.0	634	62.33
Old	WP_123630249.1	28.571	609	395	10	3	586	2	595	0.0	634	44.33
Old	WP_209821329.1	30.976	594	388	11	3	586	1	582	0.0	633	49.16
Old	WP_259048231.1	33.895	593	361	9	4	586	3	574	0.0	633	52.61
Old	WP_414912886.1	31.703	593	385	9	3	586	1	582	0.0	633	48.90
Old	HTR40143.1	28.668	593	410	7	3	586	2	590	0.0	632	46.54
Old	WP_280022007.1	28.141	597	411	9	3	586	2	593	0.0	631	46.06
Old	WP_259536587.1	29.381	565	388	7	3	561	2	561	0.0	631	47.43
Old	EGM5970515.1	35.038	528	334	7	63	586	1	523	0.0	630	57.58
Old	HBO8958903.1	38.462	507	306	4	1	505	1	503	0.0	629	60.16
Old	WP_282511066.1	29.630	594	396	11	3	586	1	582	0.0	628	49.16
Old	WP_101302171.1	31.419	592	392	9	3	586	2	587	0.0	628	51.86
Old	WP_354516607.1	26.633	597	415	8	3	586	2	588	0.0	627	45.90
Old	MBK9497780.1	30.420	595	399	7	3	586	2	592	0.0	627	49.08
Old	TCG06676.1	28.020	596	403	12	3	586	1	582	0.0	626	48.15
Old	WP_410852891.1	30.705	596	387	12	3	586	1	582	0.0	625	47.82
Old	WP_212023870.1	30.756	595	388	10	3	586	1	582	0.0	624	49.41
Old	WP_090020268.1	33.836	597	377	10	3	586	2	593	0.0	623	50.92
Old	WP_217965519.1	30.252	595	392	9	3	586	1	583	0.0	622	49.75
Old	MBR2308132.1	32.197	528	337	5	4	522	9	524	0.0	622	50.76
Old	WP_408943765.1	33.390	593	384	9	1	586	1	589	0.0	621	53.29
Old	WP_254432047.1	28.525	610	397	14	3	586	2	598	0.0	621	47.05
Old	WP_229082543.1	30.756	595	389	9	3	586	1	583	0.0	621	48.07
Old	WP_110669928.1	33.616	589	380	9	5	586	5	589	0.0	621	53.82
Old	WP_071653812.1	30.201	596	391	10	3	586	1	583	0.0	621	48.15
Old	WP_395277465.1	31.472	591	388	12	3	586	2	582	0.0	620	53.30
Old	WP_371170429.1	30.887	586	396	6	5	584	4	586	0.0	619	50.85
Old	WP_307688139.1	31.765	595	383	9	3	586	25	607	0.0	616	50.25
Old	WP_081269827.1	33.389	596	371	12	3	586	1	582	0.0	615	51.01
Old	WP_105091866.1	28.739	595	400	10	3	586	1	582	0.0	615	48.57
Old	WP_189446015.1	34.233	593	379	9	1	586	1	589	0.0	614	53.46
Old	WP_213569273.1	29.899	592	395	9	3	585	1	581	0.0	613	48.48
Old	WP_259165676.1	32.941	595	366	10	4	586	3	576	0.0	613	51.09
Old	MFB8830660.1	36.183	503	309	7	88	586	2	496	0.0	612	54.87
Old	WP_094563534.1	29.748	595	395	9	3	586	1	583	0.0	610	47.90
Old	MEX2477634.1	30.860	593	394	6	3	586	2	587	0.0	610	51.43
Old	WP_166138068.1	43.771	594	321	7	1	586	1	589	0.0	609	62.79
Old	WP_174348859.1	40.830	578	325	11	23	586	1	575	0.0	608	60.38
Old	WP_263205483.1	42.563	437	245	4	1	435	1	433	0.0	606	61.56
Old	WP_298206749.1	30.887	586	392	7	10	586	3	584	0.0	606	49.83
Old	WP_386602453.1	19.013	689	434	15	2	576	7	685	0.0	606	38.03
Old	WP_374321271.1	29.392	592	399	10	3	586	2	582	0.0	606	47.13
Old	WP_349425247.1	42.450	596	330	9	1	586	1	593	0.0	601	62.25
Old	WP_305236641.1	29.932	588	395	11	3	586	1	575	0.0	600	48.30
Old	WP_150568581.1	29.268	574	382	13	24	586	8	568	0.0	600	48.26
Old	MBO7501166.1	27.656	593	411	11	3	586	1	584	0.0	599	49.58
Old	WP_374012990.1	31.579	589	387	10	3	586	1	578	0.0	599	48.73
Old	MFA6192038.1	33.010	515	331	8	75	586	2	505	0.0	598	53.59
Old	WP_018126159.1	26.981	593	413	10	3	585	2	584	0.0	598	47.05
Old	WP_385528691.1	18.169	688	439	15	3	576	1	678	0.0	595	36.77
Old	WP_194292014.1	18.578	689	437	15	2	576	7	685	0.0	595	37.16
Old	WP_371792467.1	18.605	688	436	15	3	576	1	678	0.0	595	37.65
Old	EJH5672085.1	99.778	450	1	0	1	450	1	450	0.0	594	99.78
Old	WP_291372406.1	42.929	594	327	6	1	586	1	590	0.0	593	62.96
Old	WP_078640477.1	18.605	688	436	15	3	576	1	678	0.0	593	38.08
Old	WP_191731414.1	30.682	528	357	6	61	585	25	546	0.0	593	48.67
Old	WP_360669893.1	19.270	685	429	16	3	573	1	675	0.0	593	37.37
Old	WP_082493060.1	28.741	588	403	11	3	586	1	576	0.0	593	48.98
Old	WP_383732385.1	18.978	685	431	15	3	573	1	675	0.0	592	37.23
Old	WP_347211425.1	19.477	688	430	17	3	576	1	678	0.0	592	36.19
Old	WP_180106229.1	45.210	595	311	7	1	586	1	589	0.0	590	64.03
Old	WP_416027656.1	29.848	593	397	8	3	586	1	583	0.0	590	46.21
Old	MBR2074324.1	30.093	535	350	7	62	586	1	521	0.0	589	48.97
Old	WP_388279106.1	18.578	689	437	15	2	576	7	685	0.0	589	37.30
Old	HAH2816644.1	100.000	514	0	0	73	586	1	514	0.0	588	100.00
Old	WP_406154599.1	18.314	688	438	15	3	576	1	678	0.0	588	36.34
Old	WP_219808602.1	75.967	491	112	2	1	485	1	491	0.0	587	86.56
Old	WP_382078002.1	19.075	692	433	14	2	576	25	706	0.0	586	36.71
Old	WP_329134032.1	18.723	689	436	15	2	576	7	685	0.0	586	37.45
Old	WP_383673431.1	19.767	688	425	15	3	574	1	677	0.0	585	37.06
Old	WP_359480364.1	19.214	687	433	17	3	576	1	678	0.0	584	36.68
Old	WP_378108552.1	82.688	491	85	0	1	491	1	491	0.0	584	90.84
Old	WP_355217802.1	18.023	688	440	15	3	576	1	678	0.0	583	37.94
Old	WP_252695129.1	28.067	595	403	12	3	586	1	581	0.0	583	48.57
Old	WP_083468501.1	31.017	590	390	11	1	586	1	577	0.0	583	47.80
Old	WP_151833060.1	29.868	529	362	6	60	585	1	523	0.0	583	48.39
Old	WP_157848330.1	19.767	688	425	13	3	574	1	677	0.0	582	36.92
Old	WP_075987951.1	18.300	694	442	17	3	582	1	683	0.0	582	36.89
Old	WP_060943253.1	18.459	688	435	16	3	576	1	676	0.0	581	36.92
Old	WP_131316121.1	44.013	593	319	7	1	586	1	587	0.0	579	63.07
Old	WP_358527923.1	19.767	688	425	13	2	573	144	820	0.0	578	37.50
Old	WP_095472480.1	37.083	480	287	7	3	474	2	474	0.0	578	55.00
Old	WP_284135986.1	34.051	511	318	9	80	586	2	497	0.0	578	53.03
Old	WP_359826060.1	18.777	687	435	16	3	576	1	677	0.0	578	36.24
Old	HSQ42130.1	30.962	520	344	8	1	510	1	515	0.0	577	50.96
Old	SNS87801.1	32.397	463	309	3	126	586	3	463	0.0	576	52.48
Old	BET09383.1	31.250	480	322	5	113	586	2	479	0.0	575	50.21
Old	WP_326593101.1	19.006	684	430	16	3	572	1	674	0.0	575	37.87
Old	MDE5099604.1	33.400	497	317	11	97	586	2	491	0.0	575	54.53
Old	WP_244673287.1	35.745	470	294	6	120	586	7	471	0.0	575	57.23
Old	WP_392844621.1	18.394	685	435	16	3	573	1	675	0.0	574	36.93
Old	HCL9716807.1	43.602	422	233	4	1	420	1	419	0.0	573	63.98
Old	WP_197480277.1	42.081	442	251	3	1	441	1	438	0.0	571	63.57
Old	WP_387791593.1	18.786	692	434	16	3	576	1	682	0.0	571	37.86
Old	MAX23603.1	19.605	709	426	14	3	578	6	703	0.0	569	39.35
Old	HBA9915391.1	34.120	466	299	6	124	586	1	461	0.0	569	56.65
Old	WP_365145888.1	18.023	688	440	16	3	576	1	678	0.0	569	36.19
Old	WP_355618541.1	19.505	687	426	12	3	573	1	676	0.0	569	36.24
Old	WP_359793844.1	20.058	688	427	16	3	578	1	677	0.0	568	38.66
Old	WP_003991459.1	17.681	690	442	14	3	576	1	680	0.0	567	36.38
Old	WP_359783328.1	20.058	688	427	16	3	578	1	677	0.0	567	38.23
Old	RLT09088.1	31.589	535	346	8	65	586	3	530	0.0	566	49.53
Old	WP_150788722.1	42.757	428	240	3	1	427	1	424	0.0	565	65.19
Old	WP_361621352.1	18.578	689	437	16	2	576	7	685	0.0	565	37.45
Old	WP_381650702.1	18.275	684	435	14	3	572	1	674	0.0	564	36.11
Old	MCG2784377.1	17.887	710	437	15	3	578	1	698	0.0	564	37.04
Old	WP_237742201.1	32.623	469	306	6	3	465	2	466	0.0	563	51.17
Old	WP_165845657.1	19.795	682	424	16	9	578	2	672	0.0	563	37.39
Old	WP_079054231.1	18.116	690	439	16	3	576	1	680	0.0	563	35.94
Old	HEP8072739.1	34.151	489	313	6	100	585	1	483	0.0	562	54.40
Old	WP_407252593.1	46.135	414	218	4	1	412	1	411	0.0	560	66.18
Old	WP_266621198.1	17.587	688	443	18	3	576	1	678	0.0	560	35.03
Old	WP_390545640.1	18.978	685	432	16	3	575	1	674	0.0	560	37.23
Old	WP_217574505.1	17.536	690	443	15	3	576	1	680	0.0	559	36.38
Old	MEG1313785.1	42.301	591	323	7	6	586	8	590	0.0	559	63.79
Old	MEW6532042.1	20.057	698	426	15	3	579	1	687	0.0	558	37.25
Old	NPV54136.1	20.000	695	429	15	5	579	15	702	0.0	558	37.27
Old	WP_249834857.1	20.029	694	429	16	3	581	1	683	0.0	557	37.46
Old	WP_288408305.1	30.567	494	334	6	95	585	2	489	0.0	557	47.57
Old	WP_358377452.1	18.459	688	437	16	3	576	1	678	0.0	556	36.92
Old	WP_297927833.1	17.066	709	444	15	3	578	1	698	0.0	556	37.80
Old	WP_347119556.1	18.578	689	436	18	2	576	7	684	0.0	556	36.14
Old	MBK6779475.1	17.772	709	439	17	3	578	4	701	0.0	556	37.38
Old	WP_371587696.1	18.750	688	432	16	3	574	1	677	0.0	555	35.90
Old	WP_402498674.1	19.767	688	429	18	3	578	1	677	0.0	555	38.08
Old	MBE3705209.1	31.875	480	310	8	111	586	4	470	0.0	554	53.12
Old	WP_143052000.1	18.459	688	437	16	3	576	1	678	0.0	554	36.34
Old	WP_367552812.1	18.540	685	435	16	3	575	1	674	0.0	554	37.23
Old	WP_151788507.1	32.155	594	378	11	5	586	4	584	0.0	554	48.65
Old	MEQ1600093.1	31.496	508	332	8	3	504	1	498	0.0	551	53.15
Old	WP_355083744.1	19.796	687	426	13	2	573	28	704	0.0	550	37.12
Old	MFB3920515.1	19.828	696	432	17	3	580	1	688	0.0	549	39.66
Old	HNP84384.1	17.887	710	437	17	3	578	1	698	0.0	549	37.04
Old	WP_160454602.1	100.000	458	0	0	38	495	1	458	0.0	548	100.00
Old	MTI85325.1	19.192	693	438	14	3	580	1	686	0.0	548	37.95
Old	WP_224740442.1	18.143	700	444	16	2	583	10	698	0.0	547	36.71
Old	WP_363044977.1	21.168	548	350	11	2	477	24	561	0.0	546	40.51
Old	WP_200421738.1	18.433	689	435	17	2	574	5	682	0.0	546	37.01
Old	WP_359332255.1	20.058	688	423	20	3	574	1	677	0.0	544	36.63
Old	MEZ8273263.1	33.333	468	303	7	120	585	8	468	0.0	544	51.71
Old	WP_328922249.1	18.605	688	433	17	3	574	1	677	0.0	544	37.35
Old	WP_139216354.1	17.982	684	437	14	3	572	7	680	0.0	544	35.67
Old	WP_237141771.1	26.604	530	378	7	63	586	14	538	0.0	543	45.28
Old	WP_402239522.1	16.957	690	449	15	3	578	1	680	0.0	542	36.09
Old	WP_406293262.1	39.912	456	268	4	1	454	1	452	0.0	542	60.53
Old	HOG59376.1	18.618	709	433	15	3	578	1	698	0.0	542	37.38
Old	MBK7208525.1	19.082	697	433	16	3	578	1	687	0.0	541	35.87
Old	MFH1212907.1	20.520	692	428	13	3	580	1	684	0.0	540	39.45
Old	WP_358933891.1	19.562	685	422	16	2	569	5	677	0.0	539	38.39
Old	WP_079046069.1	21.641	707	420	17	3	585	1	697	0.0	538	37.91
Old	WP_351408203.1	18.750	688	432	16	3	574	1	677	0.0	538	37.35
Old	KQO41651.1	32.059	471	308	7	3	465	25	491	0.0	537	52.02
Old	AIL06606.1	35.000	440	277	6	150	586	1	434	0.0	536	56.59
Old	ESW59248.1	32.289	415	279	2	126	538	3	417	0.0	536	52.77
Old	OZI80146.1	32.118	439	294	3	150	586	1	437	0.0	531	51.03
Old	NKX42084.1	31.887	461	309	4	129	586	2	460	0.0	531	52.49
Old	WP_242507616.1	80.288	416	79	1	1	413	1	416	0.0	529	89.42
Old	WP_175499167.1	34.211	418	273	1	3	418	2	419	0.0	528	54.78
Old	ULA67011.1	17.143	700	446	16	3	578	1	690	1.20e-180	537	36.86
Old	WP_280304557.1	34.773	440	278	6	150	586	1	434	2.33e-180	526	56.14
Old	WP_354342156.1	19.253	696	436	16	3	581	1	687	3.18e-180	536	35.63
Old	MDR3571713.1	20.665	692	425	18	3	579	1	683	3.70e-180	535	36.71
Old	WP_380683852.1	19.737	684	426	21	2	573	8	680	4.40e-180	535	37.43
Old	WP_333482703.1	35.225	423	263	6	167	586	33	447	8.63e-180	525	57.21
Old	MBI2907415.1	17.232	708	444	14	3	578	1	698	9.01e-180	535	37.29
Old	MBL7188543.1	19.597	694	431	15	3	579	1	684	9.60e-180	534	40.35
Old	WP_151829968.1	33.333	447	293	3	33	477	1	444	1.16e-179	524	51.68
Old	WP_296200968.1	17.919	692	446	15	3	581	1	683	1.29e-179	534	34.97
Old	WP_100240489.1	45.732	492	258	4	1	487	1	488	4.85e-179	525	66.67
Old	MDY0083307.1	42.507	367	202	4	1	361	1	364	9.64e-179	519	60.49
Old	WP_004577684.1	32.727	440	286	6	3	436	2	437	1.06e-178	522	51.59
Old	WP_296916918.1	19.281	695	432	14	3	579	1	684	2.04e-178	531	37.70
Old	WP_018963775.1	22.003	609	435	13	3	579	1	601	2.12e-178	528	44.83
Old	WP_316679542.1	18.064	692	443	17	3	579	1	683	2.47e-178	531	36.13
Old	MCC6741975.1	17.908	698	441	17	3	578	1	688	2.72e-178	531	35.96
Old	WP_409195277.1	18.455	699	438	17	3	581	1	687	6.75e-178	529	36.48
Old	WP_263179625.1	38.861	404	240	5	82	482	1	400	1.96e-177	517	58.66
Old	MBX3495002.1	17.836	684	439	15	3	572	1	675	3.92e-177	527	36.26
Old	WP_373258532.1	20.381	682	422	15	3	572	1	673	4.41e-177	527	37.83
Old	WP_235796655.1	18.023	688	438	16	3	575	1	677	5.63e-177	528	35.47
Old	MBX7135149.1	19.253	696	432	15	3	579	1	685	1.48e-176	526	37.36
Old	EAO6312579.1	38.187	364	221	2	3	362	2	365	1.91e-176	514	56.87
Old	WP_272740956.1	19.913	693	432	16	3	581	1	684	2.15e-176	526	35.79
Old	WP_012397798.1	20.725	690	417	14	3	578	1	674	2.39e-176	525	38.70
Old	WP_110125592.1	19.409	711	436	17	3	584	1	703	3.70e-176	525	37.41
Old	WP_159058569.1	18.895	688	432	19	3	575	1	677	8.18e-176	525	36.05
Old	MBR4398514.1	35.648	432	253	5	2	420	5	424	1.12e-175	514	53.94
Old	WP_013826733.1	20.174	689	432	14	3	581	1	681	2.10e-175	523	38.61
Old	MDZ4696862.1	17.366	691	446	14	3	576	1	683	2.82e-175	523	36.18
Old	CAK8722034.1	20.317	694	425	16	3	579	1	683	3.05e-175	523	38.90
Old	MEZ5898514.1	18.931	692	439	15	3	581	1	683	3.52e-175	522	35.84
Old	HMO04375.1	20.029	694	432	15	3	581	1	686	4.41e-175	522	39.48
Old	WP_317612730.1	19.164	694	436	15	2	578	12	697	5.60e-175	524	35.88
Old	WP_368800827.1	20.839	691	415	15	3	578	1	674	7.11e-175	521	38.21
Old	HCF3932990.1	33.958	427	273	6	162	585	8	428	8.38e-175	512	55.27
Old	WP_301512331.1	18.705	695	441	18	3	581	1	687	8.94e-175	521	35.97
Old	OAK60172.1	32.210	534	336	12	65	586	3	522	2.27e-174	514	49.81
Old	WP_345670661.1	18.433	651	409	15	3	541	1	641	2.41e-174	519	36.71
Old	WP_134408896.1	20.576	695	420	16	3	578	1	682	2.81e-174	521	37.70
Old	WP_369311547.1	18.208	692	444	19	3	581	1	683	5.90e-174	519	35.55
Old	WP_343787236.1	19.568	695	432	19	3	581	1	684	7.17e-174	519	35.54
Old	WP_381589091.1	22.286	525	326	11	4	456	9	523	1.26e-173	513	40.76
Old	WP_374964560.1	26.829	492	343	8	107	586	2	488	2.66e-173	510	45.12
Old	MCS6325949.1	17.847	706	442	17	3	578	1	698	2.81e-173	519	37.68
Old	WP_296471226.1	19.540	696	434	16	3	581	1	687	3.12e-173	518	36.64
Old	WP_148914198.1	19.020	694	436	14	3	579	1	685	8.92e-173	516	36.46
Old	MBU2487006.1	19.416	685	422	17	3	569	1	673	1.03e-172	516	36.20
Old	MBX3219219.1	21.376	683	423	13	3	579	1	675	1.36e-172	516	38.95
Old	MFH7245423.1	21.387	692	420	16	3	579	1	683	3.07e-172	515	39.88
Old	WP_211749811.1	19.798	692	430	14	6	580	3	686	3.24e-172	515	37.72
Old	WP_096058923.1	22.173	672	421	16	3	585	1	659	5.07e-172	513	39.73
Old	EOK5644940.1	98.895	362	4	0	1	362	1	362	5.97e-172	502	99.72
Old	WP_004893417.1	21.324	680	404	18	3	562	1	669	1.14e-171	514	38.68
Old	WP_387235161.1	19.537	691	439	17	3	583	1	684	1.93e-171	513	37.48
Old	WP_199141150.1	41.351	370	212	4	1	368	1	367	2.00e-171	501	61.89
Old	WP_143400916.1	20.695	691	421	14	3	572	1	685	3.16e-171	513	37.77
Old	WP_051253583.1	19.392	691	433	15	6	580	3	685	3.52e-171	512	37.77
Old	WP_090626468.1	20.000	710	430	14	3	580	1	704	4.26e-171	513	37.04
Old	MBS1649953.1	19.858	705	432	13	3	580	1	699	4.57e-171	512	36.45
Old	OEU43017.1	19.886	704	427	15	3	581	1	692	4.83e-171	514	37.22
Old	WP_267982191.1	21.053	684	411	16	3	567	1	674	5.31e-171	512	38.89
Old	WP_211712428.1	19.857	700	430	14	3	578	1	693	8.48e-171	512	37.14
Old	MCR6655060.1	38.035	397	234	4	3	390	2	395	8.52e-171	501	55.42
Old	WP_286610983.1	34.773	440	278	6	150	586	1	434	8.55e-171	501	54.77
Old	KUO69570.1	18.524	691	440	17	3	579	1	682	8.78e-171	511	35.89
Old	WP_155395762.1	20.228	702	424	13	3	579	1	691	1.03e-170	513	36.61
Old	WP_301382777.1	19.308	694	435	15	3	581	1	684	1.06e-170	511	38.33
Old	WP_355708608.1	16.618	692	448	16	3	576	1	681	1.94e-170	511	35.12
Old	NOZ86215.1	19.712	695	430	17	3	580	1	684	2.01e-170	511	37.99
Old	OFZ36010.1	20.730	685	413	16	3	570	1	672	3.49e-170	509	37.96
Old	WP_224537023.1	31.628	430	284	6	3	426	2	427	4.32e-170	499	53.02
Old	HXX43562.1	17.435	694	449	15	3	579	1	687	5.34e-170	509	38.18
Old	WP_131359195.1	28.827	503	340	9	95	586	2	497	5.38e-170	502	45.92
Old	WP_224379455.1	46.814	361	187	4	1	359	1	358	1.28e-169	496	66.76
Old	WP_017400203.1	21.022	685	412	17	3	568	1	675	2.38e-169	508	38.54
Old	WP_167047005.1	20.626	703	425	18	3	580	1	695	2.55e-169	508	36.27
Old	WP_073124695.1	21.326	694	413	14	3	572	1	685	3.98e-169	507	37.61
Old	WNB89205.1	22.928	567	349	12	3	496	1	552	5.33e-169	502	41.27
Old	MCR6642407.1	19.068	708	437	15	3	580	1	702	5.34e-169	507	36.16
Old	MBI4721337.1	19.542	655	404	14	3	543	1	646	6.51e-169	504	37.86
Old	WP_213290537.1	19.303	689	435	15	3	579	1	680	6.91e-169	506	37.16
Old	WP_334146237.1	18.876	694	438	17	3	581	1	684	9.74e-169	506	36.17
Old	WP_005061773.1	21.574	686	407	18	3	568	1	675	2.14e-168	505	38.63
Old	PHS16416.1	17.472	704	447	17	3	581	1	695	2.47e-168	505	35.37
Old	WP_233363508.1	42.077	366	205	4	1	365	1	360	2.86e-168	492	62.30
Old	MFN7779864.1	19.308	694	436	16	3	581	1	685	4.63e-168	504	36.60
Old	WP_176669052.1	18.247	696	443	20	3	581	1	687	5.16e-168	504	35.49
Old	MFN8323429.1	19.828	696	421	11	3	567	1	690	5.41e-168	505	36.49
Old	WP_322805629.1	23.422	602	423	17	3	586	2	583	6.07e-168	500	43.36
Old	WP_269405477.1	17.511	691	451	15	6	584	2	685	6.69e-168	504	36.03
Old	WP_387667291.1	16.981	689	448	18	3	576	1	680	7.59e-168	504	35.41
Old	WP_209198905.1	20.000	700	430	15	3	581	1	691	8.24e-168	504	36.71
Old	MDZ4657008.1	17.486	692	445	15	3	577	1	683	9.71e-168	504	37.14
Old	WP_413769093.1	20.000	690	426	19	2	574	12	692	1.12e-167	505	36.23
Old	WP_247859684.1	99.771	437	1	0	150	586	1	437	1.49e-167	493	99.77
Old	WP_173973006.1	19.068	708	437	14	3	580	1	702	1.55e-167	504	36.02
Old	MES2394855.1	19.972	711	430	14	3	580	1	705	1.56e-167	504	36.85
Old	MFT6660682.1	18.284	711	443	18	3	584	1	702	1.83e-167	503	35.02
Old	MEO7863211.1	17.816	696	446	16	3	580	1	688	1.93e-167	503	36.93
Old	WP_411719860.1	18.876	694	435	16	2	577	51	734	2.29e-167	506	35.59
Old	MDG7000326.1	18.678	696	438	17	3	578	1	688	2.47e-167	503	36.64
Old	USX15024.1	18.470	693	440	18	3	579	1	684	2.62e-167	502	36.22
Old	WP_197955475.1	18.524	691	442	17	3	581	1	682	3.64e-167	502	35.60
Old	CAK2883133.1	35.840	399	248	4	189	586	17	408	4.01e-167	491	57.64
Old	MES9951067.1	18.973	701	435	16	3	579	1	692	4.21e-167	502	36.23
Old	MDQ3058833.1	18.786	692	439	16	3	579	1	684	5.69e-167	502	40.32
Old	MBX2887470.1	19.291	705	436	16	3	580	1	699	6.70e-167	502	35.32
Old	MFM9966547.1	17.511	691	446	17	3	577	1	683	7.04e-167	501	37.05
Old	MCB5284953.1	40.250	400	234	3	1	398	1	397	1.96e-166	490	59.25
Old	WP_272977192.1	46.726	336	174	3	1	335	1	332	2.05e-166	487	63.10
Old	WP_323753549.1	31.395	430	279	7	160	586	5	421	2.79e-166	489	53.49
Old	MCA8891102.1	17.605	693	448	16	3	581	1	684	3.36e-166	500	35.06
Old	GBE29127.1	17.514	708	442	15	3	578	6	703	3.42e-166	501	36.44
Old	WP_104255196.1	19.068	687	431	18	3	574	1	677	3.89e-166	499	37.55
Old	MDD5026449.1	19.164	694	439	14	3	581	1	687	4.26e-166	499	37.46
Old	WP_229149313.1	17.781	703	443	16	3	579	1	694	6.85e-166	499	34.42
Old	HAN9210193.1	45.272	349	187	3	1	348	1	346	8.25e-166	485	65.62
Old	WP_168199725.1	18.077	697	432	15	3	573	1	684	9.52e-166	499	35.87
Old	WP_409139835.1	21.460	685	409	17	3	568	1	675	1.14e-165	498	39.27
Old	WP_151690591.1	21.314	685	408	18	3	567	1	674	1.14e-165	498	38.10
Old	MBK8126950.1	20.790	582	374	13	3	507	1	572	1.43e-165	494	38.66
Old	WP_137749299.1	19.741	694	430	15	3	579	1	684	1.67e-165	498	39.34
Old	WP_104311618.1	18.713	684	426	15	3	572	1	668	1.97e-165	497	38.16
Old	WP_265761364.1	21.137	686	412	16	3	569	1	676	2.66e-165	497	38.05
Old	HBS0985085.1	79.576	377	74	1	1	374	1	377	3.21e-165	485	89.92
Old	WP_254146268.1	17.316	693	448	17	3	579	19	702	4.26e-165	497	34.20
Old	WP_159087338.1	20.260	691	419	15	3	578	1	674	7.56e-165	496	38.06
Old	MBN8740409.1	18.300	694	443	16	3	581	1	685	8.85e-165	496	34.15
Old	WP_014958055.1	20.033	599	387	13	3	521	1	587	9.74e-165	492	39.90
Old	WP_256881865.1	19.565	690	425	17	3	578	1	674	2.41e-164	494	37.97
Old	WP_273778658.1	21.720	686	408	17	3	570	1	675	3.08e-164	494	38.78
Old	WP_244011762.1	18.534	696	441	16	3	581	1	687	3.43e-164	495	36.35
Old	WP_225506423.1	36.176	387	236	6	203	586	2	380	4.90e-164	482	55.56
Old	WP_224373751.1	45.040	373	200	4	17	387	1	370	8.43e-164	481	64.61
Old	WP_126645342.1	21.355	679	405	16	3	562	1	669	1.70e-163	493	39.32
Old	WP_314096007.1	19.505	687	434	20	3	578	1	679	2.10e-163	492	35.66
Old	WP_175840272.1	18.968	601	395	14	3	524	1	588	3.14e-163	488	39.27
Old	WP_292755872.1	18.052	698	443	19	3	583	1	686	3.30e-163	492	37.54
Old	WP_005820507.1	19.900	598	391	13	3	524	1	586	4.03e-163	487	39.97
Old	WP_131905713.1	20.268	597	384	13	3	519	1	585	4.44e-163	488	39.87
Old	EPJ45124.1	20.938	597	382	14	3	522	1	584	4.84e-163	487	41.04
Old	WP_180179180.1	20.961	687	414	16	3	570	1	677	5.64e-163	491	38.28
Old	MDC0267764.1	18.561	695	434	15	3	577	1	683	5.73e-163	492	36.83
Old	WP_107687092.1	20.134	596	390	13	3	524	1	584	5.89e-163	487	40.94
Old	WP_265148382.1	19.000	700	440	15	2	583	12	702	6.48e-163	493	34.57
Old	WP_221068709.1	20.774	698	425	17	3	581	1	689	8.54e-163	492	40.40
Old	ROO36387.1	28.571	441	306	7	150	586	1	436	1.12e-162	481	46.49
Old	WP_075188184.1	19.634	601	391	13	3	524	1	588	1.46e-162	486	39.43
Old	WP_295466216.1	37.310	394	238	6	196	586	1	388	1.70e-162	479	58.88
Old	WP_325800171.1	18.136	601	400	13	3	524	1	588	2.33e-162	486	37.10
Old	WP_329495659.1	20.534	599	386	15	3	524	1	586	3.10e-162	485	37.73
Old	MEQ3693215.1	21.124	587	371	13	3	509	1	575	5.56e-162	485	40.72
Old	WP_168384437.1	44.540	467	251	5	124	586	6	468	7.10e-162	480	63.81
Old	WP_110012900.1	19.934	602	388	13	3	523	1	589	7.61e-162	485	37.87
Old	WP_115589925.1	20.067	598	390	13	3	524	1	586	9.06e-162	484	40.47
Old	WP_265700257.1	20.938	597	385	13	3	524	29	613	9.50e-162	485	40.03
Old	MDU1235144.1	20.470	596	388	13	3	524	1	584	1.01e-161	484	41.44
Old	WP_160097203.1	19.034	704	440	19	3	584	1	696	1.27e-161	489	35.94
Old	WP_049721459.1	19.833	600	389	13	3	523	1	587	1.94e-161	484	39.33
Old	WP_144095648.1	19.054	698	437	18	3	581	1	689	3.16e-161	487	35.24
Old	WP_255158491.1	17.842	695	450	16	3	583	1	688	3.59e-161	487	35.97
Old	WP_119741807.1	18.968	601	393	14	3	522	1	588	3.83e-161	483	38.44
Old	HUW15013.1	23.038	599	424	16	3	584	1	579	4.70e-161	483	44.41
Old	WP_175051334.1	17.045	704	449	14	3	579	1	696	7.16e-161	486	33.38
Old	WP_344714511.1	17.316	693	454	16	3	584	1	685	7.99e-161	485	35.21
Old	WP_408512340.1	17.960	696	443	18	3	581	1	685	8.73e-161	486	35.20
Old	WP_315851226.1	20.405	691	419	16	13	581	25	706	8.80e-161	487	37.63
Old	WP_057787434.1	19.767	602	391	14	3	525	1	589	1.06e-160	482	38.87
Old	NTH46621.1	18.298	705	442	18	3	584	1	694	1.75e-160	485	33.90
Old	MEK6676509.1	20.617	616	384	12	3	522	1	607	1.84e-160	484	39.12
Old	WP_363576290.1	18.182	693	431	19	3	578	1	674	3.00e-160	484	36.65
Old	WP_238635725.1	35.946	370	226	4	64	425	6	372	3.11e-160	472	54.59
Old	WP_058868845.1	47.981	421	210	4	1	416	1	417	4.93e-160	474	69.12
Old	MBX9810758.1	21.803	610	373	12	8	522	15	615	9.81e-160	482	40.49
Old	MEX2167680.1	18.038	693	440	14	3	577	1	683	9.98e-160	483	37.09
Old	MEM7670513.1	17.451	659	404	15	49	579	1	647	1.42e-159	482	36.72
Old	WP_240783003.1	42.896	366	204	4	47	410	6	368	1.74e-159	470	65.03
Old	AEW77432.1	19.598	597	394	13	2	524	222	806	5.20e-159	485	40.70
Old	MBI3806750.1	21.591	616	378	11	3	522	1	607	5.34e-159	480	40.10
Old	HEJ5776336.1	35.233	386	241	6	203	585	1	380	6.64e-159	469	54.66
Old	WP_129050683.1	19.569	603	393	14	3	526	1	590	6.69e-159	477	38.81
Old	WP_076347002.1	19.444	720	430	15	3	579	1	713	6.95e-159	482	37.64
Old	WP_158726684.1	19.225	697	426	17	3	578	1	681	7.88e-159	481	36.15
Old	MFT4905952.1	20.300	601	387	13	4	524	6	594	8.95e-159	477	40.27
Old	MBI4199406.1	24.664	596	419	11	4	584	3	583	9.58e-159	476	44.46
Old	HUS70471.1	22.742	598	428	13	3	583	1	581	9.65e-159	477	44.15
Old	WP_005192641.1	21.199	684	410	18	3	568	1	673	1.08e-158	480	38.30
Old	WP_160479430.1	18.750	704	432	20	3	583	1	687	1.10e-158	480	36.36
Old	WP_124257480.1	33.962	371	241	3	218	586	1	369	1.23e-158	468	53.91
Old	WP_169251265.1	19.109	696	427	17	3	578	1	680	1.45e-158	480	37.07
Old	WP_099074357.1	20.401	598	387	14	3	524	1	585	1.58e-158	476	39.97
Old	MCG6117962.1	19.435	602	393	14	3	525	1	589	1.61e-158	476	38.54
Old	WP_004176039.1	19.591	684	428	17	3	573	1	675	1.93e-158	480	37.13
Old	WP_114922173.1	20.470	596	388	13	3	524	1	584	2.46e-158	475	40.77
Old	MEI6258468.1	20.847	614	383	11	3	522	1	605	3.31e-158	478	38.93
Old	WP_209682002.1	20.259	696	419	17	3	578	1	680	5.76e-158	479	37.64
Old	MDN5491368.1	38.542	384	226	7	207	586	6	383	6.62e-158	467	56.51
Old	WP_253173985.1	31.796	412	274	5	175	585	3	408	9.48e-158	467	48.30
Old	HAK59528.1	21.591	616	378	11	3	522	2	608	9.67e-158	477	38.96
Old	WP_266072779.1	19.398	598	392	14	3	523	1	585	9.95e-158	474	38.29
Old	WP_114470654.1	18.968	601	395	14	3	524	1	588	1.18e-157	474	38.60
Old	MBV7364217.1	20.917	698	414	17	3	583	1	677	1.29e-157	477	37.68
Old	WP_099615858.1	18.136	601	398	15	3	523	1	587	1.81e-157	473	38.60
Old	WP_005545920.1	19.631	596	393	13	3	524	1	584	3.47e-157	472	40.77
Old	WP_215757785.1	18.833	600	397	13	3	524	1	588	3.70e-157	472	39.00
Old	WP_249451100.1	19.128	596	395	15	3	524	1	583	7.41e-157	472	38.93
Old	WP_316953415.1	19.333	600	394	13	3	524	1	588	9.08e-157	472	37.83
Old	WP_199768351.1	19.900	598	391	13	3	524	1	586	9.92e-157	471	39.30
Old	MEI6071212.1	19.837	615	389	11	3	522	1	606	1.00e-156	474	38.86
Old	WP_011622617.1	19.064	598	394	13	3	523	1	585	1.54e-156	471	38.29
Old	WP_070841213.1	20.000	700	425	18	3	583	1	684	1.63e-156	474	37.14
Old	WP_120430575.1	21.460	685	409	19	3	569	1	674	2.39e-156	474	38.10
Old	MBL4705864.1	17.664	685	431	17	21	581	3	678	3.19e-156	474	35.47
Old	MEA3273819.1	21.018	609	374	12	3	513	1	600	3.45e-156	473	38.26
Old	WP_166788994.1	19.062	661	401	18	3	541	1	649	5.67e-156	472	36.01
Old	OFZ77292.1	22.917	576	354	14	3	501	1	563	8.19e-156	470	41.32
Old	HPJ99214.1	21.442	513	318	12	3	438	1	505	9.27e-156	466	41.33
Old	WP_244084751.1	20.227	618	386	12	3	522	1	609	9.41e-156	472	38.83
Old	HCF2807974.1	33.163	392	245	8	3	384	2	386	1.00e-155	461	51.53
Old	MEE9402530.1	17.763	608	401	16	3	524	1	595	1.00e-155	469	37.83
Old	MFA4974094.1	21.173	614	381	12	3	522	1	605	1.70e-155	471	39.41
Old	MFH1892906.1	21.173	614	381	11	3	522	1	605	1.72e-155	471	38.44
Old	MFM5081785.1	32.908	392	255	6	196	585	1	386	1.96e-155	460	50.77
Old	WP_194367747.1	20.707	594	384	14	3	522	1	581	2.16e-155	468	40.57
Old	WP_300352351.1	22.753	523	366	14	3	517	1	493	2.65e-155	466	40.73
Old	WP_198867026.1	19.167	600	391	15	3	523	1	585	2.67e-155	468	40.83
Old	WP_283385792.1	18.960	596	397	14	3	524	1	584	3.15e-155	467	38.93
Old	NET71479.1	20.569	598	385	17	3	524	1	584	4.17e-155	467	38.13
Old	WP_301371013.1	20.603	597	385	16	3	524	1	583	4.22e-155	467	39.87
Old	WP_194903108.1	19.250	613	401	12	3	529	1	605	6.29e-155	469	38.50
Old	WP_267595769.1	22.719	581	358	13	3	502	1	571	7.34e-155	466	39.76
Old	WP_223890094.1	21.008	595	381	15	3	522	1	581	7.83e-155	466	39.50
Old	WP_172802622.1	20.563	710	412	18	3	578	1	692	8.64e-155	471	37.46
Old	HKS81115.1	23.649	592	421	14	4	585	3	573	1.32e-154	465	43.75
Old	MBV7431952.1	19.828	696	425	19	3	583	1	678	1.37e-154	470	34.91
Old	WP_209297258.1	19.565	598	393	14	3	524	31	616	2.44e-154	466	39.30
Old	MCL2594136.1	18.958	691	430	16	3	578	1	676	2.88e-154	469	35.60
Old	MDF0675069.1	20.228	613	387	11	3	522	1	604	2.89e-154	468	39.48
Old	MBD1208903.1	20.398	603	385	14	3	524	1	589	3.34e-154	465	39.80
Old	WP_078395238.1	18.689	717	428	15	3	580	1	701	3.84e-154	469	34.31
Old	WP_108480879.1	21.881	553	393	15	3	548	1	521	5.34e-154	462	39.24
Old	HWQ90459.1	20.228	613	385	12	3	520	1	604	6.08e-154	467	38.17
Old	WP_140998363.1	19.640	555	394	14	3	534	1	526	6.73e-154	463	38.56
Old	MBK9963540.1	22.575	598	430	13	4	585	3	583	8.85e-154	464	42.81
Old	WP_336153142.1	36.723	354	219	3	3	354	2	352	9.66e-154	455	55.37
Old	MEX5217144.1	21.626	615	378	12	3	522	1	606	1.25e-153	464	39.67
Old	MFO8089101.1	21.753	616	377	13	3	522	1	607	1.89e-153	466	38.80
Old	HDS4830653.1	19.444	540	355	12	3	474	1	528	2.02e-153	461	39.44
Old	WP_306722726.1	21.364	660	388	17	28	567	1	649	2.20e-153	466	38.64
Old	MDH3998096.1	20.033	599	388	14	3	523	1	586	3.39e-153	462	38.40
Old	WP_382046384.1	17.836	499	347	12	131	576	2	490	3.61e-153	460	40.08
Old	MBV6468125.1	22.910	598	431	11	5	586	4	587	3.86e-153	462	41.30
Old	MBW2165975.1	21.242	612	378	14	3	521	1	601	4.52e-153	464	40.20
Old	WP_299893290.1	20.707	594	384	14	3	522	1	581	5.13e-153	462	40.24
Old	WP_119222262.1	20.973	596	385	14	3	524	1	584	5.24e-153	462	40.60
Old	WP_122210002.1	22.160	537	384	12	3	534	1	508	8.77e-153	459	40.04
Old	WP_057431982.1	22.346	537	383	12	3	534	1	508	9.88e-153	459	40.97
Old	WP_015906244.1	21.113	611	378	15	3	520	1	600	1.70e-152	463	38.95
Old	WP_256596037.1	75.286	437	108	0	150	586	1	437	1.75e-152	455	86.04
Old	WP_045198394.1	22.124	565	397	16	3	557	1	532	1.76e-152	459	39.29
Old	WP_311090610.1	22.449	539	382	13	3	534	1	510	2.43e-152	458	39.52
Old	EHS1223265.1	32.124	386	246	7	204	586	1	373	3.67e-152	452	52.59
Old	WP_237352392.1	41.463	328	186	3	1	328	1	322	4.42e-152	450	62.50
Old	MCP4614099.1	18.182	605	398	16	3	523	1	592	1.74e-151	458	38.35
Old	WP_047691078.1	22.368	532	374	14	3	524	1	503	2.20e-151	456	40.23
Old	NQU21244.1	17.406	609	402	16	3	524	1	595	2.80e-151	458	35.63
Old	TRZ76374.1	20.388	618	383	15	3	522	1	607	3.13e-151	460	39.16
Old	WP_409662090.1	23.077	533	366	14	3	521	1	503	3.15e-151	456	40.15
Old	TAH22703.1	20.538	706	425	18	3	580	1	698	3.48e-151	462	37.54
Old	MCB2186116.1	20.455	616	385	12	3	522	1	607	4.46e-151	459	38.96
Old	MCH8062770.1	21.273	644	426	12	3	579	1	630	1.03e-150	458	40.68
Old	MBP7070540.1	20.065	613	387	15	3	522	1	603	1.05e-150	459	38.34
Old	WP_321349468.1	21.429	532	381	13	3	525	1	504	1.92e-150	454	41.17
Old	WP_138682347.1	19.732	598	392	14	3	524	1	586	2.28e-150	455	40.80
Old	MDD4382961.1	18.905	603	393	18	3	522	1	590	2.29e-150	455	37.98
Old	ACU07552.1	20.683	556	387	15	3	534	1	526	2.81e-150	454	38.31
Old	WP_285355441.1	22.137	524	373	12	3	520	1	495	4.43e-150	452	39.89
Old	MCP4651519.1	21.956	542	383	14	3	536	1	510	5.21e-150	452	39.48
Old	WP_125350703.1	20.901	555	387	13	3	534	1	526	1.35e-149	452	38.02
Old	MEK7600310.1	21.572	547	384	14	3	534	1	517	1.58e-149	451	40.95
Old	MBU4178164.1	20.881	613	382	12	3	522	1	603	2.03e-149	456	38.50
Old	HAJ57556.1	20.398	603	385	16	3	522	1	591	2.43e-149	453	39.14
Old	MBS1753074.1	21.910	534	374	13	3	522	1	505	3.02e-149	451	39.51
Old	WP_262245437.1	20.165	605	388	15	3	524	1	593	3.91e-149	452	39.50
Old	MCB9245693.1	21.982	555	381	13	3	534	1	526	4.00e-149	450	38.38
Old	WP_060532477.1	22.368	532	374	14	3	524	1	503	5.54e-149	450	41.17
Old	MBI4548381.1	20.129	621	390	13	3	528	1	610	5.77e-149	454	38.97
Old	MDA3843980.1	20.167	600	389	13	3	524	1	588	7.68e-149	451	40.17
Old	PKQ26637.1	17.664	702	429	15	3	573	11	694	8.15e-149	455	33.62
Old	MDD5139421.1	19.675	615	390	11	3	522	1	606	8.70e-149	454	38.54
Old	WP_348588102.1	22.078	539	384	14	3	534	1	510	9.12e-149	449	39.89
Old	HQT82457.1	22.288	507	317	12	3	445	1	494	1.73e-148	447	41.81
Old	TET45506.1	22.798	579	409	12	3	561	9	569	1.74e-148	450	44.39
Old	MBW1612596.1	17.570	609	400	15	3	522	1	596	2.02e-148	450	37.11
Old	MES2804078.1	22.662	556	376	15	3	534	1	526	2.07e-148	449	38.13
Old	MEQ8360043.1	18.361	610	395	16	3	522	1	597	2.29e-148	450	37.70
Old	WP_368485115.1	22.222	522	370	13	3	517	1	493	2.42e-148	448	42.34
Old	PJB28829.1	22.959	588	426	12	14	586	13	588	2.94e-148	450	42.86
Old	HQB66012.1	34.718	337	215	4	220	553	2	336	3.19e-148	440	55.19
Old	WP_330904271.1	31.956	363	241	5	227	586	1	360	4.07e-148	441	52.34
Old	WP_228141291.1	22.598	562	348	16	3	488	1	551	4.82e-148	448	41.46
Old	WP_294896228.1	22.659	534	373	13	3	525	1	505	5.33e-148	448	41.39
Old	WP_407899056.1	22.119	538	387	15	3	534	1	512	5.57e-148	447	41.26
Old	OGU37293.1	21.764	533	374	13	3	521	1	504	5.62e-148	448	40.15
Old	MES2373385.1	21.053	532	380	13	3	523	1	503	7.61e-148	447	39.10
Old	WP_274468342.1	18.986	690	436	18	6	579	3	685	1.62e-147	452	36.67
Old	HDS1557168.1	20.037	534	394	11	3	532	1	505	1.82e-147	446	38.39
Old	WP_059063253.1	21.825	559	394	16	3	550	1	527	1.82e-147	446	39.18
Old	HEH9514938.1	35.920	348	217	4	195	540	1	344	2.13e-147	439	56.61
Old	MEN8738353.1	37.812	320	194	2	3	317	2	321	2.39e-147	438	55.62
Old	WP_317292263.1	19.865	594	392	13	3	524	1	582	2.41e-147	447	40.40
Old	WP_348464683.1	21.484	512	366	12	3	507	1	483	2.79e-147	446	39.45
Old	WP_025008844.1	22.430	535	378	12	3	529	1	506	4.09e-147	445	40.75
Old	WP_369005653.1	21.455	536	387	12	3	534	1	506	4.71e-147	445	39.37
Old	NPU86380.1	16.941	608	406	15	3	524	1	595	5.03e-147	447	36.68
Old	MCB9790097.1	21.192	604	381	19	3	524	1	591	5.11e-147	447	41.39
Old	MDD5531016.1	21.119	554	386	13	3	534	1	525	6.58e-147	445	37.73
Old	HEV8327651.1	19.109	696	435	18	3	579	1	687	6.76e-147	450	35.92
Old	WP_272233418.1	22.593	509	361	11	3	507	1	480	6.96e-147	444	41.26
Old	MBP9742297.1	20.268	597	387	15	3	524	1	583	7.19e-147	446	38.36
Old	WP_043527740.1	22.056	535	380	13	3	529	1	506	7.59e-147	444	40.93
Old	WP_093145580.1	20.573	593	410	15	3	584	1	543	8.43e-147	445	36.93
Old	WP_181431633.1	19.013	689	428	18	3	577	1	673	1.07e-146	449	36.57
Old	MBI1937947.1	18.347	605	397	15	3	523	1	592	1.15e-146	446	37.69
Old	MBP1615787.1	20.489	532	381	12	3	521	1	503	1.26e-146	444	37.97
Old	WP_060537361.1	19.313	699	434	17	3	583	1	687	1.39e-146	449	37.63
Old	WP_131060512.1	20.374	589	403	14	3	584	1	530	1.89e-146	443	37.69
Old	MDD4534983.1	18.122	607	398	15	3	522	1	595	2.84e-146	445	38.39
Old	WP_414952100.1	21.348	534	380	14	3	525	1	505	3.24e-146	443	39.89
Old	WP_338604287.1	21.087	607	378	17	3	522	1	593	4.46e-146	446	39.70
Old	MDD5679923.1	21.087	607	383	15	3	523	1	597	4.51e-146	444	39.04
Old	MBP7613942.1	21.402	542	385	14	3	532	1	513	4.58e-146	442	39.67
Old	MBN1332066.1	19.269	602	393	14	3	524	1	589	5.02e-146	444	38.54
Old	MDP3064291.1	25.289	605	403	14	5	583	4	585	5.08e-146	444	42.81
Old	WP_211482889.1	21.261	555	385	14	3	534	41	566	5.41e-146	444	38.02
Old	HDS8720239.1	47.152	316	163	3	1	315	1	313	5.49e-146	433	66.77
Old	MDC4794206.1	31.343	402	269	5	185	585	1	396	6.28e-146	437	49.50
Old	WP_317291305.1	21.201	533	380	12	3	524	1	504	6.39e-146	442	39.77
Old	NLF42722.1	17.869	610	399	15	3	522	1	598	7.16e-146	444	37.70
Old	MDR1492498.1	21.024	547	388	14	3	534	1	518	7.46e-146	442	39.67
Old	OJV55785.1	20.901	555	387	14	3	534	1	526	1.03e-145	442	38.02
Old	WP_219633484.1	21.951	533	383	11	4	532	12	515	1.05e-145	442	40.34
Old	MCH8568890.1	22.656	512	360	12	3	507	1	483	1.77e-145	441	39.84
Old	WP_214557158.1	21.336	539	391	15	3	534	1	513	2.18e-145	440	41.74
Old	MBK9507474.1	22.263	539	378	14	3	530	1	509	2.28e-145	441	40.45
Old	WP_328755499.1	17.778	495	343	14	141	582	26	509	2.32e-145	441	39.80
Old	MDI9529088.1	21.088	588	363	12	3	498	1	579	2.44e-145	445	39.80
Old	WP_172829055.1	18.014	705	430	20	9	583	2	688	2.49e-145	447	34.33
Old	WP_367855222.1	23.295	528	372	13	3	524	1	501	4.27e-145	440	42.23
Old	MBE0471504.1	22.533	537	379	13	3	531	1	508	4.71e-145	440	41.34
Old	MCJ7515295.1	21.417	607	419	15	5	579	4	584	5.40e-145	442	41.52
Old	MEE4253937.1	23.485	528	369	14	3	523	1	500	5.48e-145	440	41.67
Old	MBC8182306.1	21.714	525	372	15	3	517	1	496	7.80e-145	440	38.86
Old	WP_025839383.1	19.850	534	387	13	3	524	1	505	7.82e-145	439	40.07
Old	WP_323111172.1	79.077	325	65	1	1	322	1	325	9.52e-145	431	90.46
Old	WP_348721523.1	36.937	333	209	1	3	334	2	334	1.04e-144	431	57.36
Old	WP_219590923.1	24.000	500	343	12	3	494	1	471	1.04e-144	436	42.20
Old	OIP22991.1	20.432	602	385	15	3	522	1	590	1.06e-144	441	39.37
Old	MBT3994774.1	18.137	612	396	13	3	522	1	599	1.11e-144	443	40.36
Old	WP_104499969.1	48.953	382	186	4	1	377	1	378	1.55e-144	432	68.85
Old	WP_249310770.1	18.641	574	377	15	27	523	1	561	1.92e-144	439	36.41
Old	HTK19200.1	21.723	534	376	14	3	524	1	504	3.15e-144	438	40.45
Old	WP_386817713.1	20.968	558	389	16	3	548	1	518	3.35e-144	437	38.89
Old	MBZ5639195.1	19.008	605	392	14	3	520	1	594	3.92e-144	442	36.03
Old	MBP5345836.1	20.599	534	383	12	3	524	1	505	4.06e-144	436	39.70
Old	WP_018669194.1	20.412	534	384	13	3	524	1	505	4.62e-144	437	39.70
Old	WP_218730551.1	21.013	533	380	11	3	522	1	505	4.86e-144	437	38.46
Old	WP_053222742.1	21.764	533	374	13	3	521	1	504	7.02e-144	437	38.84
Old	WKZ27970.1	19.403	603	392	17	3	524	1	590	1.21e-143	438	38.64
Old	OZB59210.1	22.180	523	374	13	3	520	1	495	1.21e-143	436	41.11
Old	WP_238468947.1	22.575	536	378	15	3	532	1	505	1.63e-143	435	40.30
Old	MDC8449137.1	20.238	588	402	16	3	583	1	528	1.77e-143	435	38.78
Old	WP_090322321.1	22.514	533	378	12	1	528	13	515	1.86e-143	436	42.03
Old	MEN6488872.1	19.318	528	341	13	128	581	7	523	1.91e-143	436	38.45
Old	MDR4469885.1	22.391	527	378	14	3	524	1	501	2.53e-143	435	42.31
Old	WP_122377365.1	22.986	509	359	12	3	507	1	480	2.76e-143	435	41.06
Old	VVE47775.1	27.069	447	306	11	150	586	1	437	3.10e-143	431	45.86
Old	MCC6937714.1	21.455	536	378	13	3	524	1	507	3.73e-143	435	37.87
Old	MEO6759425.1	18.464	612	402	16	3	529	1	600	5.24e-143	437	36.93
Old	MCJ7515799.1	21.486	619	371	17	3	522	1	603	8.37e-143	438	39.90
Old	MEE5133816.1	22.593	509	359	12	3	506	1	479	9.60e-143	433	40.86
Old	TSC60214.1	21.863	526	377	12	3	521	1	499	1.39e-142	433	39.35
Old	WP_077441515.1	22.263	539	385	15	3	534	1	512	1.48e-142	433	40.63
Old	WP_282073223.1	21.483	526	374	12	3	517	1	498	1.66e-142	433	40.49
Old	MCP4252961.1	19.289	591	408	15	3	584	1	531	1.68e-142	433	37.73
Old	MBL7814334.1	22.346	537	377	15	3	528	1	508	1.72e-142	433	40.41
Old	WP_024666568.1	19.289	591	407	14	3	584	1	530	2.26e-142	433	36.04
Old	OGU57873.1	20.000	610	388	15	3	522	1	600	2.53e-142	435	40.16
Old	TAL41425.1	17.167	699	447	18	1	578	1	688	3.11e-142	439	34.48
Old	WP_138280243.1	19.744	547	395	13	3	534	1	518	3.22e-142	433	36.93
Old	MCH6255588.1	20.724	608	383	12	3	520	1	599	4.35e-142	436	40.13
Old	WP_155598487.1	20.721	555	389	13	3	534	1	527	5.69e-142	432	37.30
Old	WP_411409164.1	21.389	547	386	14	3	534	1	518	6.79e-142	432	37.48
Old	HTV08488.1	20.000	535	397	13	3	532	1	509	7.18e-142	432	39.63
Old	WP_255320684.1	40.176	341	199	3	99	438	1	337	1.04e-141	423	61.88
Old	WP_055865749.1	20.202	594	411	17	3	584	1	543	2.79e-141	430	37.21
Old	MBP6738728.1	19.366	599	394	15	3	524	1	587	2.85e-141	432	37.73
Old	WP_013184841.1	22.201	527	373	13	3	521	2	499	3.00e-141	430	40.23
Old	KKQ77221.1	21.320	591	400	15	3	584	1	535	3.92e-141	430	38.41
Old	MBV6419600.1	18.905	603	396	12	3	522	1	593	4.30e-141	432	37.98
Old	PIR41996.1	20.632	601	384	15	3	522	1	589	4.46e-141	431	38.10
Old	WP_299381608.1	18.090	597	397	16	3	519	1	585	5.08e-141	431	37.69
Old	WP_073484651.1	18.574	603	396	17	3	523	1	590	5.30e-141	431	39.80
Old	NLX25389.1	21.892	539	381	15	3	534	1	506	8.21e-141	429	40.45
Old	MBE0539023.1	17.162	606	404	14	3	522	1	594	1.12e-140	430	35.97
Old	WP_248986056.1	21.632	527	376	13	3	521	1	498	1.39e-140	428	39.85
Old	WP_075245818.1	21.773	519	372	12	3	517	1	489	1.54e-140	428	40.27
Old	HVV38974.1	21.822	527	375	13	3	520	1	499	1.91e-140	428	40.42
Old	WP_175161714.1	22.533	537	381	14	3	532	1	509	2.11e-140	428	41.15
Old	WP_233780572.1	19.699	599	390	16	3	522	1	587	2.17e-140	430	40.57
Old	MEN6450184.1	19.595	592	361	16	3	498	1	573	2.34e-140	432	38.68
Old	NEW79033.1	19.040	604	392	16	3	522	1	591	2.56e-140	430	40.23
Old	MBU2495461.1	22.862	538	372	16	3	528	1	507	3.28e-140	427	39.96
Old	MBU2035998.1	20.847	590	402	15	3	583	1	534	6.46e-140	427	38.64
Old	WP_286444192.1	22.222	504	312	13	3	439	1	491	8.19e-140	425	41.07
Old	WP_134396241.1	25.000	484	273	12	3	409	1	471	8.98e-140	424	42.77
Old	WP_408802054.1	23.629	529	366	13	3	521	1	501	1.07e-139	427	41.40
Old	WP_034824712.1	17.925	530	372	15	106	581	31	551	1.73e-139	427	36.42
Old	MDZ7336122.1	22.533	608	421	17	3	585	2	584	1.75e-139	427	42.43
Old	WP_299844102.1	18.739	587	411	14	3	584	1	526	2.09e-139	425	36.46
Old	MCP5006267.1	21.415	537	387	11	3	533	1	508	2.35e-139	425	39.85
Old	MDA8079107.1	22.575	536	382	12	3	532	1	509	3.48e-139	424	41.23
Old	HUU18945.1	18.451	607	398	15	3	522	1	597	3.59e-139	428	36.90
Old	USN94856.1	21.569	561	398	13	3	535	1	547	4.47e-139	425	39.22
Old	WP_346872223.1	19.346	703	425	16	3	578	1	688	5.86e-139	430	36.70
Old	TAL68934.1	18.241	614	398	17	3	524	1	602	1.07e-138	426	40.55
Old	WP_204638230.1	20.644	528	386	14	3	524	1	501	1.18e-138	423	41.48
Old	WP_308990431.1	18.046	604	398	17	3	522	1	591	1.54e-138	425	39.07
Old	KKT69535.1	22.491	538	381	15	3	534	1	508	1.76e-138	423	41.45
Old	MBI2612812.1	22.785	553	391	14	3	528	1	544	1.80e-138	423	41.77
Old	MCL5069941.1	21.617	532	379	13	3	524	1	504	2.61e-138	423	40.79
Old	WP_315348809.1	20.784	510	370	12	3	507	1	481	2.83e-138	422	41.18
Old	WP_218262476.1	24.665	523	309	16	3	451	1	512	3.03e-138	422	43.21
Old	WP_358223542.1	17.078	486	339	14	150	582	1	475	3.99e-138	421	38.27
Old	WP_186943482.1	25.142	529	364	13	3	525	1	503	4.98e-138	422	40.45
Old	MBI4098317.1	19.825	570	398	14	3	532	1	551	5.85e-138	422	40.53
Old	HRN70001.1	20.169	590	402	14	3	583	1	530	7.25e-138	421	38.31
Old	WP_348098258.1	18.843	605	394	18	3	524	1	591	9.26e-138	423	39.17
Old	MFT3910935.1	18.287	607	396	15	3	523	1	593	2.14e-137	422	37.40
Old	WP_205989545.1	23.033	521	364	13	17	529	2	493	2.32e-137	420	41.84
Old	WP_073700249.1	21.023	528	384	13	3	524	1	501	3.03e-137	420	40.53
Old	MCE2724973.1	22.364	550	382	17	3	543	1	514	4.28e-137	419	38.55
Old	OGH85670.1	21.096	602	381	17	3	522	1	590	9.44e-137	420	41.20
Old	GJL71971.1	20.787	534	385	13	3	528	1	504	1.03e-136	418	37.83
Old	WP_242285661.1	33.333	384	245	7	205	585	6	381	1.83e-136	412	51.30
Old	WP_257218613.1	24.056	503	297	14	3	430	1	493	1.99e-136	417	43.14
Old	WP_227499338.1	31.768	362	240	5	225	585	1	356	2.36e-136	411	49.17
Old	MCJ7650244.1	18.893	614	393	13	3	522	1	603	2.97e-136	421	38.60
Old	MDO8473031.1	17.030	505	336	13	146	578	1	494	3.12e-136	417	37.43
Old	WP_330928467.1	20.968	558	389	16	3	548	1	518	3.58e-136	417	38.17
Old	OHA47519.1	21.658	591	395	16	3	586	1	530	4.20e-136	417	38.24
Old	WP_380077266.1	19.817	545	395	13	3	534	1	516	4.65e-136	417	37.61
Old	WP_252867214.1	18.110	508	353	12	126	579	3	501	5.55e-136	416	35.83
Old	WP_303919579.1	18.833	600	396	16	3	523	1	588	5.82e-136	418	39.00
Old	HEV8111572.1	21.756	524	374	13	3	518	1	496	6.44e-136	416	38.93
Old	MFN4806296.1	21.119	554	392	16	3	547	1	518	1.20e-134	413	39.71
Old	MBT3412910.1	21.805	532	380	14	3	528	1	502	1.95e-134	412	40.98
Old	HYX08886.1	19.669	605	388	13	3	520	1	594	2.46e-134	416	37.36
Old	OQB19461.1	20.971	515	372	13	3	511	1	486	3.13e-134	412	41.94
Old	WP_269888394.1	21.805	532	382	14	3	527	1	505	3.61e-134	412	39.66
Old	MBU3979287.1	20.965	539	388	15	3	532	1	510	3.81e-134	412	41.00
Old	MBI2047957.1	22.180	532	378	15	3	528	1	502	4.11e-134	412	40.98
Old	MBP8689193.1	21.667	600	380	15	3	524	1	588	5.73e-134	413	38.17
Old	MBK8945397.1	19.637	606	393	12	3	524	1	596	5.77e-134	413	38.12
Old	KAF0153571.1	23.679	511	357	14	3	508	1	483	6.70e-134	411	41.68
Old	WP_337282030.1	75.521	384	94	0	203	586	35	418	1.36e-133	406	85.94
Old	WP_310378210.1	17.686	605	403	15	3	524	1	593	1.61e-133	412	38.35
Old	WP_168926775.1	23.352	531	369	14	3	523	1	503	2.53e-133	410	42.00
Old	TSC87297.1	23.225	521	362	16	3	515	1	491	2.67e-133	410	42.42
Old	OGC81162.1	20.721	555	402	14	3	528	1	546	2.93e-133	410	40.18
Old	KPK98337.1	21.555	566	355	16	3	490	1	555	3.05e-133	413	41.34
Old	WP_182621266.1	27.602	442	303	9	150	586	1	430	3.07e-133	405	45.70
Old	MDW9235776.1	23.077	533	372	14	3	528	76	577	3.27e-133	412	40.15
Old	WP_043353572.1	22.180	532	376	14	3	524	1	504	3.28e-133	409	40.79
Old	MCE9653553.1	22.242	571	353	14	3	491	1	562	6.73e-133	412	42.03
Old	OYD49122.1	22.326	533	376	15	2	525	71	574	7.64e-133	411	39.21
Old	WP_099310608.1	23.077	546	350	13	94	581	157	690	7.94e-133	414	42.49
Old	WP_099310608.1	27.957	93	67	0	3	95	1	93	9.83e-17	96.6	49.46
Old	WP_201533636.1	37.267	322	196	3	3	321	2	320	2.46e-132	400	57.14
Old	MDA8136037.1	20.638	596	384	16	3	519	1	586	3.41e-132	410	40.10
Old	WP_063894692.1	21.111	540	387	16	3	532	1	511	3.49e-132	407	39.81
Old	MEA2088350.1	20.833	528	381	15	3	523	1	498	4.58e-132	406	41.48
Old	HDX8113311.1	99.720	357	1	0	230	586	1	357	6.17e-132	400	99.72
Old	WP_400483064.1	18.868	530	366	11	103	578	2	521	9.22e-132	406	37.55
Old	WP_332299484.1	20.432	509	335	11	127	581	30	522	1.00e-131	405	38.90
Old	WP_111885553.1	21.773	519	336	13	104	562	70	578	1.02e-131	408	40.08
Old	HVO96272.1	20.998	481	321	7	92	522	11	482	1.48e-131	405	39.50
Old	WP_382771996.1	20.697	459	283	12	3	390	1	449	1.75e-131	402	39.00
Old	MFA6304536.1	21.780	528	376	16	3	523	1	498	2.36e-131	405	41.67
Old	HEU0011730.1	19.002	621	393	15	3	524	1	610	2.38e-131	409	39.61
Old	MFH1203386.1	22.586	580	359	16	3	503	1	569	2.80e-131	407	41.38
Old	MDP2669238.1	21.723	534	380	13	3	528	1	504	2.87e-131	404	39.70
Old	WP_034236831.1	23.119	545	355	12	92	581	155	690	3.52e-131	410	42.39
Old	WP_034236831.1	21.138	246	157	7	3	239	1	218	1.10e-28	133	41.87
Old	WP_255409128.1	19.490	549	354	13	52	524	2	538	3.67e-131	404	38.62
Old	WP_164964061.1	22.604	553	386	17	3	548	1	518	3.73e-131	404	38.34
Old	ENK2957926.1	44.898	294	158	3	11	303	1	291	4.55e-131	395	65.31
Old	WP_257228697.1	23.718	468	271	14	3	395	1	457	4.86e-131	402	43.59
Old	MBI5203408.1	21.378	566	351	16	3	484	1	556	9.06e-131	406	38.34
Old	MDP2709176.1	20.921	521	377	13	3	517	1	492	1.93e-130	402	41.07
Old	WP_222929441.1	23.109	476	291	12	3	412	1	467	3.84e-130	399	41.39
Old	MCK4234076.1	20.856	561	346	16	3	478	1	548	3.85e-130	405	39.93
Old	WP_346804915.1	42.675	314	176	2	1	314	1	310	5.38e-130	393	62.42
Old	WP_253819777.1	22.034	472	284	12	3	399	1	463	6.45e-130	398	41.31
Old	MCD4761984.1	20.493	527	384	15	3	523	1	498	2.21e-129	399	40.04
Old	MCD6241705.1	20.564	603	384	17	3	522	1	591	4.22e-129	402	40.80
Old	WP_043304343.1	21.705	516	368	15	3	511	1	487	4.49e-129	399	39.73
Old	MCG2791048.1	21.661	554	347	14	3	478	1	545	4.93e-129	402	39.35
Old	MCK4444734.1	21.252	527	333	13	3	456	1	518	5.19e-129	399	41.56
Old	WP_151738423.1	21.773	519	336	13	109	567	54	562	6.18e-129	400	39.69
Old	HVT00622.1	22.932	532	363	18	3	524	1	495	6.29e-129	398	40.23
Old	WP_254278420.1	20.800	500	331	10	136	580	2	491	1.10e-128	397	40.00
Old	WP_198554045.1	24.941	421	290	9	3	419	1	399	1.44e-128	393	44.18
Old	WP_068532802.1	20.611	524	346	14	104	567	50	563	1.44e-128	399	39.31
Old	ODS32421.1	20.331	605	382	18	3	522	1	590	2.74e-128	400	38.02
Old	WP_207417536.1	22.744	532	375	13	3	528	1	502	5.82e-128	396	40.41
Old	MCD6449610.1	21.903	557	344	15	3	478	1	547	5.99e-128	399	40.93
Old	MBT4121960.1	20.810	543	389	13	3	532	1	515	9.43e-128	395	39.78
Old	WP_282331927.1	19.005	563	380	14	82	583	85	632	1.16e-127	399	38.01
Old	MBC8308419.1	20.070	568	369	13	3	492	1	561	3.49e-127	397	39.96
Old	MDD5129723.1	20.609	558	351	16	3	478	1	548	5.17e-127	397	38.53
Old	MFA5117792.1	19.643	616	400	16	3	534	1	605	1.32e-126	396	39.45
Old	WP_198344785.1	21.053	475	300	11	42	453	6	468	1.41e-126	390	41.26
Old	WP_290767504.1	19.080	587	381	17	3	505	1	577	3.16e-126	395	40.72
Old	MFA6528070.1	21.176	510	367	14	3	506	1	481	3.22e-126	391	39.80
Old	WEH94317.1	30.247	324	221	4	263	585	1	320	5.76e-126	383	48.15


