# blastp
# Iteration: 10
# Query: NsnB_ECOR37
# RID: WZUGSHNR013
# Database: nr_cluster_seq
# Fields: query acc.ver, subject acc.ver, % identity, alignment length, mismatches, gap opens, q. start, q. end, s. start, s. end, evalue, bit score, % positives
# 1000 hits found
NsnB_ECOR37	MDJ0677852.1	31.865	386	235	6	1	382	2	363	0.0	671	53.37
NsnB_ECOR37	WP_017715601.1	31.347	386	238	6	1	382	2	364	0.0	669	50.78
NsnB_ECOR37	MCD8486903.1	32.558	387	234	6	1	383	2	365	0.0	667	52.71
NsnB_ECOR37	MEQ9373506.1	31.865	386	236	6	1	382	2	364	0.0	667	52.07
NsnB_ECOR37	WP_026734049.1	32.124	386	235	6	1	382	2	364	0.0	663	52.59
NsnB_ECOR37	KAB8314158.1	31.088	386	239	6	1	382	2	364	0.0	656	51.81
NsnB_ECOR37	MBC6481012.1	30.829	386	240	6	1	382	2	364	0.0	654	51.04
NsnB_ECOR37	MFH7025440.1	30.570	386	241	6	1	382	2	364	0.0	654	51.55
NsnB_ECOR37	MCA1995137.1	32.115	383	233	6	4	382	5	364	0.0	654	52.22
NsnB_ECOR37	WP_038079964.1	32.383	386	234	6	1	382	2	364	0.0	652	52.59
NsnB_ECOR37	NER33536.1	32.642	386	233	6	1	382	2	364	0.0	649	53.37
NsnB_ECOR37	WP_009785733.1	32.642	386	234	6	1	382	2	365	0.0	647	52.33
NsnB_ECOR37	WP_007357113.1	30.075	399	239	7	1	382	2	377	0.0	647	49.62
NsnB_ECOR37	WP_015184301.1	30.848	389	239	7	1	382	2	367	0.0	647	50.90
NsnB_ECOR37	MEQ9481397.1	32.124	386	235	6	1	382	2	364	0.0	646	51.81
NsnB_ECOR37	MDF5721697.1	31.347	386	238	6	1	382	2	364	0.0	643	51.81
NsnB_ECOR37	WP_006625582.1	31.169	385	239	5	1	382	2	363	0.0	642	53.25
NsnB_ECOR37	WP_324238284.1	31.865	386	236	6	1	382	2	364	0.0	642	51.81
NsnB_ECOR37	WP_190691335.1	32.124	386	235	6	1	382	2	364	0.0	641	54.40
NsnB_ECOR37	WP_046319662.1	31.429	385	238	5	1	382	2	363	0.0	641	54.03
NsnB_ECOR37	BBD59576.1	31.070	383	237	6	4	382	5	364	0.0	640	50.91
NsnB_ECOR37	WP_341733701.1	29.899	398	240	7	1	382	2	376	0.0	640	48.49
NsnB_ECOR37	MEI6043957.1	31.362	389	238	6	1	382	2	368	0.0	639	52.96
NsnB_ECOR37	WP_293076878.1	32.124	386	235	6	1	382	2	364	0.0	638	51.30
NsnB_ECOR37	WP_063871802.1	31.105	389	241	7	1	382	2	370	0.0	638	51.16
NsnB_ECOR37	NEP41696.1	31.347	386	238	6	1	382	2	364	0.0	638	50.00
NsnB_ECOR37	WP_172192560.1	29.000	400	243	7	1	382	2	378	0.0	637	48.25
NsnB_ECOR37	WP_190671772.1	30.548	383	239	6	4	382	5	364	0.0	637	53.52
NsnB_ECOR37	MBW4521020.1	31.888	392	234	7	1	382	5	373	0.0	636	52.04
NsnB_ECOR37	WP_330484680.1	34.456	386	226	6	1	382	2	364	0.0	635	53.37
NsnB_ECOR37	WP_055074275.1	33.161	386	231	6	1	382	2	364	0.0	634	52.85
NsnB_ECOR37	WP_190634489.1	32.383	386	234	6	1	382	2	364	0.0	632	52.33
NsnB_ECOR37	MDE5116573.1	31.865	386	236	6	1	382	2	364	0.0	631	51.04
NsnB_ECOR37	WP_293336982.1	30.000	400	239	8	1	382	2	378	0.0	631	48.00
NsnB_ECOR37	HZO74259.1	29.851	402	246	7	1	383	2	386	0.0	627	49.50
NsnB_ECOR37	NJL91026.1	31.865	386	236	6	1	382	2	364	0.0	626	51.55
NsnB_ECOR37	WP_190453870.1	30.075	399	226	8	1	382	4	366	0.0	625	47.62
NsnB_ECOR37	WP_408972779.1	28.500	400	243	7	1	382	4	378	0.0	624	49.00
NsnB_ECOR37	WP_027843916.1	29.306	389	247	7	1	382	2	369	0.0	624	51.67
NsnB_ECOR37	WP_190383403.1	29.639	388	242	7	2	382	3	366	0.0	623	50.77
NsnB_ECOR37	WP_015149140.1	32.031	384	235	6	1	382	2	361	0.0	623	51.04
NsnB_ECOR37	HLG64370.1	30.597	402	243	7	1	383	2	386	0.0	622	49.75
NsnB_ECOR37	MDB9517189.1	31.606	386	237	6	1	382	2	364	0.0	620	52.33
NsnB_ECOR37	HEY9834999.1	30.326	399	238	8	1	382	2	377	0.0	619	48.87
NsnB_ECOR37	MEI7768443.1	32.041	387	235	6	4	382	2	368	0.0	619	50.39
NsnB_ECOR37	MBA3945171.1	32.648	389	233	6	1	382	2	368	0.0	619	49.61
NsnB_ECOR37	WP_199247667.1	33.161	386	230	7	1	382	2	363	0.0	619	51.81
NsnB_ECOR37	RMI25479.1	30.848	389	240	6	1	382	2	368	0.0	618	53.98
NsnB_ECOR37	MEA1947119.1	32.732	388	233	6	1	382	2	367	0.0	618	51.80
NsnB_ECOR37	WP_323242254.1	28.608	388	254	7	1	382	2	372	0.0	616	50.52
NsnB_ECOR37	MCD6297256.1	32.990	388	232	6	1	382	2	367	0.0	615	51.80
NsnB_ECOR37	MBW4544176.1	29.825	399	227	8	1	382	2	364	0.0	614	48.87
NsnB_ECOR37	WP_017303702.1	32.642	386	233	6	1	382	2	364	0.0	614	52.59
NsnB_ECOR37	MBO1350407.1	29.040	396	248	8	1	382	2	378	0.0	614	50.51
NsnB_ECOR37	WP_129727956.1	33.419	389	230	6	1	382	2	368	0.0	613	53.21
NsnB_ECOR37	MBW2020632.1	31.620	389	237	6	1	382	2	368	0.0	611	50.64
NsnB_ECOR37	MDM8551520.1	29.199	387	247	5	1	382	2	366	0.0	611	47.55
NsnB_ECOR37	WP_190936920.1	29.353	402	242	9	1	382	2	381	0.0	610	49.25
NsnB_ECOR37	OQY59098.1	29.457	387	246	5	1	382	2	366	0.0	610	49.61
NsnB_ECOR37	WP_374790564.1	28.000	400	235	8	1	383	2	365	0.0	608	48.00
NsnB_ECOR37	WP_334946122.1	28.750	400	253	8	1	382	2	387	0.0	608	50.25
NsnB_ECOR37	WP_382289685.1	32.216	388	250	5	1	382	9	389	0.0	607	50.77
NsnB_ECOR37	MCM0593002.1	30.175	401	239	9	1	382	2	380	0.0	607	48.63
NsnB_ECOR37	MEO1378526.1	27.979	386	257	6	1	382	2	370	0.0	606	49.22
NsnB_ECOR37	WP_190689346.1	28.710	411	228	10	1	382	2	376	0.0	605	44.53
NsnB_ECOR37	BAZ47563.1	32.581	399	238	8	1	382	2	386	0.0	604	50.88
NsnB_ECOR37	WP_179047688.1	29.353	402	242	9	1	382	2	381	0.0	603	48.01
NsnB_ECOR37	NES18198.1	27.318	399	237	8	1	382	2	364	0.0	603	46.12
NsnB_ECOR37	WP_114489277.1	32.558	387	234	4	1	382	3	367	0.0	603	52.71
NsnB_ECOR37	NET62269.1	27.919	394	231	8	1	377	2	359	0.0	602	46.95
NsnB_ECOR37	WP_249066672.1	28.000	400	235	8	1	383	2	365	0.0	602	46.25
NsnB_ECOR37	HWS85248.1	29.870	385	245	5	1	382	2	364	0.0	601	51.95
NsnB_ECOR37	MBL1175073.1	33.161	386	231	6	1	382	2	364	0.0	601	53.37
NsnB_ECOR37	WP_155749228.1	28.000	400	234	9	1	382	2	365	0.0	600	46.50
NsnB_ECOR37	NJN97347.1	28.205	390	250	7	1	382	2	369	0.0	600	50.77
NsnB_ECOR37	WP_374821570.1	29.073	399	230	8	1	382	2	364	0.0	599	46.87
NsnB_ECOR37	WP_293257548.1	27.764	407	236	9	1	382	2	375	0.0	599	44.96
NsnB_ECOR37	WP_088240645.1	27.363	402	236	9	1	382	2	367	0.0	598	46.77
NsnB_ECOR37	MEW5859651.1	28.536	403	232	9	1	382	2	369	0.0	597	46.90
NsnB_ECOR37	MBW4622263.1	27.451	408	237	9	1	382	2	376	0.0	597	47.30
NsnB_ECOR37	WP_097642351.1	33.249	394	231	7	1	382	2	375	0.0	595	50.00
NsnB_ECOR37	WP_250357041.1	29.950	404	245	9	1	383	2	388	0.0	595	47.77
NsnB_ECOR37	MBW4631549.1	28.250	400	233	9	1	382	2	365	0.0	594	46.00
NsnB_ECOR37	TAE60951.1	29.793	386	249	6	1	382	2	369	0.0	594	50.52
NsnB_ECOR37	WP_352320191.1	29.574	399	242	7	1	383	2	377	0.0	593	46.87
NsnB_ECOR37	WP_263746328.1	28.856	402	233	9	1	382	2	370	0.0	592	45.77
NsnB_ECOR37	WP_334936111.1	25.647	425	240	9	1	382	2	393	0.0	592	44.00
NsnB_ECOR37	WP_190406216.1	27.318	399	239	9	1	382	2	366	0.0	592	48.62
NsnB_ECOR37	HAR34693.1	35.156	384	241	4	1	384	2	377	0.0	592	55.99
NsnB_ECOR37	WP_335020354.1	29.353	402	242	9	1	382	2	381	0.0	591	49.75
NsnB_ECOR37	WP_083625927.1	29.688	384	245	5	1	382	2	362	0.0	591	52.60
NsnB_ECOR37	WP_374880126.1	27.569	399	248	8	1	382	2	376	0.0	590	46.87
NsnB_ECOR37	WP_387354117.1	31.633	392	237	8	7	383	2	377	0.0	590	50.00
NsnB_ECOR37	WP_358560594.1	30.693	404	243	8	1	383	2	389	0.0	590	50.50
NsnB_ECOR37	MBU0673657.1	32.031	384	253	4	1	384	2	377	0.0	590	55.73
NsnB_ECOR37	MDJ0618854.1	28.822	399	230	8	1	382	2	363	0.0	590	48.37
NsnB_ECOR37	WP_196450548.1	30.446	404	244	8	1	383	2	389	0.0	589	50.00
NsnB_ECOR37	MFH1113329.1	32.308	390	235	6	1	383	2	369	0.0	589	51.03
NsnB_ECOR37	MCU0754918.1	34.115	384	245	4	1	384	2	377	0.0	589	55.47
NsnB_ECOR37	WP_347668695.1	28.141	398	254	8	1	383	2	382	0.0	589	49.50
NsnB_ECOR37	WP_168568292.1	27.318	399	237	8	1	382	2	364	0.0	589	49.12
NsnB_ECOR37	MBK7767401.1	33.594	384	247	4	1	384	2	377	0.0	589	54.95
NsnB_ECOR37	HBB31993.1	26.617	402	239	9	1	382	2	367	0.0	588	46.77
NsnB_ECOR37	NEP55733.1	26.799	403	234	8	1	382	2	364	0.0	588	44.42
NsnB_ECOR37	WP_091274069.1	30.730	397	249	7	1	383	2	386	0.0	588	49.62
NsnB_ECOR37	MEQ8996608.1	26.585	410	237	9	1	382	2	375	0.0	588	44.88
NsnB_ECOR37	MEM7757187.1	29.925	401	228	8	1	382	2	368	0.0	587	46.38
NsnB_ECOR37	WP_293144631.1	27.805	410	232	9	1	382	2	375	0.0	587	45.37
NsnB_ECOR37	MFO1431692.1	31.378	392	237	7	1	382	2	371	0.0	587	49.23
NsnB_ECOR37	NJP05165.1	31.347	386	241	4	1	382	2	367	0.0	587	50.26
NsnB_ECOR37	WP_334459535.1	29.648	398	249	8	1	383	2	383	0.0	587	50.00
NsnB_ECOR37	MEC4806131.1	30.576	399	224	8	1	382	2	364	0.0	587	50.88
NsnB_ECOR37	WP_390653901.1	30.534	393	248	6	1	383	2	379	0.0	586	48.60
NsnB_ECOR37	WP_103493820.1	29.412	391	250	5	1	383	2	374	0.0	586	49.62
NsnB_ECOR37	MCY4389655.1	31.250	384	254	4	1	384	2	375	0.0	586	54.69
NsnB_ECOR37	HEV2387468.1	27.154	383	250	6	7	382	2	362	0.0	585	47.00
NsnB_ECOR37	WP_323202839.1	28.321	399	237	8	1	382	2	368	0.0	585	45.86
NsnB_ECOR37	MBP0004851.1	29.323	399	229	8	1	382	2	364	0.0	585	46.87
NsnB_ECOR37	WP_249101381.1	28.822	399	231	8	1	382	2	364	0.0	584	47.37
NsnB_ECOR37	MDA8415603.1	33.073	384	249	4	1	384	2	377	0.0	584	55.21
NsnB_ECOR37	MDE3259724.1	33.850	387	243	5	1	384	2	378	0.0	582	55.30
NsnB_ECOR37	WP_190979912.1	27.861	402	234	9	1	382	2	367	0.0	582	47.01
NsnB_ECOR37	WP_163930587.1	27.114	402	236	9	1	382	2	366	0.0	582	46.27
NsnB_ECOR37	WP_169203257.1	35.417	384	240	4	1	384	2	377	0.0	582	54.69
NsnB_ECOR37	MBW4431094.1	27.861	402	234	9	1	382	2	367	0.0	582	46.02
NsnB_ECOR37	WP_026785378.1	30.052	386	242	7	1	381	2	364	0.0	582	52.33
NsnB_ECOR37	RLA44682.1	34.286	385	244	5	1	384	10	386	0.0	582	54.55
NsnB_ECOR37	WP_373530142.1	26.353	425	237	8	1	382	2	393	0.0	582	44.00
NsnB_ECOR37	WP_015954396.1	30.075	399	226	8	1	382	2	364	0.0	582	48.87
NsnB_ECOR37	WP_292435477.1	34.115	384	245	4	1	384	2	377	0.0	582	52.86
NsnB_ECOR37	HKV42611.1	30.848	389	240	6	1	382	2	368	0.0	582	50.13
NsnB_ECOR37	MDP1558527.1	33.073	384	248	5	1	384	2	376	0.0	581	52.34
NsnB_ECOR37	MBF0164405.1	32.732	388	234	6	1	382	2	368	0.0	581	51.55
NsnB_ECOR37	WP_350793197.1	30.000	400	248	8	1	383	2	386	0.0	581	51.25
NsnB_ECOR37	MBF0132555.1	32.648	389	234	6	1	382	2	369	0.0	580	52.19
NsnB_ECOR37	MEB3359486.1	28.429	401	231	9	1	382	8	371	0.0	580	45.89
NsnB_ECOR37	WP_190873270.1	26.353	425	237	8	1	382	2	393	0.0	579	45.18
NsnB_ECOR37	WP_093594107.1	28.571	392	252	6	1	383	2	374	0.0	579	50.26
NsnB_ECOR37	MEO5350951.1	30.848	389	240	7	1	382	2	368	0.0	579	50.90
NsnB_ECOR37	WP_413278272.1	27.561	410	233	9	1	382	2	375	0.0	579	46.59
NsnB_ECOR37	WP_334990910.1	28.109	402	232	9	1	382	2	366	0.0	579	47.01
NsnB_ECOR37	WP_290108753.1	31.830	399	243	7	1	383	2	387	0.0	578	49.87
NsnB_ECOR37	WP_408969651.1	29.723	397	227	8	1	382	2	361	0.0	578	47.86
NsnB_ECOR37	MEM7581376.1	30.326	399	224	8	1	382	2	363	0.0	578	45.86
NsnB_ECOR37	MEQ9553470.1	27.805	410	232	9	1	382	2	375	0.0	578	44.63
NsnB_ECOR37	WP_192429600.1	32.812	384	250	4	1	384	2	377	0.0	578	52.60
NsnB_ECOR37	WP_401896677.1	29.082	392	249	6	1	383	2	373	0.0	577	49.74
NsnB_ECOR37	MBF0393417.1	30.534	393	242	5	1	383	2	373	0.0	577	47.07
NsnB_ECOR37	MDH5557224.1	31.620	389	235	6	1	383	2	365	0.0	577	48.33
NsnB_ECOR37	MDH3228604.1	31.620	389	239	6	1	383	2	369	0.0	577	49.36
NsnB_ECOR37	WP_015141181.1	29.353	402	231	9	1	382	2	370	0.0	577	45.52
NsnB_ECOR37	MEY3786415.1	34.896	384	240	5	1	384	2	375	0.0	576	54.95
NsnB_ECOR37	WP_334435646.1	30.457	394	251	7	1	383	2	383	0.0	576	51.02
NsnB_ECOR37	WP_142646659.1	29.744	390	247	6	1	383	2	371	0.0	576	48.97
NsnB_ECOR37	WP_405088664.1	28.462	390	252	6	1	383	2	371	0.0	576	47.95
NsnB_ECOR37	VFJ74601.1	34.896	384	244	3	1	384	2	379	0.0	575	55.73
NsnB_ECOR37	WP_190518870.1	29.574	399	228	8	1	382	2	364	0.0	575	48.62
NsnB_ECOR37	WP_266369874.1	29.803	406	250	6	1	383	2	395	0.0	575	49.75
NsnB_ECOR37	MBF0421962.1	29.897	388	246	5	1	382	2	369	0.0	575	49.74
NsnB_ECOR37	MFA7166276.1	33.594	384	247	4	1	384	2	377	0.0	575	53.65
NsnB_ECOR37	WP_142602865.1	28.822	399	231	8	1	382	2	364	0.0	575	46.87
NsnB_ECOR37	WP_185567050.1	27.363	402	235	9	1	382	2	366	0.0	575	46.77
NsnB_ECOR37	WP_413801413.1	30.025	393	241	6	1	383	2	370	0.0	575	50.13
NsnB_ECOR37	WP_393205242.1	29.262	393	250	6	1	383	2	376	0.0	574	49.11
NsnB_ECOR37	MDH5517789.1	32.552	384	251	4	1	384	2	377	0.0	574	52.34
NsnB_ECOR37	WP_193868079.1	29.602	402	222	8	2	382	3	364	0.0	574	47.51
NsnB_ECOR37	WP_230445030.1	32.812	384	249	5	1	384	2	376	0.0	574	54.95
NsnB_ECOR37	WP_015209264.1	25.059	427	242	9	1	382	2	395	0.0	574	42.86
NsnB_ECOR37	WP_367495123.1	28.244	393	254	6	1	383	2	376	0.0	574	48.85
NsnB_ECOR37	WP_181258203.1	33.333	384	248	4	1	384	2	377	0.0	574	54.43
NsnB_ECOR37	WP_248821285.1	30.077	389	243	6	1	382	2	368	0.0	574	50.90
NsnB_ECOR37	WP_406730827.1	29.136	405	253	6	1	383	2	394	0.0	574	48.40
NsnB_ECOR37	WP_162949876.1	33.333	384	245	5	1	384	2	374	0.0	574	55.99
NsnB_ECOR37	HAG84501.1	28.916	415	227	9	1	382	2	381	0.0	573	45.30
NsnB_ECOR37	HEY1348078.1	30.612	392	243	8	1	382	2	374	0.0	573	50.77
NsnB_ECOR37	MBN2529920.1	37.500	384	230	5	1	384	2	375	0.0	573	54.95
NsnB_ECOR37	WP_037251856.1	29.949	394	245	6	1	383	2	375	0.0	573	48.98
NsnB_ECOR37	MFC1515791.1	32.990	388	232	6	1	382	2	367	0.0	573	52.06
NsnB_ECOR37	WP_176225275.1	31.771	384	253	5	1	384	2	376	0.0	573	53.12
NsnB_ECOR37	MBF0183353.1	30.848	389	241	6	1	382	2	369	0.0	573	50.39
NsnB_ECOR37	MDJ0608033.1	33.933	389	228	6	1	382	2	368	0.0	573	51.67
NsnB_ECOR37	WP_363208118.1	28.358	402	250	7	1	383	2	384	0.0	573	47.26
NsnB_ECOR37	WP_327329981.1	29.517	393	252	6	1	383	2	379	0.0	573	48.60
NsnB_ECOR37	NOT61145.1	28.607	402	232	8	1	382	2	368	0.0	572	47.76
NsnB_ECOR37	MEO5346745.1	31.266	387	240	6	1	382	2	367	0.0	572	52.20
NsnB_ECOR37	WP_391764276.1	28.753	393	254	6	1	383	2	378	0.0	572	48.09
NsnB_ECOR37	HEY9809033.1	30.905	398	221	10	1	382	2	361	0.0	572	46.98
NsnB_ECOR37	WP_334593035.1	29.517	393	252	6	1	383	2	379	0.0	572	49.62
NsnB_ECOR37	WP_357700513.1	33.503	394	237	7	1	383	2	381	0.0	572	50.25
NsnB_ECOR37	WP_351509225.1	28.536	403	255	6	1	382	2	392	0.0	572	48.64
NsnB_ECOR37	OKH54033.1	25.647	425	241	8	1	382	2	394	0.0	572	43.06
NsnB_ECOR37	MEO5377508.1	31.877	389	240	6	1	382	2	372	0.0	572	51.41
NsnB_ECOR37	WP_261263497.1	29.723	397	227	8	1	382	2	361	0.0	572	46.35
NsnB_ECOR37	WP_116021511.1	31.980	394	238	7	1	383	2	376	0.0	571	49.75
NsnB_ECOR37	WP_280871198.1	29.262	393	248	6	1	383	2	374	0.0	571	49.62
NsnB_ECOR37	WP_300006668.1	27.230	426	233	9	1	382	2	394	0.0	571	43.66
NsnB_ECOR37	MCK4763228.1	30.591	389	244	6	1	382	2	371	0.0	571	51.16
NsnB_ECOR37	WP_214908910.1	27.861	402	250	7	1	383	2	382	0.0	571	46.77
NsnB_ECOR37	WP_168502924.1	27.295	403	234	10	1	382	2	366	0.0	571	45.91
NsnB_ECOR37	QPJ61718.1	33.766	385	248	4	1	384	2	380	0.0	571	55.32
NsnB_ECOR37	WP_329315194.1	30.051	396	247	6	1	383	2	380	0.0	571	48.48
NsnB_ECOR37	MEM7726812.1	27.792	403	240	9	1	382	2	374	0.0	570	46.90
NsnB_ECOR37	WP_212626437.1	33.854	384	243	5	1	384	2	374	0.0	570	55.99
NsnB_ECOR37	WP_030222521.1	29.049	389	253	6	1	383	2	373	0.0	570	48.84
NsnB_ECOR37	WP_012596216.1	31.078	399	236	8	1	382	2	378	0.0	570	49.87
NsnB_ECOR37	WP_042579432.1	32.552	384	251	4	1	384	2	377	0.0	570	53.65
NsnB_ECOR37	WP_190528261.1	25.647	425	240	8	1	382	2	393	0.0	570	43.76
NsnB_ECOR37	MEO8340874.1	30.591	389	241	6	1	382	2	368	0.0	570	49.87
NsnB_ECOR37	OCQ94687.1	27.889	398	234	9	1	382	2	362	0.0	570	46.98
NsnB_ECOR37	MBN9295224.1	30.670	388	241	6	1	382	2	367	0.0	570	51.55
NsnB_ECOR37	WP_310868613.1	33.073	384	244	5	1	384	2	372	0.0	570	56.51
NsnB_ECOR37	MCU0663471.1	32.391	389	240	6	1	382	2	374	0.0	569	50.64
NsnB_ECOR37	VFJ42913.1	33.504	391	245	5	1	384	2	384	0.0	569	52.94
NsnB_ECOR37	WP_101832999.1	29.156	391	245	6	1	382	2	369	0.0	569	50.90
NsnB_ECOR37	WP_361019596.1	29.136	405	253	6	1	383	2	394	0.0	569	49.38
NsnB_ECOR37	WP_002751553.1	28.715	397	237	8	1	382	2	367	0.0	569	48.11
NsnB_ECOR37	MCD6475222.1	33.073	384	249	4	1	384	2	377	0.0	568	54.69
NsnB_ECOR37	HEY9865397.1	28.715	397	231	8	1	382	2	361	0.0	568	48.36
NsnB_ECOR37	MCY2995610.1	32.468	385	252	5	1	384	2	379	0.0	568	55.32
NsnB_ECOR37	WP_327413378.1	29.750	400	248	6	1	383	2	385	0.0	568	49.00
NsnB_ECOR37	WP_063844356.1	28.682	387	252	4	2	382	3	371	0.0	568	48.58
NsnB_ECOR37	WP_411960856.1	34.375	384	240	5	1	384	2	373	0.0	568	55.21
NsnB_ECOR37	GAB0058712.1	31.701	388	238	6	1	382	2	368	0.0	568	52.06
NsnB_ECOR37	WP_318729663.1	29.040	396	234	8	1	382	2	364	0.0	568	48.74
NsnB_ECOR37	WP_209992833.1	31.026	390	238	6	1	383	2	367	0.0	568	50.77
NsnB_ECOR37	WP_266531352.1	29.064	406	253	6	1	383	2	395	0.0	567	49.01
NsnB_ECOR37	WP_365647053.1	30.534	393	245	6	1	383	2	376	0.0	567	49.87
NsnB_ECOR37	WP_013067045.1	30.233	387	246	4	2	382	3	371	0.0	567	50.13
NsnB_ECOR37	MCY4507252.1	32.992	391	249	5	1	384	2	386	0.0	567	51.41
NsnB_ECOR37	WP_083619088.1	30.390	385	241	6	1	381	2	363	0.0	567	52.47
NsnB_ECOR37	MDZ8166590.1	26.617	402	238	9	1	382	2	366	0.0	567	46.02
NsnB_ECOR37	MDZ8184458.1	26.866	402	237	9	1	382	2	366	0.0	567	46.02
NsnB_ECOR37	WP_281555053.1	29.899	398	247	8	1	383	2	382	0.0	567	46.73
NsnB_ECOR37	WP_328270018.1	30.077	389	241	6	1	382	2	366	0.0	567	50.64
NsnB_ECOR37	WP_131917630.1	32.474	388	233	6	1	383	2	365	0.0	567	50.52
NsnB_ECOR37	WP_254365799.1	29.820	389	242	6	1	382	2	366	0.0	567	50.13
NsnB_ECOR37	MDE0632909.1	30.280	393	240	5	2	382	3	373	0.0	567	50.64
NsnB_ECOR37	WP_355826155.1	28.856	402	253	7	1	383	2	389	0.0	567	49.25
NsnB_ECOR37	WP_247297892.1	29.870	385	244	4	4	382	5	369	0.0	567	47.79
NsnB_ECOR37	WP_367857051.1	32.481	391	233	6	2	383	3	371	0.0	567	50.64
NsnB_ECOR37	WP_247116148.1	32.902	386	246	6	1	384	2	376	0.0	566	52.85
NsnB_ECOR37	WP_184938466.1	32.225	391	238	6	1	383	2	373	0.0	566	48.85
NsnB_ECOR37	UCH96013.1	30.334	389	244	6	1	382	2	370	0.0	566	50.13
NsnB_ECOR37	WP_317537691.1	33.594	384	245	4	1	384	2	375	0.0	566	54.17
NsnB_ECOR37	MCP4695449.1	29.744	390	244	6	1	382	2	369	0.0	566	48.46
NsnB_ECOR37	WP_062489391.1	30.077	389	241	6	1	382	2	366	0.0	565	50.64
NsnB_ECOR37	MDQ1354968.1	30.256	390	243	6	1	382	2	370	0.0	565	51.03
NsnB_ECOR37	WP_413586044.1	28.424	387	250	5	1	382	2	366	0.0	565	49.10
NsnB_ECOR37	WP_354037498.1	29.610	385	245	4	4	382	5	369	0.0	565	48.31
NsnB_ECOR37	WP_360486694.1	30.534	393	244	6	1	383	2	375	0.0	565	49.62
NsnB_ECOR37	MCU5378238.1	34.359	390	226	7	1	382	2	369	0.0	565	51.28
NsnB_ECOR37	WP_210624859.1	32.474	388	232	6	4	383	5	370	0.0	565	51.55
NsnB_ECOR37	WP_261222381.1	30.151	398	224	10	1	382	2	361	0.0	565	46.73
NsnB_ECOR37	WP_399781375.1	29.262	393	249	6	1	383	2	375	0.0	565	49.62
NsnB_ECOR37	WP_224348874.1	28.571	406	241	8	1	383	2	381	0.0	565	47.04
NsnB_ECOR37	WP_366134000.1	30.303	396	246	6	1	383	2	380	0.0	564	48.23
NsnB_ECOR37	MEX5219864.1	30.827	399	227	8	1	382	2	368	0.0	564	48.12
NsnB_ECOR37	WP_413175352.1	27.166	427	233	8	1	382	2	395	0.0	564	44.50
NsnB_ECOR37	WP_267820807.1	31.250	384	253	5	1	384	2	374	0.0	564	56.25
NsnB_ECOR37	WP_050946886.1	34.115	384	245	5	1	384	2	377	0.0	564	53.65
NsnB_ECOR37	WP_171684751.1	31.362	389	236	6	1	382	2	366	0.0	563	51.16
NsnB_ECOR37	HVK56300.1	27.551	392	253	6	1	383	2	371	0.0	563	47.19
NsnB_ECOR37	MBF0409627.1	33.594	384	246	5	1	384	2	376	0.0	563	52.34
NsnB_ECOR37	WP_378057011.1	31.362	389	239	5	1	383	2	368	0.0	563	49.61
NsnB_ECOR37	WP_344287551.1	27.551	392	256	6	1	383	2	374	0.0	563	49.23
NsnB_ECOR37	MDI3461832.1	33.854	384	246	4	1	384	2	377	0.0	563	54.43
NsnB_ECOR37	WP_165633636.1	30.789	393	242	6	1	383	2	374	0.0	562	48.35
NsnB_ECOR37	NTV46496.1	33.594	384	247	4	1	384	2	377	0.0	562	56.25
NsnB_ECOR37	MFL6337058.1	27.431	401	237	8	1	382	2	367	0.0	562	45.14
NsnB_ECOR37	MFM2060584.1	28.571	399	233	8	1	382	2	365	0.0	562	47.12
NsnB_ECOR37	WP_197997161.1	34.278	388	242	6	1	384	2	380	0.0	562	55.67
NsnB_ECOR37	NCN70983.1	33.002	403	241	5	1	384	2	394	0.0	562	52.11
NsnB_ECOR37	BDG64423.1	28.070	399	235	8	1	382	2	365	0.0	562	47.87
NsnB_ECOR37	WP_075790081.1	29.716	387	248	4	2	382	3	371	0.0	561	50.39
NsnB_ECOR37	WP_382218277.1	27.427	412	244	9	1	383	2	387	0.0	561	45.63
NsnB_ECOR37	WP_392942072.1	30.534	393	240	6	1	383	2	371	0.0	561	50.89
NsnB_ECOR37	MEE4357258.1	29.610	385	245	5	4	382	1	365	0.0	561	52.21
NsnB_ECOR37	WP_384039354.1	29.529	403	250	7	1	383	2	390	0.0	561	48.14
NsnB_ECOR37	MDD4894594.1	31.606	386	235	6	1	378	2	366	0.0	560	50.26
NsnB_ECOR37	WP_043575560.1	30.203	394	241	7	2	383	3	374	0.0	560	48.48
NsnB_ECOR37	WP_267040132.1	29.412	391	250	5	1	383	2	374	0.0	560	49.36
NsnB_ECOR37	WP_198798912.1	32.812	384	249	5	1	384	2	376	0.0	559	54.69
NsnB_ECOR37	WP_360832459.1	28.861	395	259	6	1	383	2	386	0.0	559	49.62
NsnB_ECOR37	MCK5055880.1	30.513	390	242	6	1	382	2	370	0.0	558	51.03
NsnB_ECOR37	MBF0249683.1	33.073	384	248	5	1	384	2	376	0.0	558	53.65
NsnB_ECOR37	WP_143618977.1	29.500	400	252	5	1	383	2	388	0.0	558	50.25
NsnB_ECOR37	MCY4379747.1	34.264	394	244	5	1	384	2	390	0.0	558	52.03
NsnB_ECOR37	MDW7678982.1	31.026	390	239	6	1	382	2	369	0.0	558	51.79
NsnB_ECOR37	WP_102490721.1	34.375	384	244	4	1	384	2	377	0.0	558	53.12
NsnB_ECOR37	WP_198679990.1	29.231	390	247	6	1	382	2	370	0.0	558	48.72
NsnB_ECOR37	WP_391581213.1	27.861	402	259	4	1	382	2	392	0.0	558	46.77
NsnB_ECOR37	WP_297121918.1	29.049	389	249	5	1	382	2	370	0.0	558	49.36
NsnB_ECOR37	WP_399400270.1	28.640	419	236	9	1	382	2	394	0.0	558	44.63
NsnB_ECOR37	OQX03166.1	30.155	388	245	5	1	382	2	369	0.0	558	53.09
NsnB_ECOR37	HEY4035296.1	27.318	399	238	8	1	382	2	365	0.0	558	48.12
NsnB_ECOR37	WP_131711097.1	29.563	389	246	6	1	382	2	369	0.0	557	50.39
NsnB_ECOR37	WP_408974553.1	27.978	361	218	6	1	343	4	340	0.0	557	47.65
NsnB_ECOR37	NVN91861.1	33.854	384	246	4	1	384	2	377	0.0	557	56.51
NsnB_ECOR37	MBN1960867.1	33.766	385	247	4	1	384	2	379	0.0	557	54.29
NsnB_ECOR37	WP_363145087.1	28.645	391	253	5	1	383	2	374	0.0	557	48.85
NsnB_ECOR37	MCY4515392.1	30.256	390	260	5	1	384	2	385	0.0	557	51.03
NsnB_ECOR37	WP_203159532.1	31.443	388	241	4	2	383	3	371	0.0	557	49.48
NsnB_ECOR37	MDE0030310.1	31.783	387	252	5	1	384	2	379	0.0	557	50.39
NsnB_ECOR37	WP_365139181.1	28.101	395	262	5	1	382	2	387	0.0	557	47.85
NsnB_ECOR37	MFI3189043.1	35.938	384	237	4	1	384	2	376	0.0	557	54.69
NsnB_ECOR37	WP_381569982.1	29.750	400	244	7	1	383	2	381	0.0	557	49.00
NsnB_ECOR37	HZN19275.1	28.856	402	246	6	1	383	2	382	0.0	557	46.52
NsnB_ECOR37	WP_093841206.1	28.424	387	249	5	1	383	2	364	0.0	557	47.80
NsnB_ECOR37	MBC6480696.1	28.676	408	238	10	1	382	2	382	0.0	557	45.59
NsnB_ECOR37	WP_015488584.1	28.278	389	251	6	1	382	2	369	0.0	556	48.33
NsnB_ECOR37	WP_101617759.1	29.306	389	247	6	1	382	2	369	0.0	556	49.87
NsnB_ECOR37	WP_344121826.1	29.847	392	247	6	1	383	2	374	0.0	556	48.47
NsnB_ECOR37	WP_358474263.1	29.771	393	244	6	1	383	2	372	0.0	556	48.85
NsnB_ECOR37	NIM15178.1	30.591	389	243	6	1	382	2	370	0.0	555	50.64
NsnB_ECOR37	MCI0470272.1	31.877	389	236	6	1	381	2	369	0.0	555	52.44
NsnB_ECOR37	MEI7462395.1	34.715	386	241	6	1	384	2	378	0.0	555	54.66
NsnB_ECOR37	WP_403675235.1	30.000	410	241	8	1	383	2	392	0.0	555	46.83
NsnB_ECOR37	WP_187042025.1	27.569	399	237	8	1	382	2	365	0.0	555	46.87
NsnB_ECOR37	WP_341326857.1	33.420	383	244	5	2	384	3	374	0.0	555	53.52
NsnB_ECOR37	HDM8365868.1	29.306	389	247	6	1	382	2	369	0.0	555	48.84
NsnB_ECOR37	MDQ6969235.1	34.115	384	244	5	1	384	2	376	0.0	554	55.47
NsnB_ECOR37	WP_237396631.1	30.725	345	210	6	44	382	2	323	0.0	554	48.99
NsnB_ECOR37	WP_041214843.1	32.391	389	249	5	1	384	2	381	0.0	554	53.98
NsnB_ECOR37	WP_387235922.1	30.179	391	249	5	1	383	2	376	0.0	554	51.92
NsnB_ECOR37	MFJ3627531.1	30.280	393	240	6	1	383	2	370	0.0	554	49.87
NsnB_ECOR37	MBF0233773.1	31.282	390	239	6	1	383	2	369	0.0	554	52.05
NsnB_ECOR37	WP_281894278.1	29.820	389	242	6	4	383	5	371	0.0	553	49.87
NsnB_ECOR37	WP_250918257.1	29.557	406	252	6	1	383	2	396	0.0	553	48.52
NsnB_ECOR37	WP_348782179.1	29.231	390	248	6	1	383	2	370	0.0	553	48.21
NsnB_ECOR37	WP_270084403.1	29.925	401	244	7	1	383	2	383	0.0	553	47.38
NsnB_ECOR37	MBV6426114.1	31.701	388	239	5	1	382	2	369	0.0	553	50.52
NsnB_ECOR37	WP_089634033.1	29.563	389	246	6	1	382	2	369	0.0	553	48.84
NsnB_ECOR37	WP_064487739.1	33.333	384	248	4	1	384	2	377	0.0	553	52.34
NsnB_ECOR37	QQO53948.1	32.031	384	253	4	1	384	2	377	0.0	553	54.17
NsnB_ECOR37	WP_356478509.1	28.750	400	242	8	1	383	2	375	0.0	553	46.50
NsnB_ECOR37	WP_385623221.1	29.032	403	244	7	1	383	2	382	0.0	553	48.88
NsnB_ECOR37	WP_328718933.1	29.602	402	243	7	1	383	2	382	0.0	553	48.76
NsnB_ECOR37	WP_272051513.1	28.822	399	232	8	1	382	2	365	0.0	553	46.87
NsnB_ECOR37	WP_231469700.1	29.231	390	249	5	1	383	2	371	0.0	552	47.95
NsnB_ECOR37	WP_048478323.1	28.827	392	250	6	1	383	2	373	0.0	552	47.96
NsnB_ECOR37	WP_148760530.1	29.517	393	242	6	1	382	2	370	0.0	552	51.40
NsnB_ECOR37	MCP4629074.1	33.508	382	246	4	3	384	4	377	0.0	552	55.24
NsnB_ECOR37	VFJ50120.1	34.635	384	243	4	1	384	2	377	0.0	552	54.17
NsnB_ECOR37	MCY3959816.1	32.031	384	253	5	1	384	2	377	0.0	552	54.17
NsnB_ECOR37	WP_190367587.1	28.715	397	241	8	1	382	2	371	0.0	552	47.10
NsnB_ECOR37	WP_396325946.1	29.167	408	226	8	1	383	2	371	0.0	551	47.06
NsnB_ECOR37	WP_075021125.1	31.250	400	244	7	1	383	2	387	0.0	551	48.00
NsnB_ECOR37	MCI0574084.1	32.418	364	219	5	1	358	2	344	0.0	551	51.92
NsnB_ECOR37	WP_340558027.1	28.818	406	254	6	1	383	2	395	0.0	551	47.04
NsnB_ECOR37	WP_092229953.1	31.795	390	237	6	1	383	2	369	0.0	551	52.05
NsnB_ECOR37	MEO5366502.1	30.670	388	243	5	1	382	2	369	0.0	551	52.84
NsnB_ECOR37	MCY4646390.1	31.347	386	254	5	1	384	2	378	0.0	551	51.55
NsnB_ECOR37	WP_381985778.1	28.463	397	263	7	1	383	2	391	0.0	551	47.10
NsnB_ECOR37	WP_168495714.1	29.610	385	243	7	1	382	2	361	0.0	551	51.95
NsnB_ECOR37	WP_035152194.1	27.536	414	241	11	1	382	2	388	0.0	550	45.89
NsnB_ECOR37	RWX44418.1	29.049	389	250	6	1	382	2	371	0.0	550	49.61
NsnB_ECOR37	WP_053539247.1	28.070	399	235	8	1	382	2	365	0.0	550	46.12
NsnB_ECOR37	WP_149139734.1	28.061	392	251	6	1	383	2	371	0.0	550	46.43
NsnB_ECOR37	WP_266428220.1	28.822	399	242	8	1	383	2	374	0.0	550	46.62
NsnB_ECOR37	WP_329531873.1	29.851	402	250	6	1	382	2	391	0.0	550	48.51
NsnB_ECOR37	NLT56612.1	27.431	401	251	6	1	383	2	380	0.0	550	46.38
NsnB_ECOR37	WP_164524048.1	30.334	389	240	6	4	383	5	371	0.0	550	50.13
NsnB_ECOR37	WP_083520379.1	33.247	385	248	5	1	384	2	378	0.0	550	54.81
NsnB_ECOR37	MCY7391326.1	30.548	347	214	6	40	382	1	324	0.0	549	50.14
NsnB_ECOR37	HEY85121.1	29.412	391	246	5	1	382	2	371	0.0	549	52.69
NsnB_ECOR37	MYB35115.1	28.792	389	249	6	1	382	2	369	0.0	549	48.33
NsnB_ECOR37	WP_015212618.1	31.008	387	240	6	1	382	2	366	0.0	549	50.90
NsnB_ECOR37	WP_361526987.1	28.148	405	241	7	1	383	2	378	0.0	549	45.19
NsnB_ECOR37	MBY0454793.1	35.476	389	239	4	1	384	2	383	0.0	549	57.07
NsnB_ECOR37	WP_075742616.1	30.633	395	238	7	1	383	2	372	0.0	549	50.13
NsnB_ECOR37	MCL2930869.1	30.882	340	210	5	1	338	2	318	0.0	549	49.41
NsnB_ECOR37	WP_107413735.1	28.856	402	246	7	1	383	2	382	0.0	548	49.00
NsnB_ECOR37	MBK8130666.1	32.323	396	248	5	1	384	2	389	0.0	548	50.51
NsnB_ECOR37	WP_031436604.1	27.949	390	268	7	1	382	2	386	0.0	548	47.69
NsnB_ECOR37	WP_335739283.1	34.635	384	243	4	1	384	2	377	0.0	548	54.43
NsnB_ECOR37	MCI0470745.1	28.021	389	255	6	1	382	2	372	0.0	548	50.64
NsnB_ECOR37	WP_130697092.1	31.701	388	240	4	2	383	3	371	0.0	548	51.03
NsnB_ECOR37	WP_376326357.1	29.177	401	248	7	1	383	2	384	0.0	548	46.63
NsnB_ECOR37	WP_381252865.1	30.310	419	228	9	1	382	2	393	0.0	548	47.26
NsnB_ECOR37	MCY4307946.1	27.763	389	255	6	1	382	372	741	0.0	548	47.56
NsnB_ECOR37	WP_073303121.1	30.749	387	238	5	1	381	2	364	0.0	548	48.58
NsnB_ECOR37	WP_388149066.1	29.064	406	253	6	1	383	2	395	0.0	548	48.28
NsnB_ECOR37	WP_093898985.1	29.851	402	242	7	1	383	2	382	0.0	547	48.51
NsnB_ECOR37	MEI7590233.1	29.897	388	244	5	1	382	2	367	0.0	547	49.48
NsnB_ECOR37	WP_409472727.1	28.288	403	243	7	1	383	2	378	0.0	547	46.40
NsnB_ECOR37	WP_405739071.1	30.597	402	247	6	1	382	2	391	0.0	547	48.76
NsnB_ECOR37	MCU0289066.1	30.769	390	241	6	1	382	2	370	0.0	547	53.33
NsnB_ECOR37	WP_216311887.1	30.491	387	239	5	1	381	2	364	0.0	547	49.61
NsnB_ECOR37	WP_240322433.1	30.270	370	228	7	28	383	1	354	0.0	547	49.46
NsnB_ECOR37	WP_062719118.1	27.889	398	247	7	1	383	2	374	0.0	547	47.24
NsnB_ECOR37	MDE0304247.1	29.082	392	247	6	1	383	2	371	0.0	546	47.70
NsnB_ECOR37	NOY25888.1	32.727	385	250	5	1	384	2	378	0.0	546	52.73
NsnB_ECOR37	HVC94118.1	33.245	376	243	4	9	384	4	371	0.0	546	51.33
NsnB_ECOR37	WP_056759165.1	30.769	390	250	6	1	383	2	378	0.0	546	48.21
NsnB_ECOR37	WP_368978583.1	27.506	389	254	6	1	382	2	369	0.0	546	48.33
NsnB_ECOR37	WP_193897413.1	28.250	400	234	8	1	382	2	366	0.0	545	45.75
NsnB_ECOR37	WP_270133322.1	29.897	388	240	7	7	383	2	368	0.0	545	49.48
NsnB_ECOR37	MCQ2979658.1	32.316	393	233	6	1	382	2	372	0.0	545	50.13
NsnB_ECOR37	MCX7392521.1	32.041	387	252	5	1	384	2	380	0.0	545	52.71
NsnB_ECOR37	WP_403173668.1	29.929	421	229	9	1	382	2	395	0.0	544	47.03
NsnB_ECOR37	WP_179642181.1	32.152	395	238	8	1	383	2	378	0.0	543	49.37
NsnB_ECOR37	WP_383387405.1	29.750	400	247	7	1	383	2	384	0.0	543	47.75
NsnB_ECOR37	MCI5219254.1	27.835	388	255	5	1	382	2	370	0.0	543	48.71
NsnB_ECOR37	WP_340038417.1	30.334	389	244	6	1	382	2	370	0.0	543	48.84
NsnB_ECOR37	WP_367538351.1	29.648	398	244	7	4	383	1	380	0.0	543	47.49
NsnB_ECOR37	WP_290600990.1	27.569	399	237	8	1	382	2	365	0.0	543	45.36
NsnB_ECOR37	WP_253802031.1	26.456	412	240	8	1	383	2	379	0.0	543	43.93
NsnB_ECOR37	NJK96838.1	31.795	390	239	7	1	382	2	372	0.0	543	51.28
NsnB_ECOR37	WP_219652883.1	29.820	389	245	6	1	382	2	369	0.0	543	49.10
NsnB_ECOR37	WP_027404891.1	28.500	400	239	9	1	382	2	372	0.0	543	46.25
NsnB_ECOR37	WP_382299077.1	27.027	407	247	8	1	383	2	382	0.0	543	44.96
NsnB_ECOR37	WP_358511612.1	29.000	400	247	6	1	383	2	381	0.0	543	46.50
NsnB_ECOR37	WP_406422500.1	29.064	406	253	6	1	383	2	395	0.0	543	48.52
NsnB_ECOR37	WP_343108128.1	29.049	389	249	6	1	382	2	370	0.0	543	47.81
NsnB_ECOR37	NKC12032.1	31.218	394	255	5	1	384	14	401	0.0	543	51.27
NsnB_ECOR37	WP_214616024.1	31.000	400	249	7	1	383	2	391	0.0	543	48.75
NsnB_ECOR37	WP_405387795.1	28.571	406	254	6	1	383	2	394	0.0	543	49.01
NsnB_ECOR37	MDY0360600.1	28.866	388	250	6	1	382	2	369	0.0	543	50.52
NsnB_ECOR37	WP_171132372.1	29.412	391	247	6	1	383	2	371	0.0	542	48.34
NsnB_ECOR37	WP_391009539.1	28.040	403	259	6	1	383	2	393	0.0	542	47.89
NsnB_ECOR37	WP_249003526.1	29.208	404	253	6	1	383	2	393	0.0	542	48.02
NsnB_ECOR37	WP_168632741.1	27.654	405	236	9	1	382	2	372	0.0	542	46.42
NsnB_ECOR37	WP_082560734.1	28.974	390	256	6	1	383	2	377	0.0	542	47.18
NsnB_ECOR37	HKS72593.1	27.919	394	246	8	1	383	2	368	0.0	542	48.22
NsnB_ECOR37	WP_384403572.1	29.630	405	251	6	1	382	2	395	0.0	542	48.64
NsnB_ECOR37	MDJ0660887.1	30.637	408	249	8	1	382	2	401	0.0	542	50.00
NsnB_ECOR37	WP_117349103.1	29.877	405	249	7	1	382	2	394	0.0	542	49.14
NsnB_ECOR37	TVP62605.1	29.351	385	244	7	1	382	2	361	0.0	542	51.69
NsnB_ECOR37	WP_241937002.1	27.791	421	263	10	1	382	2	420	0.0	542	45.61
NsnB_ECOR37	MBF0234558.1	27.577	388	255	6	1	382	2	369	0.0	541	50.52
NsnB_ECOR37	MDZ8170288.1	28.535	389	237	8	1	382	2	356	0.0	541	49.87
NsnB_ECOR37	WP_183926069.1	28.205	390	253	5	1	383	2	371	0.0	540	46.67
NsnB_ECOR37	MCY4585108.1	32.031	384	252	4	1	384	2	376	0.0	540	53.12
NsnB_ECOR37	WP_193943197.1	28.429	401	252	10	1	382	2	386	0.0	540	48.63
NsnB_ECOR37	MBF0173624.1	32.987	385	249	5	1	384	2	378	0.0	540	54.03
NsnB_ECOR37	WP_194057353.1	27.000	400	239	8	1	382	2	366	0.0	540	44.75
NsnB_ECOR37	WP_215476888.1	34.877	367	229	5	18	384	2	358	0.0	540	54.50
NsnB_ECOR37	WP_046729647.1	28.536	403	242	8	1	383	2	378	0.0	540	47.15
NsnB_ECOR37	MDO9215546.1	32.619	420	240	4	1	384	2	414	0.0	540	50.48
NsnB_ECOR37	WP_262101942.1	31.877	389	237	4	1	382	2	369	0.0	540	48.33
NsnB_ECOR37	MDE2644671.1	34.109	387	243	6	2	382	3	383	0.0	540	54.26
NsnB_ECOR37	MCY4100373.1	27.763	389	253	6	1	382	2	369	0.0	540	49.10
NsnB_ECOR37	WP_361439761.1	28.571	406	255	6	1	383	2	395	0.0	540	48.52
NsnB_ECOR37	WP_400943715.1	27.525	396	257	6	1	383	2	380	0.0	539	46.46
NsnB_ECOR37	WP_293007435.1	30.334	389	243	6	1	382	2	369	0.0	539	50.64
NsnB_ECOR37	MBD5447714.1	33.590	390	229	5	1	382	4	371	0.0	539	52.56
NsnB_ECOR37	HLP87955.1	27.696	408	235	11	1	382	2	375	0.0	539	45.34
NsnB_ECOR37	WP_347988391.1	27.877	391	256	8	1	382	2	375	0.0	539	48.85
NsnB_ECOR37	MFV0436211.1	32.031	384	253	4	1	384	2	377	0.0	539	53.65
NsnB_ECOR37	WP_081043434.1	32.821	390	247	5	1	384	2	382	0.0	538	54.10
NsnB_ECOR37	MCX6579870.1	31.362	389	240	6	1	382	3	371	0.0	538	51.41
NsnB_ECOR37	WP_382891729.1	29.340	409	258	6	1	382	2	406	0.0	538	48.41
NsnB_ECOR37	WP_373883447.1	28.278	389	251	6	1	382	2	369	0.0	538	49.36
NsnB_ECOR37	WP_324775874.1	27.506	389	253	6	7	383	2	373	0.0	538	47.56
NsnB_ECOR37	WP_392935828.1	28.993	407	253	6	1	383	2	396	0.0	538	49.39
NsnB_ECOR37	WP_404174009.1	29.676	401	241	7	1	383	2	379	0.0	538	45.64
NsnB_ECOR37	WP_253049920.1	30.964	394	243	6	1	383	2	377	0.0	538	49.24
NsnB_ECOR37	MCI9582784.1	30.946	391	238	6	1	382	2	369	0.0	538	50.64
NsnB_ECOR37	MCY4186413.1	27.763	389	255	6	1	382	2	371	0.0	538	47.81
NsnB_ECOR37	WP_415949143.1	30.280	393	250	7	1	382	2	381	0.0	538	49.11
NsnB_ECOR37	WP_365101157.1	31.527	406	245	5	1	383	2	397	0.0	538	48.28
NsnB_ECOR37	WP_099069283.1	28.792	389	236	8	1	382	2	356	0.0	538	49.36
NsnB_ECOR37	WP_320397827.1	27.577	388	252	6	1	382	2	366	0.0	538	48.97
NsnB_ECOR37	MFO1044153.1	31.606	386	253	6	1	384	2	378	0.0	537	53.37
NsnB_ECOR37	MEE9394283.1	31.688	385	254	5	1	384	2	378	0.0	537	52.47
NsnB_ECOR37	MDY0058774.1	30.923	401	233	8	1	384	2	375	0.0	537	47.13
NsnB_ECOR37	MCY3841489.1	31.726	394	252	6	1	384	2	388	0.0	537	50.00
NsnB_ECOR37	WP_385601308.1	29.310	406	253	6	1	383	2	396	0.0	537	49.01
NsnB_ECOR37	WP_323283864.1	28.030	396	233	8	4	382	1	361	0.0	537	45.71
NsnB_ECOR37	WP_062207664.1	28.861	395	256	7	1	382	2	384	0.0	537	49.11
NsnB_ECOR37	MCW5202155.1	29.639	388	243	8	3	382	4	369	0.0	537	48.97
NsnB_ECOR37	MCY4128776.1	30.500	400	255	5	1	384	2	394	0.0	537	51.25
NsnB_ECOR37	WP_111832500.1	30.905	398	245	6	1	383	2	384	0.0	536	48.24
NsnB_ECOR37	WP_168498543.1	28.606	409	233	9	1	382	2	378	0.0	536	46.70
NsnB_ECOR37	MDH3348282.1	30.491	387	242	5	1	382	2	366	0.0	536	50.65
NsnB_ECOR37	WP_045455931.1	30.591	389	240	6	1	382	2	367	0.0	536	50.39
NsnB_ECOR37	MDH3593790.1	29.177	401	234	9	1	384	2	369	0.0	536	45.39
NsnB_ECOR37	RLC22062.1	31.795	390	235	8	1	381	2	369	0.0	536	51.03
NsnB_ECOR37	MCY4005438.1	32.487	394	252	6	1	384	2	391	0.0	536	51.52
NsnB_ECOR37	WP_352915817.1	29.563	389	247	6	1	382	2	370	0.0	535	49.61
NsnB_ECOR37	WP_093474726.1	31.527	406	243	6	1	383	2	395	0.0	535	48.28
NsnB_ECOR37	MEQ9641457.1	31.510	384	255	4	1	384	2	377	0.0	535	52.86
NsnB_ECOR37	WP_331118564.1	34.417	369	214	5	19	382	1	346	0.0	535	50.41
NsnB_ECOR37	WP_261092960.1	33.854	384	243	5	1	384	2	374	0.0	535	52.86
NsnB_ECOR37	WP_096595787.1	28.792	389	236	8	1	382	2	356	0.0	535	48.33
NsnB_ECOR37	MCE2751013.1	31.218	394	253	7	1	384	2	387	0.0	535	52.54
NsnB_ECOR37	WP_082501300.1	30.946	391	241	6	1	383	2	371	0.0	535	52.94
NsnB_ECOR37	WP_311707708.1	29.750	400	252	6	1	383	2	389	0.0	535	49.25
NsnB_ECOR37	MCI8741139.1	29.156	391	245	5	1	382	2	369	0.0	534	48.85
NsnB_ECOR37	WP_298940168.1	28.278	389	251	6	1	382	2	369	0.0	534	49.87
NsnB_ECOR37	MBF0136114.1	29.716	387	246	5	2	382	3	369	0.0	534	49.87
NsnB_ECOR37	NQU04737.1	31.078	399	225	9	1	382	2	367	0.0	534	47.12
NsnB_ECOR37	WP_414755929.1	29.306	389	234	8	1	382	2	356	0.0	534	49.36
NsnB_ECOR37	WP_332431766.1	29.630	405	253	5	1	383	2	396	0.0	534	48.64
NsnB_ECOR37	WP_120044669.1	28.141	398	249	6	1	383	2	377	0.0	534	46.73
NsnB_ECOR37	MCY4040510.1	34.367	387	244	6	1	384	2	381	0.0	534	54.52
NsnB_ECOR37	WP_154123391.1	33.854	384	243	5	1	384	2	374	0.0	534	56.25
NsnB_ECOR37	WP_308524141.1	31.362	389	241	8	1	380	2	373	0.0	534	50.90
NsnB_ECOR37	WP_164245219.1	27.114	402	263	6	1	383	2	392	0.0	534	47.51
NsnB_ECOR37	WP_257856906.1	30.846	402	244	6	4	382	1	391	0.0	533	49.25
NsnB_ECOR37	WP_383826754.1	29.353	402	253	6	1	382	2	392	0.0	533	48.76
NsnB_ECOR37	RCJ20235.1	27.763	389	240	8	1	382	2	356	0.0	533	48.33
NsnB_ECOR37	KJR40045.1	31.186	388	243	6	3	382	4	375	0.0	533	52.06
NsnB_ECOR37	WP_339782770.1	31.429	385	239	4	1	382	2	364	0.0	533	51.95
NsnB_ECOR37	WP_012383771.1	28.462	390	252	6	1	383	2	371	0.0	533	46.67
NsnB_ECOR37	WP_131122414.1	29.310	406	253	6	1	383	2	396	0.0	533	49.01
NsnB_ECOR37	WP_362960341.1	30.051	396	252	6	1	383	2	385	0.0	533	50.25
NsnB_ECOR37	MBF0308894.1	27.500	400	238	7	2	382	3	369	0.0	533	47.50
NsnB_ECOR37	WP_015903398.1	28.351	388	249	6	1	382	2	366	0.0	533	49.23
NsnB_ECOR37	WP_406167587.1	28.354	395	249	7	1	383	2	374	0.0	533	46.33
NsnB_ECOR37	WP_104219656.1	30.000	390	246	6	1	383	2	371	0.0	533	48.46
NsnB_ECOR37	WP_049574885.1	27.451	408	236	7	1	383	2	374	0.0	533	45.34
NsnB_ECOR37	MDM8528047.1	28.316	392	249	6	1	382	2	371	0.0	533	51.28
NsnB_ECOR37	WP_116686490.1	28.021	389	254	6	1	382	2	371	0.0	533	49.36
NsnB_ECOR37	BAY42313.1	29.563	389	233	8	1	382	2	356	0.0	533	49.61
NsnB_ECOR37	WP_278740006.1	29.639	388	243	5	1	382	2	365	0.0	532	47.94
NsnB_ECOR37	WP_223847165.1	28.536	403	262	9	1	382	2	399	0.0	532	48.88
NsnB_ECOR37	WP_138174163.1	29.188	394	249	8	1	383	2	376	0.0	532	47.97
NsnB_ECOR37	WP_079430199.1	28.571	406	256	6	1	383	2	396	0.0	532	48.28
NsnB_ECOR37	WP_010426455.1	36.719	384	232	5	1	384	2	374	0.0	532	56.77
NsnB_ECOR37	WP_087871159.1	27.506	389	254	6	1	382	2	369	0.0	532	48.84
NsnB_ECOR37	WP_176180190.1	29.238	407	253	6	1	383	2	397	0.0	532	48.89
NsnB_ECOR37	WP_191928059.1	32.812	384	247	5	1	384	2	374	0.0	532	53.65
NsnB_ECOR37	MXY54620.1	32.487	394	249	6	1	384	2	388	0.0	531	53.30
NsnB_ECOR37	WP_355850676.1	29.024	410	252	6	1	383	2	399	0.0	531	47.80
NsnB_ECOR37	WP_094346497.1	26.992	389	243	8	1	382	2	356	0.0	531	47.56
NsnB_ECOR37	MDE2718342.1	34.109	387	243	5	1	384	2	379	0.0	531	51.68
NsnB_ECOR37	WP_139448297.1	28.608	388	249	6	1	382	2	367	0.0	531	49.74
NsnB_ECOR37	WP_122962259.1	28.822	399	233	7	1	382	2	366	0.0	531	47.37
NsnB_ECOR37	HEY4183920.1	32.031	384	253	4	1	384	2	377	0.0	531	53.12
NsnB_ECOR37	WP_368446947.1	29.353	402	252	6	1	382	2	391	0.0	531	49.00
NsnB_ECOR37	WP_360879123.1	29.737	380	234	8	23	383	2	367	0.0	531	47.89
NsnB_ECOR37	RZJ94868.1	28.678	401	265	6	1	382	2	400	0.0	531	46.88
NsnB_ECOR37	WP_385509239.1	26.551	403	265	6	1	383	2	393	0.0	531	49.13
NsnB_ECOR37	MDX9722731.1	29.487	390	241	7	1	383	2	364	0.0	531	50.26
NsnB_ECOR37	MBS6398181.1	29.923	391	242	6	1	382	2	369	0.0	531	50.64
NsnB_ECOR37	WP_190488478.1	31.008	387	241	7	1	382	2	367	0.0	531	52.71
NsnB_ECOR37	WP_329256658.1	31.281	406	244	6	1	383	2	395	0.0	530	48.28
NsnB_ECOR37	MDE0401474.1	30.673	401	230	7	1	382	2	373	0.0	530	49.63
NsnB_ECOR37	WP_405717087.1	30.049	406	250	6	1	383	2	396	0.0	530	49.26
NsnB_ECOR37	WP_384640612.1	29.064	406	254	6	1	383	2	396	0.0	530	49.01
NsnB_ECOR37	MBF0528303.1	33.594	384	247	4	1	384	2	377	0.0	529	53.65
NsnB_ECOR37	WP_007023666.1	30.633	395	240	7	1	383	2	374	0.0	529	48.61
NsnB_ECOR37	HEV3317244.1	32.134	389	233	7	1	382	2	366	0.0	529	48.59
NsnB_ECOR37	RYD85819.1	34.375	384	244	4	1	384	2	377	0.0	529	54.17
NsnB_ECOR37	MDE0027269.1	31.618	408	247	6	1	384	2	401	0.0	529	50.25
NsnB_ECOR37	WP_390097114.1	27.612	402	263	6	1	383	2	394	0.0	529	49.25
NsnB_ECOR37	WP_358932303.1	28.851	409	255	6	1	383	2	400	0.0	529	49.39
NsnB_ECOR37	WP_273431641.1	33.248	391	228	6	1	382	2	368	0.0	529	53.71
NsnB_ECOR37	MCT4615658.1	29.306	389	248	6	1	382	2	370	0.0	528	52.44
NsnB_ECOR37	WP_073906442.1	28.571	406	256	6	1	383	2	396	0.0	528	49.51
NsnB_ECOR37	MCI7129546.1	27.877	391	250	6	1	382	2	369	0.0	528	49.36
NsnB_ECOR37	MCP4117704.1	28.608	388	248	6	1	382	2	366	0.0	528	49.23
NsnB_ECOR37	WP_069471692.1	31.990	397	232	8	1	382	2	375	0.0	528	50.38
NsnB_ECOR37	MFN5927904.1	32.895	380	243	5	9	384	3	374	0.0	528	53.95
NsnB_ECOR37	WP_145798082.1	29.064	406	254	6	1	383	2	396	0.0	528	48.52
NsnB_ECOR37	MEY8521403.1	26.598	391	254	6	1	382	2	368	0.0	528	49.87
NsnB_ECOR37	MEN8215123.1	31.026	390	239	8	1	382	2	369	0.0	528	48.97
NsnB_ECOR37	WP_343041793.1	28.784	403	254	6	1	382	2	392	0.0	528	47.15
NsnB_ECOR37	MCB9196797.1	27.136	398	242	8	1	382	2	367	0.0	528	47.24
NsnB_ECOR37	MCI9128665.1	29.156	391	248	6	1	382	2	372	0.0	528	50.38
NsnB_ECOR37	HEX8548918.1	29.744	390	245	6	1	382	2	370	0.0	528	47.69
NsnB_ECOR37	MES2501798.1	35.961	406	231	5	1	384	2	400	0.0	527	55.67
NsnB_ECOR37	WP_381765187.1	27.723	404	260	6	1	383	2	394	0.0	527	48.51
NsnB_ECOR37	MCY4092945.1	28.256	407	232	7	1	382	2	373	0.0	527	44.96
NsnB_ECOR37	HJH30246.1	32.990	388	237	5	1	383	2	371	0.0	527	53.87
NsnB_ECOR37	WP_389027096.1	28.358	402	242	8	1	383	2	376	0.0	527	46.52
NsnB_ECOR37	WP_153809410.1	29.723	397	247	8	1	383	2	380	0.0	527	48.61
NsnB_ECOR37	WP_398765962.1	29.310	406	252	6	1	383	2	395	0.0	527	48.77
NsnB_ECOR37	WP_257294201.1	34.375	384	244	4	1	384	2	377	0.0	527	54.69
NsnB_ECOR37	WP_377099183.1	29.049	389	248	6	1	382	2	369	0.0	527	47.04
NsnB_ECOR37	MCY4672483.1	31.347	386	253	5	2	381	3	382	0.0	527	52.59
NsnB_ECOR37	WP_067985663.1	27.833	406	267	6	1	383	2	404	0.0	526	48.52
NsnB_ECOR37	MFA9377001.1	32.134	389	237	5	1	382	2	370	0.0	526	53.73
NsnB_ECOR37	MCB0213921.1	25.750	400	249	7	2	382	3	373	0.0	526	46.50
NsnB_ECOR37	WP_252178012.1	28.021	389	252	6	1	382	2	369	0.0	526	49.61
NsnB_ECOR37	WP_028405835.1	28.070	399	236	7	1	382	2	366	0.0	526	47.62
NsnB_ECOR37	WP_173791744.1	29.744	390	243	5	1	382	2	368	0.0	526	52.05
NsnB_ECOR37	MDD9812090.1	30.504	377	253	5	8	384	3	370	0.0	526	51.46
NsnB_ECOR37	WP_178932205.1	31.105	389	241	6	1	382	2	370	0.0	525	52.44
NsnB_ECOR37	WP_382681418.1	29.104	402	253	6	1	382	2	391	0.0	525	48.76
NsnB_ECOR37	WP_415939316.1	30.049	406	249	6	1	383	2	395	0.0	525	48.77
NsnB_ECOR37	WP_033317964.1	28.250	400	256	6	1	383	2	387	0.0	525	49.00
NsnB_ECOR37	WP_344258848.1	30.025	403	250	6	1	383	2	392	0.0	525	49.13
NsnB_ECOR37	WP_226077566.1	29.073	399	241	8	1	383	2	374	0.0	525	46.87
NsnB_ECOR37	WP_324786640.1	29.975	407	249	7	1	383	2	396	0.0	525	48.40
NsnB_ECOR37	WP_098835986.1	30.311	386	239	6	1	382	2	361	0.0	525	51.55
NsnB_ECOR37	CAG0976943.1	27.696	408	254	9	1	382	5	397	0.0	525	47.06
NsnB_ECOR37	WP_286738116.1	28.608	388	250	5	1	382	2	368	0.0	525	46.91
NsnB_ECOR37	KKZ13995.1	30.749	374	242	6	1	367	2	365	0.0	525	52.67
NsnB_ECOR37	WP_220712334.1	31.538	390	240	9	1	380	2	374	0.0	524	51.28
NsnB_ECOR37	RKI41923.1	32.817	387	230	4	1	382	8	369	0.0	524	50.65
NsnB_ECOR37	WP_182654280.1	29.897	388	245	5	1	382	2	368	0.0	524	47.42
NsnB_ECOR37	KPA09729.1	28.093	388	253	6	1	382	2	369	0.0	524	50.52
NsnB_ECOR37	WP_362352363.1	28.537	410	254	7	1	383	2	399	0.0	524	48.29
NsnB_ECOR37	WP_387471033.1	29.793	386	245	5	1	382	2	365	0.0	524	51.04
NsnB_ECOR37	WP_398901397.1	29.557	406	251	6	1	383	2	395	0.0	524	49.75
NsnB_ECOR37	HAJ79092.1	27.835	388	252	7	1	382	2	367	0.0	524	50.52
NsnB_ECOR37	MXZ04859.1	30.928	388	256	5	2	382	3	385	0.0	524	51.29
NsnB_ECOR37	WP_362239643.1	28.889	405	254	6	1	382	2	395	0.0	523	48.40
NsnB_ECOR37	MBP9180684.1	30.670	388	239	6	1	382	2	365	0.0	523	50.77
NsnB_ECOR37	WP_395364108.1	30.591	389	255	7	1	382	2	382	0.0	523	49.36
NsnB_ECOR37	WP_338652959.1	33.161	386	228	6	1	382	2	361	0.0	523	53.37
NsnB_ECOR37	WP_265292609.1	29.064	406	254	6	1	383	2	396	0.0	523	47.54
NsnB_ECOR37	WP_031044629.1	28.715	397	240	8	1	383	2	369	0.0	523	47.36
NsnB_ECOR37	MCY4256098.1	33.333	390	248	6	1	384	2	385	0.0	523	53.08
NsnB_ECOR37	WP_398761229.1	28.713	404	256	6	1	383	2	394	0.0	522	48.51
NsnB_ECOR37	WP_393537407.1	27.723	404	260	6	1	383	2	394	0.0	522	48.27
NsnB_ECOR37	WP_167727832.1	26.478	389	245	8	1	382	2	356	0.0	522	48.07
NsnB_ECOR37	NJO82619.1	33.500	400	243	5	1	384	2	394	0.0	522	52.00
NsnB_ECOR37	WP_344392111.1	27.792	403	259	6	1	383	2	392	0.0	522	48.88
NsnB_ECOR37	MCY4118044.1	28.010	407	233	7	1	382	2	373	0.0	522	46.19
NsnB_ECOR37	WP_388677703.1	28.894	398	256	6	1	383	2	387	0.0	522	50.50
NsnB_ECOR37	MEG0577299.1	32.124	386	235	6	1	382	2	364	0.0	522	52.59
NsnB_ECOR37	WP_239997810.1	28.827	392	248	6	1	383	2	371	0.0	522	47.19
NsnB_ECOR37	WP_111141254.1	34.375	384	241	5	1	384	2	374	0.0	521	54.95
NsnB_ECOR37	MDE0366711.1	32.051	390	251	5	2	384	3	385	0.0	521	50.26
NsnB_ECOR37	WP_068263574.1	32.216	388	251	6	1	384	2	381	0.0	521	53.09
NsnB_ECOR37	WP_342331741.1	28.021	389	252	6	1	382	2	369	0.0	521	52.19
NsnB_ECOR37	MCP4688864.1	29.820	389	244	7	1	382	2	368	0.0	521	50.64
NsnB_ECOR37	WP_289617059.1	30.155	388	243	6	1	382	2	367	0.0	521	47.94
NsnB_ECOR37	WP_182436402.1	30.691	391	238	6	1	382	2	368	0.0	521	52.69
NsnB_ECOR37	MYD91365.1	32.468	385	250	5	1	384	2	377	0.0	521	52.47
NsnB_ECOR37	WP_043649884.1	28.827	392	265	7	1	383	2	388	0.0	521	49.74
NsnB_ECOR37	EOS78709.1	29.793	386	235	5	1	382	2	355	0.0	521	49.22
NsnB_ECOR37	WP_361240065.1	29.310	406	253	6	1	383	2	396	0.0	521	49.75
NsnB_ECOR37	HLC14691.1	32.000	400	248	6	1	384	19	410	0.0	521	53.50
NsnB_ECOR37	WP_388315168.1	29.000	400	238	9	1	383	2	372	0.0	521	47.00
NsnB_ECOR37	WP_348266520.1	32.824	393	235	7	1	382	2	376	0.0	521	48.09
NsnB_ECOR37	WP_147606555.1	29.199	387	244	5	1	382	2	363	0.0	521	50.90
NsnB_ECOR37	WP_164392591.1	28.501	407	243	8	1	383	2	384	0.0	520	47.42
NsnB_ECOR37	WP_096449811.1	26.478	389	257	6	1	382	2	368	0.0	520	49.36
NsnB_ECOR37	WP_380749458.1	29.167	408	252	7	1	383	2	397	0.0	520	48.28
NsnB_ECOR37	WP_027403793.1	30.077	389	240	10	1	382	2	365	0.0	520	50.90
NsnB_ECOR37	MBQ8822660.1	27.763	389	249	5	1	380	2	367	0.0	520	48.59
NsnB_ECOR37	WP_319694948.1	28.922	408	254	7	1	383	2	398	0.0	520	47.79
NsnB_ECOR37	WP_326700383.1	30.693	404	246	6	1	382	2	393	0.0	519	48.27
NsnB_ECOR37	MBF0628321.1	26.000	400	244	7	2	382	3	369	0.0	519	45.00
NsnB_ECOR37	WP_134710987.1	33.333	387	229	6	1	382	2	364	0.0	519	55.30
NsnB_ECOR37	MEA3546002.1	31.933	357	235	4	1	357	2	350	0.0	519	55.18
NsnB_ECOR37	WP_168507401.1	29.306	389	242	10	1	382	2	364	0.0	519	51.41
NsnB_ECOR37	WP_121519333.1	28.218	404	256	8	1	382	2	393	0.0	519	47.52
NsnB_ECOR37	MDE2818015.1	29.484	407	256	5	1	384	2	400	0.0	519	51.11
NsnB_ECOR37	WP_299566934.1	27.763	389	253	6	1	382	2	369	0.0	518	47.81
NsnB_ECOR37	MDO8952924.1	30.155	388	240	6	1	382	2	364	0.0	518	50.77
NsnB_ECOR37	WP_373902138.1	26.847	406	262	7	1	383	2	395	0.0	518	48.28
NsnB_ECOR37	MCI8852305.1	28.682	387	248	6	1	382	2	365	0.0	518	49.61
NsnB_ECOR37	WP_179827685.1	27.990	393	249	6	1	383	2	370	0.0	518	47.33
NsnB_ECOR37	WP_386558351.1	29.803	406	250	6	1	383	2	395	0.0	518	49.75
NsnB_ECOR37	MCP4137423.1	27.506	389	253	6	1	382	2	368	0.0	518	45.76
NsnB_ECOR37	WP_026199753.1	28.465	404	241	6	1	383	2	378	0.0	517	47.52
NsnB_ECOR37	MDY0375086.1	28.351	388	252	6	1	382	2	369	0.0	517	48.97
NsnB_ECOR37	MEO8008061.1	29.771	393	238	5	1	383	2	366	0.0	517	48.35
NsnB_ECOR37	WP_327304531.1	28.818	406	254	6	1	383	2	395	0.0	517	50.25
NsnB_ECOR37	WP_388562991.1	28.316	392	261	6	1	382	2	383	0.0	517	48.98
NsnB_ECOR37	WP_107693523.1	29.825	399	236	5	1	382	2	373	0.0	517	44.61
NsnB_ECOR37	MBN1184598.1	31.443	388	236	6	1	382	2	365	0.0	516	50.00
NsnB_ECOR37	WP_259595986.1	30.848	389	240	7	1	382	2	368	0.0	516	50.90
NsnB_ECOR37	WP_141815059.1	27.179	390	255	6	1	382	2	370	0.0	516	47.44
NsnB_ECOR37	MCY3538148.1	31.593	364	237	5	23	383	2	356	0.0	516	52.47
NsnB_ECOR37	MDD2962860.1	31.783	387	234	6	1	381	2	364	0.0	516	50.65
NsnB_ECOR37	WP_365384393.1	27.123	424	241	9	1	383	2	398	1.06e-180	517	46.70
NsnB_ECOR37	MBQ8639844.1	30.233	387	240	5	1	382	2	363	1.10e-180	516	51.16
NsnB_ECOR37	MBC7569291.1	29.923	391	235	8	1	382	2	362	1.13e-180	516	49.87
NsnB_ECOR37	WP_356015717.1	27.427	412	246	8	1	383	2	389	1.30e-180	516	45.63
NsnB_ECOR37	WP_402186354.1	29.471	397	238	9	1	383	2	370	1.43e-180	516	47.36
NsnB_ECOR37	WP_351057428.1	30.612	392	252	6	1	382	2	383	1.48e-180	516	49.74
NsnB_ECOR37	MCY3800180.1	31.510	384	256	4	1	384	2	378	1.67e-180	516	53.65
NsnB_ECOR37	WP_297935225.1	32.898	383	229	6	1	380	2	359	1.70e-180	515	53.00
NsnB_ECOR37	WP_102448121.1	28.278	389	251	6	1	382	2	369	1.72e-180	515	49.36
NsnB_ECOR37	HEU5292550.1	28.021	389	266	6	1	382	2	383	1.80e-180	516	49.36
NsnB_ECOR37	WP_355596570.1	28.244	393	248	6	1	383	2	370	1.89e-180	515	47.58
NsnB_ECOR37	HFK5503061.1	30.513	390	259	6	1	382	2	387	1.92e-180	516	50.51
NsnB_ECOR37	TAK42621.1	30.513	390	241	8	1	382	2	369	2.19e-180	515	48.97
NsnB_ECOR37	WP_378367859.1	31.298	393	239	5	1	383	2	373	2.29e-180	515	49.87
NsnB_ECOR37	WP_287526515.1	31.269	323	197	5	1	321	2	301	2.30e-180	514	49.85
NsnB_ECOR37	WP_167966011.1	28.351	388	251	5	1	382	2	368	2.60e-180	515	45.62
NsnB_ECOR37	MFM2045031.1	31.407	398	250	6	1	384	2	390	2.73e-180	516	52.76
NsnB_ECOR37	WP_401851445.1	29.557	406	251	6	1	383	2	395	2.89e-180	516	49.75
NsnB_ECOR37	MDM8551640.1	32.648	389	235	6	1	382	2	370	3.50e-180	515	49.36
NsnB_ECOR37	WP_059309020.1	32.292	384	249	5	1	384	2	374	3.55e-180	515	53.39
NsnB_ECOR37	WP_406242052.1	28.780	410	240	7	1	382	2	387	4.27e-180	515	49.76
NsnB_ECOR37	MCI9616253.1	29.199	387	246	5	1	382	2	365	4.71e-180	514	52.45
NsnB_ECOR37	WP_391368245.1	28.713	404	240	9	1	383	2	378	5.47e-180	515	46.53
NsnB_ECOR37	EOI7409553.1	34.375	384	241	5	1	384	2	374	6.06e-180	514	54.95
NsnB_ECOR37	MCY4313504.1	28.535	389	234	7	1	382	2	353	6.57e-180	513	47.81
NsnB_ECOR37	MCY4184367.1	31.959	388	254	4	1	384	2	383	6.85e-180	515	55.41
NsnB_ECOR37	GHT52250.1	28.792	389	247	7	1	382	2	367	8.27e-180	513	49.10
NsnB_ECOR37	WP_275637422.1	31.362	389	237	6	1	382	2	367	1.13e-179	513	49.87
NsnB_ECOR37	MCI9382027.1	29.457	387	245	5	1	382	2	365	1.14e-179	513	51.16
NsnB_ECOR37	MBD5440132.1	31.105	389	236	6	1	382	2	365	1.26e-179	513	51.93
NsnB_ECOR37	HRB81195.1	28.040	403	233	9	1	382	2	368	1.36e-179	513	44.91
NsnB_ECOR37	WP_264791063.1	29.231	390	253	6	1	383	2	375	1.61e-179	513	50.77
NsnB_ECOR37	WP_158591230.1	28.941	387	245	6	1	382	2	363	1.92e-179	513	49.61
NsnB_ECOR37	WP_406284155.1	30.049	406	250	6	1	383	2	396	1.96e-179	514	47.78
NsnB_ECOR37	MCI8748568.1	31.088	386	236	5	1	382	2	361	1.97e-179	512	51.04
NsnB_ECOR37	MEI8282482.1	29.925	401	239	4	1	383	2	378	2.45e-179	513	45.14
NsnB_ECOR37	WP_381219690.1	29.557	406	251	6	1	383	2	395	2.63e-179	513	47.54
NsnB_ECOR37	MCY4234626.1	33.592	387	245	6	2	382	3	383	2.88e-179	513	53.23
NsnB_ECOR37	WP_403629721.1	29.064	406	256	5	1	383	2	398	3.02e-179	513	50.00
NsnB_ECOR37	MDR0681772.1	29.381	388	244	6	1	382	2	365	3.23e-179	512	51.55
NsnB_ECOR37	WP_322724864.1	28.928	401	239	10	1	383	2	374	3.74e-179	512	47.13
NsnB_ECOR37	MCI8550042.1	28.497	386	249	4	1	382	2	364	4.05e-179	512	50.26
NsnB_ECOR37	MCP4103952.1	28.856	402	229	8	1	383	2	365	4.68e-179	511	46.27
NsnB_ECOR37	WP_329548254.1	26.980	404	248	8	1	383	2	379	4.73e-179	512	44.55
NsnB_ECOR37	WP_359908656.1	31.281	406	243	7	1	382	2	395	4.76e-179	513	47.78
NsnB_ECOR37	WP_121184552.1	29.975	407	234	8	1	383	2	381	5.31e-179	512	45.70
NsnB_ECOR37	WP_093734353.1	25.707	389	261	6	1	382	2	369	6.01e-179	511	46.27
NsnB_ECOR37	WP_258036988.1	29.703	404	245	5	6	382	3	394	6.52e-179	512	47.77
NsnB_ECOR37	WP_344915156.1	29.397	398	250	7	1	383	2	383	6.72e-179	512	47.74
NsnB_ECOR37	MBF0110451.1	32.812	384	248	5	1	384	2	375	6.75e-179	511	53.65
NsnB_ECOR37	KJU83073.1	31.959	388	254	6	1	382	2	385	7.38e-179	512	52.06
NsnB_ECOR37	MCI8727554.1	29.716	387	244	6	1	382	2	365	9.13e-179	511	48.84
NsnB_ECOR37	WP_108987583.1	28.818	406	254	6	1	383	2	395	1.04e-178	512	48.03
NsnB_ECOR37	WP_365235224.1	26.733	404	249	8	1	383	2	379	1.41e-178	511	44.31
NsnB_ECOR37	HEY9695521.1	28.465	404	228	9	1	382	2	366	2.15e-178	510	43.81
NsnB_ECOR37	WP_313481121.1	32.812	384	250	4	1	384	2	377	2.24e-178	510	52.86
NsnB_ECOR37	MYA24232.1	30.446	404	253	5	1	384	2	397	2.32e-178	511	50.25
NsnB_ECOR37	VFM99273.1	28.792	389	249	5	1	382	2	369	2.59e-178	510	47.56
NsnB_ECOR37	WP_323666408.1	33.503	394	232	7	1	384	2	375	2.87e-178	510	48.98
NsnB_ECOR37	MEF2597434.1	30.233	387	239	6	1	382	2	362	3.40e-178	509	50.39
NsnB_ECOR37	WP_193827114.1	30.000	390	246	5	1	383	2	371	3.77e-178	510	49.49
NsnB_ECOR37	WP_329750804.1	28.497	386	248	6	1	382	2	363	4.29e-178	509	49.74
NsnB_ECOR37	MCI8355071.1	28.900	391	248	7	1	382	2	371	4.75e-178	509	50.38
NsnB_ECOR37	WP_387346278.1	29.064	406	256	6	1	383	2	398	4.92e-178	510	49.01
NsnB_ECOR37	MCW5915462.1	31.959	388	234	6	1	382	2	365	5.93e-178	509	50.77
NsnB_ECOR37	MDM8567858.1	32.021	381	228	8	5	370	6	370	7.00e-178	509	49.61
NsnB_ECOR37	MCG8423606.1	33.578	408	239	8	1	384	2	401	7.08e-178	510	52.94
NsnB_ECOR37	WP_216044738.1	29.949	394	261	8	1	382	4	394	8.36e-178	510	50.76
NsnB_ECOR37	MEO5375703.1	31.646	395	240	8	1	384	2	377	9.18e-178	509	49.11
NsnB_ECOR37	NUN14540.1	29.091	385	264	5	1	384	2	378	1.08e-177	509	53.51
NsnB_ECOR37	MBN8500945.1	28.678	401	243	4	1	383	2	377	1.11e-177	509	47.63
NsnB_ECOR37	MBL8527379.1	33.073	384	247	6	1	382	2	377	1.16e-177	508	55.99
NsnB_ECOR37	WP_087429423.1	27.551	392	250	8	1	382	2	369	1.25e-177	508	50.51
NsnB_ECOR37	WP_067479657.1	30.227	397	238	7	1	383	2	373	1.31e-177	508	49.37
NsnB_ECOR37	WP_109349532.1	32.902	386	227	7	1	382	2	359	1.31e-177	508	52.33
NsnB_ECOR37	WP_398743975.1	29.367	395	239	7	1	383	2	368	1.50e-177	508	48.61
NsnB_ECOR37	WP_290554654.1	30.163	368	230	5	21	382	10	356	1.56e-177	507	48.10
NsnB_ECOR37	MDC7289335.1	27.720	386	251	5	1	382	2	363	1.56e-177	508	49.22
NsnB_ECOR37	HCC52440.1	32.658	395	228	8	1	382	2	371	2.04e-177	508	48.86
NsnB_ECOR37	HXL23123.1	30.521	403	228	9	1	382	2	373	2.06e-177	508	50.62
NsnB_ECOR37	MFM2057327.1	26.992	389	255	6	1	382	2	368	2.15e-177	508	50.39
NsnB_ECOR37	WP_165853123.1	27.041	392	252	8	1	382	2	369	2.18e-177	508	49.49
NsnB_ECOR37	WP_300675285.1	28.866	388	248	6	1	382	2	367	2.32e-177	507	50.26
NsnB_ECOR37	MCW5206597.1	28.792	389	248	7	1	382	2	368	3.06e-177	507	50.13
NsnB_ECOR37	WP_311775389.1	24.938	401	236	10	1	382	4	358	3.28e-177	507	44.89
NsnB_ECOR37	GAP73191.1	31.701	388	235	6	1	382	2	365	3.65e-177	507	50.52
NsnB_ECOR37	MDM8567067.1	29.923	391	241	10	1	382	2	368	4.06e-177	507	49.36
NsnB_ECOR37	WP_096349990.1	29.639	388	243	6	1	382	2	365	4.21e-177	506	48.20
NsnB_ECOR37	WP_225096557.1	27.431	401	252	7	1	383	2	381	4.41e-177	507	45.64
NsnB_ECOR37	NJM01813.1	28.608	388	248	6	1	382	2	366	4.60e-177	506	50.00
NsnB_ECOR37	MCY4304827.1	32.391	389	252	5	1	384	2	384	6.13e-177	507	52.70
NsnB_ECOR37	WP_361069344.1	28.429	401	242	9	1	383	2	375	6.50e-177	506	46.88
NsnB_ECOR37	WP_176153493.1	28.928	401	242	4	1	383	2	377	6.92e-177	506	47.88
NsnB_ECOR37	WMJ72022.1	31.026	390	243	7	1	382	2	373	7.31e-177	506	49.49
NsnB_ECOR37	WP_347145654.1	28.278	389	246	7	1	382	2	364	7.99e-177	506	49.36
NsnB_ECOR37	NCD33277.1	30.928	388	241	6	1	382	2	368	8.09e-177	506	52.32
NsnB_ECOR37	WP_349673086.1	28.497	386	243	5	1	382	2	358	9.15e-177	505	51.55
NsnB_ECOR37	WP_361340173.1	30.713	407	244	7	1	382	2	395	1.02e-176	507	47.42
NsnB_ECOR37	OQY48857.1	34.577	402	236	6	2	384	3	396	1.03e-176	507	52.49
NsnB_ECOR37	WP_385734474.1	29.798	396	237	8	1	383	2	369	1.08e-176	506	47.22
NsnB_ECOR37	WP_328604514.1	30.457	394	242	6	1	383	2	374	1.39e-176	506	49.49
NsnB_ECOR37	WP_399736928.1	29.471	397	237	9	1	383	2	369	1.65e-176	505	47.61
NsnB_ECOR37	WP_124449286.1	27.930	401	246	4	1	383	2	377	2.04e-176	505	45.64
NsnB_ECOR37	MCP4113589.1	33.676	389	231	6	1	382	2	370	2.21e-176	505	49.87
NsnB_ECOR37	WP_103237453.1	29.275	386	243	5	1	381	2	362	2.25e-176	505	50.26
NsnB_ECOR37	WP_092408100.1	32.990	388	229	4	1	381	2	365	2.59e-176	505	49.23
NsnB_ECOR37	MCK5522985.1	26.750	400	245	8	1	382	2	371	2.95e-176	505	49.75
NsnB_ECOR37	WP_288730284.1	30.749	387	238	5	1	382	2	363	3.00e-176	505	51.68
NsnB_ECOR37	NCS94962.1	30.077	389	240	7	1	382	2	365	3.11e-176	505	49.87
NsnB_ECOR37	GHT93480.1	30.670	388	238	6	1	382	2	364	3.14e-176	505	51.80
NsnB_ECOR37	MDD2970868.1	32.300	387	232	6	1	382	2	363	3.23e-176	504	50.90
NsnB_ECOR37	MBK7516220.1	28.928	401	242	4	1	383	2	377	3.45e-176	505	46.13
NsnB_ECOR37	WP_148317575.1	27.681	401	247	5	1	383	2	377	6.24e-176	504	48.88
NsnB_ECOR37	MDE0183903.1	31.362	389	241	9	1	382	2	371	6.39e-176	504	50.39
NsnB_ECOR37	MCB9309620.1	31.186	388	237	6	1	382	2	365	8.43e-176	503	49.23
NsnB_ECOR37	MBR4119899.1	29.082	392	244	8	1	382	2	369	8.44e-176	503	51.79
NsnB_ECOR37	WP_302729797.1	28.928	401	230	8	1	382	2	366	1.02e-175	503	46.88
NsnB_ECOR37	WP_341908512.1	27.431	401	248	4	1	383	2	377	1.14e-175	503	47.13
NsnB_ECOR37	MCI8937971.1	27.720	386	251	5	1	382	2	363	1.19e-175	503	49.22
NsnB_ECOR37	WP_200305131.1	27.047	403	261	7	1	383	2	391	1.46e-175	504	48.64
NsnB_ECOR37	MCA1794667.1	29.199	387	241	7	1	381	2	361	1.69e-175	503	49.61
NsnB_ECOR37	MEX1041176.1	31.865	386	251	6	2	384	3	379	1.76e-175	503	52.85
NsnB_ECOR37	HBA69990.1	27.720	386	251	5	1	382	11	372	1.79e-175	503	49.48
NsnB_ECOR37	MDP3434251.1	31.959	388	234	6	1	382	2	365	1.83e-175	503	50.77
NsnB_ECOR37	WP_376732109.1	26.829	410	247	9	1	383	2	385	2.19e-175	503	45.37
NsnB_ECOR37	MEC4585178.1	31.980	394	243	7	1	382	2	382	2.92e-175	503	51.02
NsnB_ECOR37	MCK6516680.1	34.615	390	241	7	1	384	2	383	4.18e-175	502	52.82
NsnB_ECOR37	HHC24025.1	29.487	390	246	6	1	383	2	369	4.32e-175	502	48.97
NsnB_ECOR37	MFR7823904.1	29.255	376	239	5	13	382	2	356	4.72e-175	501	48.14
NsnB_ECOR37	MEN8219042.1	27.387	398	243	8	1	382	2	369	4.98e-175	501	49.25
NsnB_ECOR37	MCM1037120.1	27.835	388	251	6	1	382	2	366	5.99e-175	501	46.65
NsnB_ECOR37	WP_206254060.1	29.426	401	240	4	1	383	2	377	7.16e-175	501	48.63
NsnB_ECOR37	WP_143883540.1	30.435	391	262	5	1	383	2	390	8.75e-175	502	50.90
NsnB_ECOR37	TGO03313.1	35.500	400	233	7	2	384	3	394	9.17e-175	502	54.25
NsnB_ECOR37	MCL2216993.1	31.088	386	240	4	1	382	2	365	9.26e-175	501	51.55
NsnB_ECOR37	MEQ8222100.1	29.948	384	237	8	8	382	9	369	1.00e-174	501	49.48
NsnB_ECOR37	MDI9364088.1	29.639	388	242	6	1	382	2	364	1.15e-174	500	48.45
NsnB_ECOR37	WP_069519004.1	29.177	401	241	4	1	383	2	377	1.21e-174	501	47.63
NsnB_ECOR37	OZA31133.1	28.750	400	242	4	1	382	2	376	1.24e-174	501	47.75
NsnB_ECOR37	WP_290036871.1	34.197	386	226	4	1	382	2	363	1.31e-174	500	51.04
NsnB_ECOR37	WP_227731168.1	29.000	400	241	4	2	383	3	377	1.49e-174	501	47.75
NsnB_ECOR37	WP_271713646.1	32.727	385	235	6	1	382	2	365	2.40e-174	500	53.25
NsnB_ECOR37	MCK6641739.1	31.362	389	235	7	1	382	2	365	2.79e-174	500	49.36
NsnB_ECOR37	TKG91476.1	28.133	391	253	7	1	383	2	372	2.96e-174	500	50.38
NsnB_ECOR37	WP_214187204.1	26.478	389	257	6	1	382	2	368	3.22e-174	500	46.53
NsnB_ECOR37	MDM8522449.1	29.114	395	245	7	1	382	2	374	3.69e-174	500	47.59
NsnB_ECOR37	EDN70496.1	30.081	369	231	7	20	382	4	351	5.95e-174	498	49.05
NsnB_ECOR37	WP_399658333.1	30.028	363	235	6	29	383	24	375	6.26e-174	499	48.48
NsnB_ECOR37	WP_183459157.1	35.219	389	220	8	1	382	2	365	7.00e-174	498	50.39
NsnB_ECOR37	HEX5307518.1	28.278	389	252	4	1	383	2	369	7.74e-174	498	45.76
NsnB_ECOR37	WP_107435855.1	29.716	387	242	5	1	382	2	363	7.94e-174	498	48.06
NsnB_ECOR37	WP_052555581.1	33.247	385	216	6	2	382	3	350	7.96e-174	498	52.21
NsnB_ECOR37	MBP9123446.1	28.792	389	245	7	1	382	2	365	9.83e-174	498	49.87
NsnB_ECOR37	MCI0690959.1	30.909	385	240	7	1	381	2	364	1.02e-173	498	54.81
NsnB_ECOR37	WP_159753929.1	28.682	387	248	5	1	382	2	365	1.05e-173	498	49.61
NsnB_ECOR37	MBF6619841.1	30.334	389	241	5	1	382	2	367	1.12e-173	498	49.36
NsnB_ECOR37	MCY4085975.1	31.169	385	257	4	1	384	2	379	1.22e-173	498	54.55
NsnB_ECOR37	MBK9263258.1	28.070	399	238	8	1	382	2	368	1.33e-173	498	45.61
NsnB_ECOR37	WP_181718055.1	25.373	402	245	8	1	382	2	368	2.10e-173	498	44.53
NsnB_ECOR37	MDX2248971.1	29.231	390	248	7	1	382	2	371	2.49e-173	497	48.46
NsnB_ECOR37	WP_148509189.1	30.491	387	239	5	1	382	2	363	3.05e-173	497	50.90
NsnB_ECOR37	WP_077343379.1	28.607	402	232	8	1	382	2	368	3.30e-173	497	48.51
NsnB_ECOR37	WP_182741258.1	25.871	402	243	8	1	382	2	368	3.33e-173	497	45.52
NsnB_ECOR37	ADB39416.1	29.639	388	240	7	1	382	2	362	3.52e-173	496	50.52
NsnB_ECOR37	WP_091391739.1	31.362	389	242	8	1	382	2	372	3.73e-173	497	52.19
NsnB_ECOR37	HIS37479.1	33.333	384	221	6	1	382	2	352	3.97e-173	496	53.39
NsnB_ECOR37	MCY4429833.1	28.329	413	261	4	1	384	2	408	4.45e-173	498	44.55
NsnB_ECOR37	MBS1950467.1	29.744	390	242	6	1	377	2	372	4.63e-173	497	49.49
NsnB_ECOR37	MCD8221322.1	28.682	387	256	5	1	382	2	373	5.14e-173	496	50.39
NsnB_ECOR37	WP_282778018.1	29.008	393	249	7	1	382	2	375	5.72e-173	496	51.91
NsnB_ECOR37	MCC6256143.1	31.525	387	235	6	1	381	2	364	6.04e-173	496	50.39
NsnB_ECOR37	WP_207680434.1	30.848	389	242	8	1	382	2	370	6.27e-173	496	52.19
NsnB_ECOR37	WP_375446928.1	30.435	391	233	8	1	382	2	362	6.56e-173	496	49.62
NsnB_ECOR37	MCK6513353.1	28.061	392	254	8	1	382	2	375	7.34e-173	497	50.00
NsnB_ECOR37	MDM8550938.1	27.692	390	252	5	1	382	2	369	7.37e-173	496	46.41
NsnB_ECOR37	MDR2773626.1	30.155	388	241	6	1	382	2	365	8.03e-173	496	50.00
NsnB_ECOR37	MBM4054804.1	30.928	388	238	6	1	381	2	366	9.02e-173	496	50.26
NsnB_ECOR37	EFO79873.1	34.673	398	239	8	1	384	2	392	1.03e-172	496	54.02
NsnB_ECOR37	WP_237608721.1	30.928	388	238	6	1	382	2	365	1.19e-172	495	49.23
NsnB_ECOR37	MBK6465353.1	29.820	389	242	6	1	382	2	366	1.29e-172	495	49.61
NsnB_ECOR37	OQY50768.1	26.633	398	244	9	1	382	2	367	1.60e-172	495	48.24
NsnB_ECOR37	MBK5214884.1	28.678	401	257	8	1	382	2	392	1.62e-172	496	51.12
NsnB_ECOR37	MCD8105369.1	28.941	387	246	5	1	382	2	364	1.69e-172	495	49.61
NsnB_ECOR37	MCI9418383.1	29.275	386	241	5	1	382	2	359	1.98e-172	495	51.04
NsnB_ECOR37	WP_168466963.1	28.652	356	227	6	1	354	2	332	2.32e-172	494	51.69
NsnB_ECOR37	MEZ5735883.1	30.556	396	254	7	1	382	4	392	2.32e-172	496	51.01
NsnB_ECOR37	MCI8950667.1	30.233	387	240	5	1	382	2	363	2.87e-172	494	49.35
NsnB_ECOR37	WP_249051243.1	30.412	388	240	6	1	382	2	365	3.97e-172	494	50.52
NsnB_ECOR37	WP_314092464.1	32.558	387	227	6	1	382	2	359	4.17e-172	494	51.42
NsnB_ECOR37	WP_211211732.1	34.635	384	245	5	1	382	2	381	4.39e-172	495	53.91
NsnB_ECOR37	WP_018079265.1	29.676	401	237	5	1	383	2	375	5.20e-172	494	46.63
NsnB_ECOR37	MCY3818839.1	29.592	392	262	5	1	384	2	387	5.27e-172	495	48.98
NsnB_ECOR37	MCY4506511.1	29.744	390	243	9	1	382	2	368	5.73e-172	498	50.00
NsnB_ECOR37	WP_091518439.1	31.899	395	231	7	1	382	2	371	6.25e-172	494	50.63
NsnB_ECOR37	MBF0153851.1	28.244	393	250	5	1	382	2	373	9.53e-172	493	46.06
NsnB_ECOR37	WP_109926443.1	31.620	389	253	7	1	383	2	383	1.03e-171	494	49.36
NsnB_ECOR37	WP_238512264.1	29.177	401	241	4	1	383	2	377	1.30e-171	493	48.38
NsnB_ECOR37	MEO8712450.1	29.517	393	241	7	1	381	2	370	1.30e-171	493	49.11
NsnB_ECOR37	GMO29370.1	30.591	389	238	7	1	382	2	365	1.31e-171	493	49.61
NsnB_ECOR37	WP_317527064.1	33.333	384	245	7	1	382	2	376	1.36e-171	493	57.03
NsnB_ECOR37	MBW7869248.1	29.457	387	243	6	1	381	2	364	1.52e-171	493	49.35
NsnB_ECOR37	MDO4334379.1	27.320	388	253	7	1	382	2	366	1.61e-171	493	50.00
NsnB_ECOR37	MBW8830008.1	34.115	384	242	7	1	382	2	376	1.83e-171	493	55.99
NsnB_ECOR37	MDM8518092.1	30.769	390	241	6	1	383	2	369	1.90e-171	493	49.49
NsnB_ECOR37	MBD5448607.1	28.093	388	253	6	1	382	2	369	2.09e-171	492	48.45
NsnB_ECOR37	WP_030412331.1	27.913	412	237	9	1	383	2	382	2.15e-171	493	47.33
NsnB_ECOR37	WP_192992496.1	26.617	402	240	8	1	382	2	368	2.50e-171	492	46.52
NsnB_ECOR37	WP_331000664.1	27.614	373	229	9	17	382	2	340	2.53e-171	491	49.06
NsnB_ECOR37	MDE5777081.1	29.545	396	236	8	1	382	2	368	3.31e-171	492	47.73
NsnB_ECOR37	MEA1922152.1	26.598	391	254	10	1	382	2	368	3.77e-171	492	48.85
NsnB_ECOR37	MBP8238459.1	29.668	391	243	8	1	382	2	369	3.91e-171	492	49.36
NsnB_ECOR37	MCL4841100.1	29.925	401	237	5	1	383	2	376	3.94e-171	492	45.39
NsnB_ECOR37	RKZ39132.1	26.000	400	248	9	1	382	2	371	4.80e-171	491	48.50
NsnB_ECOR37	WP_416608388.1	29.262	393	260	7	1	382	4	389	5.42e-171	492	51.65
NsnB_ECOR37	WP_316851621.1	31.608	367	236	8	23	382	2	360	5.77e-171	491	49.05
NsnB_ECOR37	MCI9315771.1	31.139	395	228	7	1	382	2	365	5.79e-171	491	50.13
NsnB_ECOR37	WP_114237940.1	24.627	402	249	8	1	382	2	369	6.36e-171	491	46.27
NsnB_ECOR37	MDD7025952.1	29.457	387	243	5	1	382	2	363	6.85e-171	491	49.35
NsnB_ECOR37	RMG27175.1	27.436	390	256	7	1	382	2	372	7.70e-171	491	48.72
NsnB_ECOR37	WP_274580330.1	28.643	398	263	6	1	383	6	397	1.25e-170	491	50.25
NsnB_ECOR37	MDF2369310.1	29.124	388	241	6	1	382	2	361	1.47e-170	490	50.26
NsnB_ECOR37	WP_129347925.1	29.975	397	246	6	1	382	2	381	1.59e-170	491	48.61
NsnB_ECOR37	MFT6443369.1	28.109	402	234	8	1	382	2	368	1.70e-170	490	47.01
NsnB_ECOR37	WP_285745156.1	31.959	388	233	5	1	382	2	364	1.74e-170	490	52.58
NsnB_ECOR37	TBR57997.1	30.408	319	195	6	71	382	115	413	1.92e-170	491	51.41
NsnB_ECOR37	MCM1541231.1	30.380	395	232	7	1	382	2	366	2.09e-170	490	51.39
NsnB_ECOR37	MCI9064434.1	29.457	387	249	5	1	382	2	369	2.15e-170	490	49.10
NsnB_ECOR37	MFI5137866.1	28.900	391	248	7	1	382	2	371	2.92e-170	490	48.85
NsnB_ECOR37	MBK6512853.1	31.043	393	254	4	1	384	2	386	3.77e-170	490	51.15
NsnB_ECOR37	WP_370722936.1	31.026	390	232	7	1	382	2	362	4.35e-170	489	50.26
NsnB_ECOR37	WP_296441254.1	29.412	391	245	7	1	382	2	370	4.69e-170	489	48.34
NsnB_ECOR37	WP_348051465.1	30.886	395	250	6	1	382	2	386	6.72e-170	490	47.59
NsnB_ECOR37	HHM20657.1	31.026	390	238	7	1	382	2	368	6.92e-170	488	50.77
NsnB_ECOR37	MBN2442784.1	28.645	391	248	7	1	382	2	370	6.97e-170	489	49.87
NsnB_ECOR37	WP_272751653.1	29.032	403	240	4	1	383	3	379	7.15e-170	489	44.67
NsnB_ECOR37	WP_162349599.1	27.250	400	247	5	1	382	2	375	7.41e-170	489	45.50
NsnB_ECOR37	MBF0590695.1	31.186	388	246	6	2	382	3	376	7.72e-170	489	50.77
NsnB_ECOR37	MCB9610725.1	34.726	383	241	5	1	382	2	376	8.24e-170	489	52.74
NsnB_ECOR37	WP_073951270.1	27.407	405	246	7	1	383	2	380	8.90e-170	489	45.93
NsnB_ECOR37	WP_396054970.1	29.676	401	242	7	1	382	2	381	1.02e-169	489	48.63
NsnB_ECOR37	MCY3933635.1	29.676	401	261	4	1	384	2	398	1.11e-169	489	49.38
NsnB_ECOR37	WP_186215085.1	27.930	401	246	5	1	383	2	377	1.19e-169	488	45.14
NsnB_ECOR37	WP_315505229.1	32.905	389	231	8	1	383	2	366	1.19e-169	488	53.73
NsnB_ECOR37	MCP5499329.1	32.216	388	251	5	1	384	2	381	1.27e-169	488	51.80
NsnB_ECOR37	WP_313731078.1	27.363	402	246	4	1	382	2	377	1.27e-169	488	46.02
NsnB_ECOR37	WP_173902874.1	31.552	393	227	7	1	382	2	363	1.75e-169	487	50.13
NsnB_ECOR37	MCI6811914.1	29.487	390	247	7	1	382	2	371	1.89e-169	488	50.00
NsnB_ECOR37	NUQ24410.1	30.946	391	237	9	1	382	2	368	2.16e-169	487	48.59
NsnB_ECOR37	RKZ48109.1	27.500	400	241	9	1	382	2	370	2.32e-169	487	48.50
NsnB_ECOR37	WP_086489514.1	28.822	399	238	7	1	382	2	371	2.68e-169	487	48.62
NsnB_ECOR37	KGO32808.1	28.645	391	254	7	1	382	2	376	2.81e-169	487	48.08
NsnB_ECOR37	WP_304905767.1	29.925	401	238	4	1	383	2	377	2.82e-169	487	45.64
NsnB_ECOR37	MBQ9390361.1	31.088	386	235	6	1	382	2	360	2.96e-169	486	51.04
NsnB_ECOR37	MBA3532212.1	33.753	397	242	8	1	384	2	390	3.04e-169	488	53.15
NsnB_ECOR37	WP_311831386.1	28.429	401	244	4	1	383	2	377	3.35e-169	487	47.63
NsnB_ECOR37	NBI02644.1	30.570	386	235	5	1	382	2	358	3.47e-169	486	51.55
NsnB_ECOR37	MDE2976520.1	31.328	399	252	5	3	384	4	397	4.08e-169	488	50.88
NsnB_ECOR37	MBV6443661.1	30.263	380	218	7	19	382	1	349	4.79e-169	486	47.89
NsnB_ECOR37	WP_210226416.1	29.925	401	233	6	1	383	2	372	5.48e-169	486	48.63
NsnB_ECOR37	MDD1428756.1	31.034	348	212	9	45	382	10	339	5.72e-169	485	51.15
NsnB_ECOR37	MBC6400163.1	32.732	388	231	6	1	382	2	365	7.12e-169	486	49.23
NsnB_ECOR37	WP_223912978.1	33.943	383	243	6	1	382	2	375	7.99e-169	486	51.96
NsnB_ECOR37	WP_317438464.1	28.389	391	247	5	1	382	2	368	8.19e-169	486	50.38
NsnB_ECOR37	MFN8305910.1	32.000	400	232	8	1	382	2	379	8.26e-169	486	49.25
NsnB_ECOR37	WP_084068163.1	29.124	388	242	7	1	382	2	362	1.12e-168	485	51.55
NsnB_ECOR37	WP_164972684.1	28.226	372	239	6	18	381	2	353	1.25e-168	485	52.42
NsnB_ECOR37	WP_200657844.1	26.382	398	253	5	1	382	2	375	1.37e-168	486	46.23
NsnB_ECOR37	MCC8188872.1	28.866	388	246	6	1	382	2	365	1.65e-168	485	48.71
NsnB_ECOR37	WP_299193595.1	30.075	399	259	8	1	382	5	400	1.78e-168	486	49.37
NsnB_ECOR37	WP_086489664.1	27.960	397	252	8	1	382	2	379	2.58e-168	485	47.10
NsnB_ECOR37	WP_349649036.1	29.825	399	256	7	2	384	4	394	2.99e-168	485	51.13
NsnB_ECOR37	WP_366817700.1	24.279	416	239	9	1	383	2	374	3.20e-168	485	42.55
NsnB_ECOR37	HET6382657.1	32.494	397	248	7	1	384	2	391	3.75e-168	485	50.88
NsnB_ECOR37	WP_092478904.1	31.854	383	233	6	1	380	2	359	4.42e-168	484	53.52
NsnB_ECOR37	MDR3366900.1	28.792	389	245	7	1	382	2	365	4.78e-168	484	49.10
NsnB_ECOR37	WP_133234791.1	28.021	389	253	6	1	382	2	370	4.87e-168	484	50.64
NsnB_ECOR37	GHT85092.1	29.471	397	240	5	1	382	2	373	5.60e-168	484	47.61
NsnB_ECOR37	MBI4946246.1	28.645	391	245	7	1	382	2	367	6.31e-168	483	49.87
NsnB_ECOR37	NVK64982.1	28.250	400	251	8	1	382	2	383	7.60e-168	484	46.25
NsnB_ECOR37	WP_247370213.1	31.486	397	247	9	1	382	2	388	8.13e-168	484	50.88
NsnB_ECOR37	MCY4046512.1	35.385	390	221	5	1	382	2	368	8.89e-168	483	52.56
NsnB_ECOR37	WP_378845742.1	28.117	409	264	8	1	383	2	406	1.19e-167	484	46.70
NsnB_ECOR37	WP_114407226.1	31.620	389	231	9	1	382	2	362	1.86e-167	482	51.41
NsnB_ECOR37	MBI4772600.1	28.960	404	229	9	1	382	6	373	1.90e-167	483	46.78
NsnB_ECOR37	MEO5355907.1	35.468	406	233	6	1	384	2	400	2.04e-167	483	53.94
NsnB_ECOR37	MXW07584.1	31.008	387	244	7	1	382	2	370	2.39e-167	482	51.68
NsnB_ECOR37	MDQ3108293.1	28.499	393	250	8	1	382	2	374	2.56e-167	482	47.84
NsnB_ECOR37	WP_256614815.1	28.278	389	241	9	1	381	2	360	3.11e-167	482	48.84
NsnB_ECOR37	MCI8863820.1	30.203	394	234	7	1	382	2	366	3.25e-167	481	50.25
NsnB_ECOR37	MBK8319791.1	26.914	405	247	4	1	382	3	381	3.29e-167	482	45.43
NsnB_ECOR37	MDM8524734.1	30.334	389	242	8	1	382	2	368	3.49e-167	481	51.16
NsnB_ECOR37	WP_012389475.1	28.571	385	245	6	4	382	1	361	3.61e-167	481	47.79
NsnB_ECOR37	WP_373139219.1	28.756	386	249	5	1	382	2	365	5.46e-167	481	46.11
NsnB_ECOR37	RYZ71682.1	30.612	392	243	7	1	382	2	374	6.33e-167	481	49.74
NsnB_ECOR37	MDE7416568.1	30.457	394	233	6	1	382	2	366	6.83e-167	481	48.48
NsnB_ECOR37	WP_410644131.1	28.497	386	250	5	1	382	2	365	7.18e-167	481	46.37
NsnB_ECOR37	MEN9374074.1	29.227	414	240	10	2	383	3	395	7.45e-167	482	47.34
NsnB_ECOR37	WP_016197057.1	29.668	391	245	7	1	382	2	371	1.12e-166	481	50.13
NsnB_ECOR37	WP_127086556.1	26.478	423	235	8	1	382	2	389	1.28e-166	481	43.74
NsnB_ECOR37	MEX1363435.1	33.247	385	243	8	1	382	2	375	1.36e-166	480	53.77
NsnB_ECOR37	MFP4459270.1	29.771	393	246	8	1	382	2	375	1.64e-166	480	49.62
NsnB_ECOR37	WP_302308054.1	29.974	387	240	6	1	382	2	362	2.08e-166	479	50.90
NsnB_ECOR37	MBK6530176.1	33.249	397	244	6	1	383	2	391	2.42e-166	481	52.90
NsnB_ECOR37	WP_092395928.1	30.808	396	248	8	1	382	2	385	2.64e-166	480	51.77
NsnB_ECOR37	WP_106269345.1	32.487	394	236	6	1	382	2	377	2.96e-166	479	49.49
NsnB_ECOR37	WP_286756965.1	28.429	401	258	8	1	382	2	392	3.94e-166	480	48.63
NsnB_ECOR37	WP_359339435.1	27.696	408	233	9	1	383	2	372	4.36e-166	479	44.12
NsnB_ECOR37	MEZ8224941.1	26.617	402	240	8	1	382	2	368	4.40e-166	479	45.27
NsnB_ECOR37	HEY0148917.1	28.040	403	265	7	1	382	4	402	4.65e-166	480	48.88
NsnB_ECOR37	HLQ25521.1	31.347	386	229	9	3	381	4	360	5.03e-166	478	48.96
NsnB_ECOR37	MDR3299161.1	35.509	383	234	7	1	382	2	372	6.68e-166	478	54.83
NsnB_ECOR37	NIA09667.1	31.313	396	230	8	1	382	2	369	6.92e-166	478	50.25
NsnB_ECOR37	HAX88751.1	31.310	313	177	5	89	382	4	297	7.71e-166	475	49.52
NsnB_ECOR37	WP_024609686.1	27.363	402	239	8	1	382	2	370	8.15e-166	478	45.27
NsnB_ECOR37	MDR1023127.1	28.866	388	246	6	1	382	2	365	9.30e-166	478	50.00
NsnB_ECOR37	HJC25080.1	27.136	398	238	8	1	382	2	363	9.35e-166	478	44.97
NsnB_ECOR37	MEC4866782.1	33.916	286	166	4	100	382	2	267	9.97e-166	474	54.90
NsnB_ECOR37	HAF29036.1	28.250	400	253	8	1	382	2	385	1.44e-165	478	46.25
NsnB_ECOR37	MEK7253966.1	30.691	391	238	9	1	382	2	368	1.66e-165	477	49.87
NsnB_ECOR37	MBL8229403.1	28.974	390	246	8	1	383	2	367	3.30e-165	477	48.72
NsnB_ECOR37	WP_296794176.1	33.420	386	228	5	1	382	2	362	5.08e-165	476	52.59
NsnB_ECOR37	NOU14552.1	27.920	351	227	5	1	346	2	331	5.59e-165	474	47.29
NsnB_ECOR37	MBK8015074.1	33.943	383	244	5	1	382	2	376	5.69e-165	476	53.00
NsnB_ECOR37	EOS70170.1	31.701	388	232	6	1	382	3	363	6.27e-165	476	48.97
NsnB_ECOR37	MCY4287773.1	30.402	398	255	7	1	382	6	397	7.61e-165	477	52.26
NsnB_ECOR37	WP_013293496.1	32.898	383	247	6	1	382	2	375	8.42e-165	476	53.00
NsnB_ECOR37	MCL2103925.1	29.178	377	235	7	13	381	2	354	8.80e-165	475	49.07
NsnB_ECOR37	WP_317324916.1	30.326	399	243	4	1	382	2	382	1.07e-164	476	49.62
NsnB_ECOR37	WP_374263939.1	36.292	383	232	6	1	382	2	373	1.37e-164	475	53.52
NsnB_ECOR37	MCZ8270558.1	29.219	397	261	7	1	383	6	396	1.58e-164	476	51.39
NsnB_ECOR37	WP_072332834.1	30.864	405	223	9	1	382	2	372	2.11e-164	475	46.91
NsnB_ECOR37	MEN8216093.1	29.381	388	235	8	1	382	2	356	2.90e-164	474	52.58
NsnB_ECOR37	MCY3879591.1	31.638	354	230	6	37	384	1	348	4.00e-164	473	52.82
NsnB_ECOR37	WP_088688276.1	29.381	388	257	6	1	381	2	379	4.06e-164	474	52.84
NsnB_ECOR37	MDD3138050.1	33.505	388	229	8	1	382	2	366	5.33e-164	473	52.32
NsnB_ECOR37	MCG8352986.1	32.216	388	233	7	1	382	2	365	7.97e-164	473	54.38
NsnB_ECOR37	WP_130089099.1	27.500	400	240	9	1	382	2	369	1.19e-163	473	48.75
NsnB_ECOR37	WP_122184307.1	27.273	341	217	4	1	331	2	321	5.43e-163	470	44.87
NsnB_ECOR37	WP_077129755.1	30.513	390	241	8	1	382	2	369	6.04e-163	471	51.03


