# blastp
# Iteration: 0
# Query: JetC_ECOR67
# RID: X2SHPZBW016
# Database: nr_cluster_seq
# Fields: query acc.ver, subject acc.ver, % identity, alignment length, mismatches, gap opens, q. start, q. end, s. start, s. end, evalue, bit score, % positives
# 1012 hits found
JetC_ECOR67	WP_225877555.1	97.052	1357	40	0	1	1357	1	1357	0.0	2705	98.38
JetC_ECOR67	WP_244566549.1	100.000	1285	0	0	194	1478	10	1294	0.0	2630	100.00
JetC_ECOR67	WP_009114488.1	82.679	1478	256	0	1	1478	1	1478	0.0	2512	89.04
JetC_ECOR67	WP_254853016.1	81.935	1478	267	0	1	1478	1	1478	0.0	2502	89.45
JetC_ECOR67	WP_313114219.1	81.597	1478	272	0	1	1478	1	1478	0.0	2475	88.97
JetC_ECOR67	WP_271125700.1	80.920	1478	282	0	1	1478	1	1478	0.0	2452	88.90
JetC_ECOR67	WP_218203129.1	79.837	1473	296	1	1	1473	1	1472	0.0	2402	87.58
JetC_ECOR67	WP_165410439.1	98.960	1154	12	0	1	1154	1	1154	0.0	2345	99.39
JetC_ECOR67	WP_254204465.1	99.905	1050	1	0	429	1478	1	1050	0.0	2150	100.00
JetC_ECOR67	WP_095374166.1	100.000	1039	0	0	1	1039	1	1039	0.0	2139	100.00
JetC_ECOR67	WP_208654680.1	70.413	1477	435	1	1	1477	1	1475	0.0	2125	81.92
JetC_ECOR67	WP_077373960.1	69.722	1473	446	0	1	1473	1	1473	0.0	2116	81.40
JetC_ECOR67	WP_252604554.1	70.210	1477	438	1	1	1477	1	1475	0.0	2104	82.26
JetC_ECOR67	WP_286989413.1	69.553	1478	450	0	1	1478	1	1478	0.0	2089	81.33
JetC_ECOR67	WP_252516243.1	96.165	1069	41	0	299	1367	4	1072	0.0	2088	98.13
JetC_ECOR67	WP_033988926.1	69.939	1477	442	1	1	1477	1	1475	0.0	2086	81.11
JetC_ECOR67	WP_042878811.1	68.627	1479	460	2	1	1477	1	1477	0.0	2055	80.73
JetC_ECOR67	WP_153636166.1	68.043	1477	470	1	1	1477	1	1475	0.0	2045	80.64
JetC_ECOR67	WP_107850350.1	68.450	1477	464	1	1	1477	1	1475	0.0	2011	79.96
JetC_ECOR67	WP_095699748.1	67.231	1477	477	2	1	1477	1	1470	0.0	1998	79.35
JetC_ECOR67	MCJ2774381.1	99.672	915	0	1	403	1317	10	921	0.0	1855	99.67
JetC_ECOR67	WP_025731904.1	61.847	1473	558	3	1	1472	1	1470	0.0	1835	76.04
JetC_ECOR67	WP_251301686.1	96.703	910	30	0	1	910	1	910	0.0	1808	98.35
JetC_ECOR67	WP_200235736.1	60.731	1477	578	1	1	1477	1	1475	0.0	1803	75.83
JetC_ECOR67	WP_251361893.1	97.875	847	18	0	632	1478	1	847	0.0	1696	98.82
JetC_ECOR67	EFH4998653.1	99.877	810	1	0	1	810	1	810	0.0	1669	99.88
JetC_ECOR67	WP_235839559.1	97.066	784	23	0	1	784	1	784	0.0	1572	98.47
JetC_ECOR67	WP_232533554.1	78.161	957	208	1	1	957	1	956	0.0	1528	86.52
JetC_ECOR67	WP_415384842.1	64.645	1154	408	0	1	1154	1	1154	0.0	1487	77.47
JetC_ECOR67	WP_332389269.1	97.712	743	17	0	736	1478	1	743	0.0	1484	98.79
JetC_ECOR67	WP_260834121.1	96.444	675	24	0	1	675	1	675	0.0	1342	98.07
JetC_ECOR67	HGA5439784.1	78.029	842	185	0	632	1473	1	842	0.0	1333	86.46
JetC_ECOR67	WP_393355204.1	70.852	892	258	1	586	1477	1	890	0.0	1265	82.17
JetC_ECOR67	HCL7828847.1	96.519	632	22	0	1	632	1	632	0.0	1264	98.10
JetC_ECOR67	MCR6534864.1	99.514	617	0	1	403	1019	10	623	0.0	1245	99.51
JetC_ECOR67	MXS50246.1	95.659	622	27	0	121	742	1	622	0.0	1228	97.43
JetC_ECOR67	MCQ7289936.1	90.769	650	60	0	336	985	1	650	0.0	1194	94.62
JetC_ECOR67	WP_273646592.1	66.213	882	298	0	1	882	1	882	0.0	1182	77.89
JetC_ECOR67	WP_250192454.1	97.473	554	14	0	1	554	1	554	0.0	1117	98.56
JetC_ECOR67	WP_225561938.1	99.810	525	1	0	954	1478	1	525	0.0	1078	99.81
JetC_ECOR67	WP_239798308.1	98.286	525	9	0	954	1478	1	525	0.0	1062	99.05
JetC_ECOR67	MFH4890974.1	97.287	516	14	0	61	576	2	517	0.0	1032	98.64
JetC_ECOR67	MBR9886009.1	70.793	719	210	0	731	1449	1	719	0.0	1022	82.75
JetC_ECOR67	HGA5439785.1	82.915	597	101	1	1	597	1	596	0.0	1015	89.28
JetC_ECOR67	WP_251361897.1	96.443	506	18	0	111	616	1	506	0.0	1005	98.42
JetC_ECOR67	WP_332868381.1	97.727	484	11	0	1	484	1	484	0.0	984	98.55
JetC_ECOR67	EIE3122833.1	97.172	495	14	0	846	1340	1	495	0.0	979	98.38
JetC_ECOR67	HBQ06720.1	67.894	679	218	0	8	686	1	679	0.0	952	79.68
JetC_ECOR67	HCP4883189.1	96.289	485	18	0	564	1048	1	485	0.0	952	97.94
JetC_ECOR67	WP_371904656.1	99.330	448	0	1	403	850	10	454	0.0	900	99.33
JetC_ECOR67	TZF06714.1	94.043	470	28	0	477	946	1	470	0.0	890	95.96
JetC_ECOR67	WP_366989508.1	98.405	439	7	0	1040	1478	26	464	0.0	890	99.09
JetC_ECOR67	WP_232533553.1	83.234	501	84	0	973	1473	1	501	0.0	855	90.02
JetC_ECOR67	WP_233369313.1	100.000	390	0	0	1	390	1	390	0.0	819	100.00
JetC_ECOR67	WP_393355207.1	68.449	561	177	0	1	561	1	561	0.0	793	79.50
JetC_ECOR67	WP_273646689.1	80.477	461	90	0	1013	1473	1	461	0.0	763	90.02
JetC_ECOR67	WP_252257769.1	99.185	368	3	0	1111	1478	1	368	0.0	759	99.73
JetC_ECOR67	WP_273649223.1	84.810	395	60	0	1079	1473	2	396	0.0	702	92.15
JetC_ECOR67	HBB4835200.1	99.091	330	3	0	1	330	1	330	0.0	690	99.39
JetC_ECOR67	EOJ9519566.1	100.000	296	0	0	1	296	1	296	0.0	630	100.00
JetC_ECOR67	HGE9810905.1	79.949	389	78	0	189	577	1	389	0.0	622	87.92
JetC_ECOR67	WP_273649324.1	59.563	549	222	0	528	1076	1	549	0.0	619	74.13
JetC_ECOR67	APO29167.1	100.000	288	0	0	1	288	1	288	0.0	613	100.00
JetC_ECOR67	HDZ3885870.1	97.690	303	7	0	1083	1385	1	303	0.0	609	98.68
JetC_ECOR67	WP_415384993.1	90.970	299	27	0	1175	1473	1	299	0.0	575	96.32
JetC_ECOR67	APO29448.1	100.000	273	0	0	499	771	1	273	0.0	559	100.00
JetC_ECOR67	WP_322149928.1	99.620	263	1	0	1216	1478	4	266	8.44e-180	545	100.00
JetC_ECOR67	HFK7991291.1	100.000	239	0	0	1	239	1	239	1.67e-167	512	100.00
JetC_ECOR67	QLQ31380.1	28.333	1500	994	27	1	1470	1	1449	2.27e-166	550	48.93
JetC_ECOR67	WP_367970982.1	98.361	244	4	0	1235	1478	1	244	3.42e-164	503	100.00
JetC_ECOR67	STI78173.1	92.395	263	19	1	556	818	1	262	2.15e-160	494	93.54
JetC_ECOR67	STI78172.1	100.000	240	0	0	827	1066	1	240	2.32e-157	486	100.00
JetC_ECOR67	XBY09615.1	94.167	240	13	1	106	344	1	240	7.34e-151	468	96.25
JetC_ECOR67	HCL7828997.1	98.190	221	4	0	636	856	1	221	1.94e-142	445	99.10
JetC_ECOR67	WP_061359530.1	100.000	211	0	0	1268	1478	1	211	4.42e-142	444	100.00
JetC_ECOR67	WP_373889408.1	99.038	208	2	0	581	788	1	208	2.84e-136	428	99.52
JetC_ECOR67	MBU4903931.1	98.598	214	0	1	776	989	1	211	1.15e-134	424	98.60
JetC_ECOR67	MBR9883477.1	29.622	1006	672	9	1	992	1	984	1.28e-131	447	50.50
JetC_ECOR67	WP_241233826.1	92.195	205	8	1	1	205	1	197	8.71e-124	394	92.68
JetC_ECOR67	MBR9885889.1	78.319	226	49	0	1	226	1	226	2.52e-119	383	85.40
JetC_ECOR67	ECM8575076.1	98.837	172	2	0	1	172	1	172	1.05e-112	363	98.84
JetC_ECOR67	MCN5481306.1	100.000	179	0	0	403	581	10	188	1.10e-110	358	100.00
JetC_ECOR67	HBA9118409.1	100.000	168	0	0	1	168	1	168	1.12e-110	360	100.00
JetC_ECOR67	WP_001584140.1	94.318	176	10	0	347	522	1	176	2.53e-103	337	96.02
JetC_ECOR67	MCC1903091.1	97.452	157	4	0	1213	1369	1	157	1.80e-98	323	100.00
JetC_ECOR67	MES1653008.1	98.758	161	2	0	706	866	1	161	2.19e-98	323	99.38
JetC_ECOR67	WP_257269105.1	99.355	155	1	0	1324	1478	1	155	2.96e-98	322	100.00
JetC_ECOR67	BEJ30287.1	99.338	151	1	0	1	151	1	151	6.64e-98	321	99.34
JetC_ECOR67	WP_153061160.1	100.000	147	0	0	154	300	1	147	1.76e-94	311	100.00
JetC_ECOR67	MBJ4169593.1	91.566	166	14	0	312	477	1	166	1.83e-92	306	95.18
JetC_ECOR67	MBJ3367568.1	86.441	177	24	0	448	624	2	178	4.46e-92	306	92.66
JetC_ECOR67	WP_220400151.1	100.000	146	0	0	869	1014	1	146	2.78e-91	302	100.00
JetC_ECOR67	WP_157919107.1	97.945	146	3	0	646	791	1	146	7.44e-88	293	98.63
JetC_ECOR67	WP_001584142.1	93.289	149	10	0	556	704	1	149	7.48e-87	291	96.64
JetC_ECOR67	EIE3121404.1	100.000	138	0	0	1341	1478	1	138	7.59e-87	290	100.00
JetC_ECOR67	WP_220400177.1	100.000	138	0	0	696	833	1	138	2.93e-85	285	100.00
JetC_ECOR67	WP_251324552.1	100.000	139	0	0	954	1092	1	139	1.49e-84	283	100.00
JetC_ECOR67	WP_141121980.1	94.853	136	7	0	587	722	1	136	5.47e-81	273	96.32
JetC_ECOR67	MXS47878.1	99.200	125	1	0	1	125	1	125	3.17e-77	262	99.20
JetC_ECOR67	MBR9883427.1	41.061	358	207	3	1119	1473	10	366	1.12e-75	268	59.50
JetC_ECOR67	HGE9810904.1	93.388	121	8	0	79	199	1	121	2.18e-73	251	97.52
JetC_ECOR67	WP_248793406.1	100.000	119	0	0	1360	1478	9	127	9.58e-73	249	100.00
JetC_ECOR67	WP_141122019.1	99.138	116	1	0	144	259	1	116	1.90e-72	248	100.00
JetC_ECOR67	MCC1903109.1	93.077	130	9	0	681	810	1	130	3.74e-72	248	93.85
JetC_ECOR67	WP_254870924.1	93.750	128	8	0	336	463	1	128	2.51e-71	245	96.88
JetC_ECOR67	MFK3717748.1	99.145	117	1	0	1111	1227	1	117	8.64e-71	243	100.00
JetC_ECOR67	WP_257269104.1	93.600	125	8	0	1162	1286	1	125	1.30e-70	243	96.80
JetC_ECOR67	HGC1175491.1	96.694	121	4	0	954	1074	1	121	4.44e-70	241	98.35
JetC_ECOR67	XBY09620.1	83.803	142	23	0	1130	1271	1	142	7.00e-69	239	87.32
JetC_ECOR67	WP_244588933.1	98.246	114	2	0	1235	1348	1	114	5.37e-67	233	99.12
JetC_ECOR67	WP_252403254.1	93.913	115	7	0	648	762	1	115	3.53e-65	227	96.52
JetC_ECOR67	HGE6422564.1	98.165	109	2	0	1	109	1	109	5.14e-65	226	98.17
JetC_ECOR67	TZE89958.1	99.057	106	1	0	50	155	1	106	9.50e-64	223	99.06
JetC_ECOR67	XBY09621.1	99.065	107	1	0	1324	1430	1	107	3.67e-63	221	100.00
JetC_ECOR67	WP_164473251.1	99.048	105	1	0	1374	1478	1	105	1.33e-62	219	100.00
JetC_ECOR67	WP_141122030.1	92.857	112	8	0	1152	1263	1	112	6.58e-62	218	95.54
JetC_ECOR67	WP_258272856.1	100.000	107	0	0	1050	1156	1	107	1.72e-61	216	100.00
JetC_ECOR67	MEM9103807.1	37.736	371	217	6	1113	1470	2	371	4.26e-61	226	53.64
JetC_ECOR67	HGW8092676.1	100.000	96	0	0	111	206	1	96	1.11e-59	211	100.00
JetC_ECOR67	WP_160515419.1	100.000	102	0	0	987	1088	1	102	3.80e-58	206	100.00
JetC_ECOR67	MEV1736264.1	56.316	190	83	0	842	1031	16	205	1.72e-57	209	72.63
JetC_ECOR67	WP_343143872.1	88.571	105	12	0	1216	1320	1	105	4.91e-57	203	96.19
JetC_ECOR67	WP_139763067.1	83.333	120	20	0	1034	1153	1	120	2.21e-56	202	91.67
JetC_ECOR67	WP_170709262.1	97.030	101	3	0	1170	1270	1	101	3.15e-56	201	99.01
JetC_ECOR67	WP_248790740.1	98.969	97	1	0	648	744	1	97	5.41e-56	200	98.97
JetC_ECOR67	WP_257269103.1	98.058	103	2	0	1040	1142	26	128	9.53e-56	201	98.06
JetC_ECOR67	WP_353522629.1	100.000	93	0	0	1	93	1	93	4.98e-55	197	100.00
JetC_ECOR67	WP_311207741.1	97.895	95	2	0	1384	1478	41	135	2.12e-54	197	98.95
JetC_ECOR67	STI78174.1	100.000	93	0	0	336	428	1	93	4.27e-53	192	100.00
JetC_ECOR67	WP_343141559.1	87.879	99	12	0	1228	1326	1	99	1.60e-52	190	95.96
JetC_ECOR67	WP_250880944.1	95.833	96	4	0	954	1049	1	96	2.66e-52	189	98.96
JetC_ECOR67	WP_322150124.1	98.889	90	1	0	1	90	1	90	5.70e-52	189	98.89
JetC_ECOR67	WP_305772859.1	100.000	92	0	0	1011	1102	1	92	2.84e-51	186	100.00
JetC_ECOR67	MCV5403395.1	100.000	86	0	0	648	733	1	86	3.70e-50	183	100.00
JetC_ECOR67	WP_314905431.1	100.000	87	0	0	1392	1478	1	87	5.90e-50	182	100.00
JetC_ECOR67	WP_054496418.1	98.851	87	1	0	1392	1478	1	87	1.10e-49	182	100.00
JetC_ECOR67	MCV5934547.1	100.000	88	0	0	477	564	1	88	1.78e-48	178	100.00
JetC_ECOR67	WP_153061194.1	98.795	83	1	0	1	83	1	83	2.28e-46	172	98.80
JetC_ECOR67	WP_353536570.1	95.402	87	4	0	357	443	1	87	1.50e-45	170	97.70
JetC_ECOR67	HAJ8517763.1	90.217	92	9	0	542	633	1	92	1.88e-45	170	95.65
JetC_ECOR67	XBY09616.1	94.382	89	5	0	481	569	1	89	3.04e-45	169	98.88
JetC_ECOR67	MCV4639620.1	94.186	86	5	0	320	405	1	86	9.18e-44	165	96.51
JetC_ECOR67	WP_214293510.1	100.000	80	0	0	403	482	6	85	2.13e-43	164	100.00
JetC_ECOR67	XBY09618.1	92.941	85	6	0	889	973	1	85	3.75e-43	163	94.12
JetC_ECOR67	WP_258272937.1	98.765	81	1	0	269	349	1	81	9.73e-43	162	98.77
JetC_ECOR67	WP_368761217.1	91.860	86	7	0	506	591	1	86	7.50e-41	156	96.51
JetC_ECOR67	MTD86237.1	90.361	83	8	0	737	819	1	83	3.89e-40	154	92.77
JetC_ECOR67	MCV5991798.1	98.571	70	1	0	1342	1411	1	70	3.69e-37	145	100.00
JetC_ECOR67	STI78177.1	100.000	71	0	0	11	81	2	72	3.86e-37	148	100.00
JetC_ECOR67	WP_154766368.1	100.000	67	0	0	205	271	1	67	1.02e-35	141	100.00
JetC_ECOR67	WP_141122099.1	92.208	77	6	0	499	575	1	77	2.07e-34	137	97.40
JetC_ECOR67	XBY09619.1	92.958	71	5	0	973	1043	1	71	4.73e-34	137	97.18
JetC_ECOR67	XBY09617.1	92.754	69	5	0	786	854	1	69	2.40e-33	134	95.65
JetC_ECOR67	WP_241215350.1	98.413	63	1	0	1	63	1	63	9.58e-33	132	98.41
JetC_ECOR67	WP_162721725.1	98.387	62	1	0	1	62	1	62	2.06e-31	130	98.39
JetC_ECOR67	WP_304529856.1	98.438	64	1	0	500	563	1	64	4.44e-31	128	100.00
JetC_ECOR67	WP_140397798.1	86.957	69	9	0	586	654	1	69	6.90e-31	127	89.86
JetC_ECOR67	WP_252183794.1	86.567	67	9	0	753	819	1	67	1.83e-29	123	91.04
JetC_ECOR67	WP_265930404.1	89.552	67	7	0	1412	1478	24	90	3.82e-29	123	91.04
JetC_ECOR67	WP_250667237.1	94.286	70	4	0	725	794	461	530	5.30e-29	136	97.14
JetC_ECOR67	STI78176.1	100.000	55	0	0	189	243	1	55	5.36e-29	122	100.00
JetC_ECOR67	HBD3458026.1	100.000	56	0	0	1423	1478	1	56	1.49e-28	120	100.00
JetC_ECOR67	WP_238013861.1	100.000	56	0	0	1	56	1	56	5.13e-28	119	100.00
JetC_ECOR67	HBQ06721.1	71.250	80	23	0	687	766	2	81	1.06e-26	116	78.75
JetC_ECOR67	MCP4296158.1	32.917	240	145	7	1232	1458	365	601	1.08e-23	120	53.75
JetC_ECOR67	WP_163370372.1	21.891	1005	662	28	511	1444	490	1442	2.70e-23	121	41.00
JetC_ECOR67	MCP3925749.1	27.922	308	198	9	1147	1436	1095	1396	3.60e-23	120	50.32
JetC_ECOR67	MCP3925749.1	24.290	317	182	10	1	309	1	267	2.10e-20	111	47.95
JetC_ECOR67	WP_321779367.1	29.276	304	192	9	1154	1442	1135	1430	1.43e-21	115	50.00
JetC_ECOR67	PYY08796.1	31.401	207	126	6	1226	1421	67	268	5.45e-21	106	56.04
JetC_ECOR67	WP_269671884.1	21.528	1008	662	31	511	1444	200	1152	3.01e-20	110	41.96
JetC_ECOR67	MDO1640272.1	59.259	81	33	0	1046	1126	11	91	4.23e-20	97.8	77.78
JetC_ECOR67	WP_028570899.1	29.614	233	156	4	1224	1450	1220	1450	6.18e-20	110	50.64
JetC_ECOR67	WP_257187807.1	100.000	44	0	0	1435	1478	1	44	6.52e-20	95.5	100.00
JetC_ECOR67	MBT4286320.1	25.481	416	261	15	1071	1466	1064	1450	4.30e-19	107	48.80
JetC_ECOR67	WP_020590190.1	31.933	238	145	8	1220	1445	1216	1448	2.51e-18	104	50.42
JetC_ECOR67	WP_319576520.1	32.129	249	149	9	1209	1445	1208	1448	2.69e-18	104	49.00
JetC_ECOR67	MCY4408707.1	30.400	250	160	8	1222	1460	415	661	3.29e-18	103	50.40
JetC_ECOR67	WP_047190523.1	27.778	216	150	4	1234	1446	1204	1416	4.58e-18	103	49.54
JetC_ECOR67	WP_047190523.1	25.446	224	141	9	54	262	37	249	6.72e-06	64.3	41.52
JetC_ECOR67	HRE04631.1	34.409	186	110	5	1271	1447	1229	1411	8.21e-18	103	54.30
JetC_ECOR67	WP_144141173.1	27.857	280	161	12	1	268	1	251	1.52e-17	102	49.29
JetC_ECOR67	STI78175.1	97.727	44	1	0	248	291	1	44	1.63e-17	90.1	97.73
JetC_ECOR67	MCY4546861.1	30.000	240	150	7	1222	1449	1190	1423	2.52e-17	101	49.17
JetC_ECOR67	WP_134757997.1	22.837	867	505	36	1	801	1	769	4.22e-17	100	40.83
JetC_ECOR67	MDO8544488.1	33.333	207	123	7	1247	1442	1209	1411	7.95e-17	100	51.21
JetC_ECOR67	WP_321419816.1	31.325	249	151	9	1209	1445	1212	1452	9.24e-17	99.8	49.40
JetC_ECOR67	WP_163833690.1	27.374	358	232	13	1111	1447	1089	1439	1.05e-16	99.8	46.93
JetC_ECOR67	MCG8553264.1	32.547	212	129	8	1246	1445	1243	1452	1.70e-16	99.0	52.36
JetC_ECOR67	WP_180568959.1	31.222	221	134	8	1240	1447	1224	1439	1.89e-16	98.6	53.85
JetC_ECOR67	MDE0271110.1	27.650	217	151	5	1228	1438	1036	1252	2.39e-16	98.2	51.61
JetC_ECOR67	MDE0432580.1	27.650	217	151	5	1228	1438	1196	1412	3.35e-16	97.8	51.61
JetC_ECOR67	MDE0432580.1	27.368	285	162	10	1	270	1	255	1.43e-14	92.4	45.96
JetC_ECOR67	MBA4136169.1	34.225	187	110	6	1260	1436	1220	1403	8.69e-16	96.7	54.55
JetC_ECOR67	MCY4511710.1	30.000	230	139	7	1232	1447	1200	1421	2.15e-15	95.1	50.87
JetC_ECOR67	WP_028581799.1	29.880	251	149	8	1220	1447	1194	1440	2.18e-15	95.1	48.61
JetC_ECOR67	PHR22874.1	27.358	318	207	9	1145	1447	1131	1439	1.14e-14	92.8	46.54
JetC_ECOR67	WP_223907903.1	26.370	292	166	13	1	279	1	256	1.25e-14	92.8	46.23
JetC_ECOR67	MCY4468533.1	28.716	296	185	11	1173	1457	1153	1433	1.27e-14	92.8	47.64
JetC_ECOR67	WP_300668171.1	29.464	224	144	5	1240	1452	1220	1440	1.43e-14	92.4	50.89
JetC_ECOR67	MBT8340250.1	28.302	265	173	6	1205	1457	1190	1449	1.74e-14	92.4	48.30
JetC_ECOR67	WP_084067353.1	29.536	237	145	6	1220	1436	1191	1425	1.85e-14	92.4	49.37
JetC_ECOR67	WP_361111006.1	32.927	246	117	9	1232	1449	1213	1438	2.56e-14	91.7	47.15
JetC_ECOR67	MDD9945460.1	27.397	292	196	9	1192	1472	1173	1459	2.99e-14	91.7	48.29
JetC_ECOR67	MFT5699827.1	29.268	287	179	9	1176	1447	1162	1439	5.69e-14	90.5	47.04
JetC_ECOR67	WP_203445650.1	29.204	226	150	5	1219	1434	1205	1430	8.85e-14	90.1	50.88
JetC_ECOR67	WP_363649778.1	31.455	213	132	7	1228	1429	1208	1417	9.17e-14	90.1	52.58
JetC_ECOR67	WP_172684214.1	27.948	229	154	5	1230	1447	32	260	9.71e-14	85.5	50.22
JetC_ECOR67	WP_236893050.1	26.106	226	156	3	1233	1447	1210	1435	1.08e-13	89.7	49.12
JetC_ECOR67	WP_092213858.1	26.106	226	156	3	1233	1447	1210	1435	1.36e-13	89.4	49.56
JetC_ECOR67	WP_367500940.1	32.636	239	127	9	1232	1449	1213	1438	1.90e-13	89.0	48.12
JetC_ECOR67	MFV8750643.1	29.358	218	142	5	1239	1447	1212	1426	2.78e-13	88.6	46.33
JetC_ECOR67	WP_213959588.1	27.835	291	143	13	1	266	1	249	3.00e-13	88.2	44.33
JetC_ECOR67	WP_144386686.1	34.524	168	100	6	1296	1457	1284	1447	3.31e-13	88.2	54.76
JetC_ECOR67	MSU61239.1	27.134	328	207	12	1134	1444	1109	1421	3.39e-13	88.2	45.43
JetC_ECOR67	WP_268118834.1	38.938	113	62	2	1338	1450	1320	1425	5.04e-13	87.4	61.95
JetC_ECOR67	MCP4116290.1	27.660	235	151	5	1228	1447	1206	1436	6.00e-13	87.4	48.51
JetC_ECOR67	MCP4116290.1	27.354	223	125	10	59	266	41	241	5.30e-08	71.2	43.50
JetC_ECOR67	WP_203871471.1	31.739	230	130	9	1226	1436	1218	1439	6.88e-13	87.0	49.57
JetC_ECOR67	MEE4173294.1	28.016	257	164	5	1205	1447	1190	1439	7.12e-13	87.0	47.47
JetC_ECOR67	WP_394473287.1	25.868	317	188	13	1	301	1	286	7.20e-13	87.0	43.85
JetC_ECOR67	WP_131747656.1	31.868	182	116	5	1281	1457	49	227	8.02e-13	82.0	52.20
JetC_ECOR67	WP_400902864.1	30.531	226	131	6	1228	1436	1205	1421	8.17e-13	87.0	50.00
JetC_ECOR67	WP_402395631.1	30.702	228	128	8	1228	1436	1206	1422	8.53e-13	86.7	51.32
JetC_ECOR67	MDM8517185.1	27.600	250	168	6	1208	1444	1209	1458	1.16e-12	86.3	48.80
JetC_ECOR67	MDM8517185.1	25.625	160	101	6	654	803	621	772	1.47e-05	63.2	51.88
JetC_ECOR67	WP_360333702.1	35.948	153	89	5	1296	1443	1284	1432	1.21e-12	86.3	55.56
JetC_ECOR67	VTR69289.1	28.405	257	163	7	1205	1447	1190	1439	1.33e-12	86.3	48.25
JetC_ECOR67	WP_391536422.1	31.754	211	127	8	1237	1436	1221	1425	1.57e-12	85.9	52.13
JetC_ECOR67	NKB59563.1	29.317	249	159	7	1225	1461	1184	1427	1.74e-12	85.9	48.19
JetC_ECOR67	NOQ14482.1	21.925	374	232	11	1	361	1	327	2.39e-12	85.5	40.64
JetC_ECOR67	WP_260729200.1	32.174	230	131	9	1226	1436	1224	1447	2.57e-12	85.1	50.00
JetC_ECOR67	WP_155311549.1	29.947	187	120	3	1272	1447	1253	1439	3.05e-12	85.1	50.27
JetC_ECOR67	WP_344619807.1	32.174	230	131	9	1226	1436	499	722	3.10e-12	84.3	50.00
JetC_ECOR67	MCG8471051.1	27.273	242	153	6	1228	1452	1206	1441	3.37e-12	84.7	47.52
JetC_ECOR67	MDR2669884.1	27.897	233	156	5	1228	1451	1210	1439	3.39e-12	84.7	51.93
JetC_ECOR67	GAA2388709.1	32.174	230	131	9	1226	1436	361	584	3.51e-12	84.0	50.00
JetC_ECOR67	WP_055507577.1	33.173	208	114	8	1237	1429	1220	1417	3.59e-12	84.7	51.44
JetC_ECOR67	WP_224605007.1	31.754	211	130	8	1235	1438	1207	1410	3.90e-12	84.7	52.61
JetC_ECOR67	WP_363481169.1	29.204	226	134	6	1228	1436	1204	1420	4.47e-12	84.3	50.88
JetC_ECOR67	WUH97774.1	31.020	245	148	9	1205	1436	1192	1428	4.75e-12	84.3	46.94
JetC_ECOR67	WP_380056086.1	41.304	92	51	2	1350	1438	37	128	5.26e-12	77.0	64.13
JetC_ECOR67	WP_357392510.1	32.240	183	114	6	1281	1457	1267	1445	5.61e-12	84.0	52.46
JetC_ECOR67	WP_203685141.1	30.870	230	132	8	1226	1436	1218	1439	5.83e-12	84.0	48.70
JetC_ECOR67	WP_221089709.1	31.280	211	131	8	1235	1438	817	1020	5.94e-12	84.0	52.13
JetC_ECOR67	WP_380543682.1	33.987	153	92	5	1296	1443	1286	1434	7.87e-12	83.6	56.21
JetC_ECOR67	WP_345381816.1	31.416	226	143	8	1239	1456	1215	1436	7.91e-12	83.6	50.00
JetC_ECOR67	WP_106396111.1	29.167	216	143	5	1239	1447	1211	1423	8.51e-12	83.6	48.15
JetC_ECOR67	WP_155318040.1	29.231	195	127	3	1264	1447	1245	1439	8.61e-12	83.6	49.74
JetC_ECOR67	MEW5744416.1	25.623	281	162	11	1	266	2	250	8.87e-12	83.6	45.20
JetC_ECOR67	HSO18073.1	30.952	168	105	4	1281	1437	1	168	9.44e-12	77.8	52.38
JetC_ECOR67	WP_379659749.1	28.400	250	167	8	1216	1457	314	559	1.03e-11	82.4	50.00
JetC_ECOR67	WP_309990738.1	32.759	174	98	7	1272	1436	1250	1413	1.04e-11	83.2	52.30
JetC_ECOR67	WP_416632042.1	33.929	168	101	6	1296	1457	1312	1475	1.52e-11	82.8	52.38
JetC_ECOR67	WP_232872013.1	30.973	226	144	8	1239	1456	1207	1428	1.62e-11	82.4	49.56
JetC_ECOR67	MBR9987830.1	29.744	195	126	5	1264	1447	1245	1439	1.87e-11	82.4	50.26
JetC_ECOR67	MEU7816071.1	29.644	253	162	9	1216	1456	282	530	1.89e-11	81.3	48.62
JetC_ECOR67	WP_343977263.1	28.400	250	167	8	1216	1457	839	1084	2.02e-11	82.0	49.60
JetC_ECOR67	WP_168523489.1	28.761	226	150	7	1233	1451	1220	1441	2.06e-11	82.4	49.56
JetC_ECOR67	WP_030436668.1	33.929	168	101	6	1296	1457	1284	1447	2.34e-11	82.0	52.38
JetC_ECOR67	MBI9087893.1	28.311	219	143	5	1240	1447	1222	1437	2.37e-11	82.0	49.77
JetC_ECOR67	MBI9087893.1	29.121	182	109	6	635	807	600	770	6.31e-05	60.8	47.25
JetC_ECOR67	WP_363712018.1	33.929	168	101	6	1296	1457	1282	1445	2.42e-11	82.0	52.38
JetC_ECOR67	MDY0060879.1	30.870	230	140	8	1235	1449	1198	1423	2.43e-11	82.0	49.13
JetC_ECOR67	WP_326599228.1	38.621	145	76	6	1340	1476	1325	1464	2.49e-11	82.0	54.48
JetC_ECOR67	WP_184887685.1	33.929	168	101	6	1296	1457	1282	1445	2.51e-11	82.0	52.38
JetC_ECOR67	WP_365039771.1	36.424	151	87	5	1317	1458	1301	1451	3.02e-11	81.6	55.63
JetC_ECOR67	WP_212237964.1	30.093	216	119	8	1239	1436	1223	1424	3.21e-11	81.6	49.07
JetC_ECOR67	WP_201382241.1	32.374	139	86	5	1307	1442	8	141	3.35e-11	75.1	56.12
JetC_ECOR67	WP_227569866.1	33.906	233	123	12	1235	1449	1219	1438	3.39e-11	81.6	50.64
JetC_ECOR67	WP_282361063.1	29.778	225	129	11	58	266	20	231	3.59e-11	81.6	50.22
JetC_ECOR67	WP_266685952.1	49.412	85	40	1	1361	1442	1346	1430	3.61e-11	81.6	62.35
JetC_ECOR67	KQV45800.1	25.237	317	190	12	1	301	1	286	3.64e-11	80.1	42.59
JetC_ECOR67	WP_036553203.1	31.019	216	135	9	1232	1436	1217	1429	3.92e-11	81.3	50.46
JetC_ECOR67	WP_217307508.1	29.218	243	145	10	1234	1456	1215	1450	3.92e-11	81.3	48.56
JetC_ECOR67	WP_380932724.1	30.144	209	138	5	1234	1436	1221	1427	4.24e-11	81.3	46.89
JetC_ECOR67	WP_122282581.1	29.412	238	147	8	1219	1444	1183	1411	4.84e-11	80.9	47.06
JetC_ECOR67	WP_079554068.1	31.609	174	100	7	1272	1436	1259	1422	5.21e-11	80.9	51.15
JetC_ECOR67	WP_389668516.1	31.557	244	123	10	1232	1449	1213	1438	5.46e-11	80.9	46.31
JetC_ECOR67	WP_148083794.1	33.333	168	102	6	1296	1457	1242	1405	5.59e-11	80.9	52.98
JetC_ECOR67	WP_401420895.1	30.328	244	126	8	1232	1449	1213	1438	5.60e-11	80.9	44.67
JetC_ECOR67	WP_237106515.1	30.556	216	118	8	1239	1436	1223	1424	6.28e-11	80.5	47.69
JetC_ECOR67	WP_360199344.1	30.233	215	109	8	1248	1436	134	333	6.56e-11	78.6	47.91
JetC_ECOR67	WP_114920822.1	30.263	228	134	8	1228	1436	1223	1444	6.65e-11	80.5	48.68
JetC_ECOR67	WP_364156915.1	30.263	228	133	8	1228	1436	1220	1440	6.87e-11	80.5	48.68
JetC_ECOR67	MCW0212166.1	30.417	240	154	9	1226	1456	1200	1435	7.61e-11	80.5	48.75
JetC_ECOR67	WP_379617017.1	27.737	274	184	8	1216	1478	1192	1462	7.68e-11	80.5	47.08
JetC_ECOR67	MDT7704857.1	29.289	239	160	7	1207	1438	94	330	7.72e-11	78.2	48.95
JetC_ECOR67	WP_285887669.1	28.139	231	156	4	1220	1444	1186	1412	8.24e-11	80.1	45.02
JetC_ECOR67	WP_255922526.1	32.407	216	127	9	1235	1436	1275	1485	9.47e-11	80.1	50.46
JetC_ECOR67	WP_208467316.1	30.263	228	133	8	1228	1436	1223	1443	9.72e-11	80.1	48.25
JetC_ECOR67	WP_113986075.1	30.556	216	118	8	1239	1436	1223	1424	9.75e-11	80.1	47.22
JetC_ECOR67	WP_214416160.1	31.364	220	111	11	1239	1436	1231	1432	1.04e-10	80.1	48.64
JetC_ECOR67	HET6186129.1	34.507	142	88	4	1324	1460	3	144	1.12e-10	73.6	55.63
JetC_ECOR67	WP_093088704.1	30.603	232	149	8	1233	1456	1199	1426	1.18e-10	79.7	49.14
JetC_ECOR67	WP_328465704.1	30.233	215	109	8	1248	1436	1231	1430	1.22e-10	79.7	47.91
JetC_ECOR67	MFS2294153.1	29.954	217	138	9	1249	1459	1237	1445	1.22e-10	79.7	52.07
JetC_ECOR67	WP_317877504.1	45.545	101	49	3	1342	1436	820	920	1.23e-10	79.3	60.40
JetC_ECOR67	WP_351667970.1	27.347	245	152	9	1232	1457	1224	1461	1.26e-10	79.7	48.57
JetC_ECOR67	WP_144683492.1	28.444	225	148	5	1235	1447	1214	1437	1.30e-10	79.7	47.11
JetC_ECOR67	WP_370150582.1	28.622	283	155	10	1235	1477	1282	1557	1.34e-10	79.7	46.29
JetC_ECOR67	WP_139447482.1	28.000	225	149	5	1235	1447	1218	1441	1.34e-10	79.7	46.67
JetC_ECOR67	WP_045691947.1	36.806	144	80	5	1340	1476	1323	1462	1.44e-10	79.3	54.17
JetC_ECOR67	MCX3064256.1	30.137	219	124	7	1237	1436	493	701	1.46e-10	79.0	47.95
JetC_ECOR67	WP_391746829.1	44.554	101	50	3	1342	1436	39	139	1.49e-10	73.9	58.42
JetC_ECOR67	RRJ96195.1	29.474	190	116	5	1260	1436	1248	1432	1.57e-10	79.3	50.53
JetC_ECOR67	RRJ96195.1	26.772	254	135	12	1	240	1	217	1.84e-07	69.3	44.49
JetC_ECOR67	WP_179775612.1	28.169	213	137	6	1233	1436	1220	1425	1.58e-10	79.3	47.89
JetC_ECOR67	MCP5524070.1	30.303	231	139	8	1227	1444	1169	1390	1.61e-10	79.3	47.62
JetC_ECOR67	MCP5524070.1	20.438	411	283	11	60	447	11	400	0.008	53.9	40.39
JetC_ECOR67	MBV9022340.1	32.407	216	127	9	1235	1436	1262	1472	1.64e-10	79.3	50.00
JetC_ECOR67	WP_397620890.1	30.317	221	138	9	1228	1436	1214	1430	1.65e-10	79.3	49.77
JetC_ECOR67	WP_397620890.1	22.222	270	190	7	4	266	5	261	0.023	52.4	41.48
JetC_ECOR67	HTE51935.1	26.577	222	152	5	1235	1449	1219	1436	1.67e-10	79.3	48.20
JetC_ECOR67	MCQ6557026.1	32.212	208	116	10	1248	1436	451	652	1.79e-10	78.6	52.40
JetC_ECOR67	WP_298799015.1	28.629	248	167	8	1216	1456	1183	1427	1.86e-10	79.0	49.19
JetC_ECOR67	MFD1235062.1	29.680	219	143	7	1235	1445	98	313	2.02e-10	76.6	50.68
JetC_ECOR67	WP_378690202.1	30.415	217	135	9	1232	1436	1218	1430	2.04e-10	79.0	48.85
JetC_ECOR67	WP_344419083.1	31.019	216	138	7	1235	1442	1207	1419	2.08e-10	79.0	49.07
JetC_ECOR67	MDQ0665370.1	25.840	387	216	14	1088	1436	1071	1424	2.23e-10	79.0	41.86
JetC_ECOR67	WP_169380380.1	30.638	235	150	9	1231	1456	1201	1431	2.26e-10	79.0	49.79
JetC_ECOR67	WP_389489154.1	29.825	228	135	10	1228	1436	1222	1443	2.26e-10	79.0	50.88
JetC_ECOR67	MDA8061349.1	40.323	124	67	4	1322	1438	1283	1406	2.38e-10	79.0	59.68
JetC_ECOR67	WP_206004616.1	31.336	217	125	9	1239	1436	1256	1467	2.44e-10	79.0	51.61
JetC_ECOR67	WP_370083946.1	30.705	241	131	9	1235	1449	1285	1515	2.55e-10	78.6	48.55
JetC_ECOR67	WP_322463999.1	26.336	262	149	11	1	248	1	232	2.57e-10	78.6	45.42
JetC_ECOR67	WP_405951070.1	28.571	245	149	8	1232	1457	1215	1452	2.67e-10	78.6	46.53
JetC_ECOR67	WP_323279109.1	30.415	217	126	8	1239	1436	1251	1461	2.70e-10	78.6	50.69
JetC_ECOR67	WP_344939894.1	31.364	220	111	11	1239	1436	1223	1424	2.70e-10	78.6	48.64
JetC_ECOR67	WP_380556357.1	30.252	238	136	7	1235	1449	1266	1496	2.72e-10	78.6	47.06
JetC_ECOR67	WP_037054057.1	30.000	230	149	8	1235	1456	1200	1425	2.81e-10	78.6	49.57
JetC_ECOR67	WP_345423090.1	30.769	208	133	7	1239	1438	1230	1434	3.03e-10	78.6	49.52
JetC_ECOR67	NUP32237.1	32.569	218	124	10	1235	1436	240	450	3.05e-10	77.4	52.29
JetC_ECOR67	WP_305080847.1	30.435	230	148	8	1235	1456	1196	1421	3.09e-10	78.6	48.70
JetC_ECOR67	WP_345678675.1	32.569	218	124	10	1235	1436	1242	1452	3.11e-10	78.6	52.29
JetC_ECOR67	WP_362877069.1	42.991	107	55	3	1342	1442	1327	1433	3.16e-10	78.6	58.88
JetC_ECOR67	WP_135079473.1	30.000	240	150	9	1232	1459	1215	1448	3.19e-10	78.2	52.08
JetC_ECOR67	HUY44197.1	32.164	171	106	6	1281	1446	1267	1432	3.26e-10	78.2	53.80
JetC_ECOR67	WP_387403154.1	27.907	215	124	7	1239	1436	1222	1422	3.47e-10	78.2	48.84
JetC_ECOR67	WP_249612750.1	34.211	152	91	5	1297	1443	1283	1430	3.61e-10	78.2	53.29
JetC_ECOR67	WP_156721420.1	30.769	234	138	8	1235	1449	1323	1551	3.73e-10	78.2	48.29
JetC_ECOR67	WP_015906669.1	25.267	281	181	9	1203	1476	1198	1456	4.13e-10	78.2	46.26
JetC_ECOR67	WP_184367029.1	30.455	220	137	8	1232	1436	1223	1441	4.19e-10	77.8	51.36
JetC_ECOR67	HRK36244.1	29.386	228	146	8	1213	1427	37	262	4.32e-10	75.1	49.56
JetC_ECOR67	OLT20284.1	28.000	250	168	8	1216	1457	424	669	4.38e-10	77.4	48.40
JetC_ECOR67	MCY4592947.1	39.394	99	52	2	1354	1450	2	94	4.39e-10	70.5	57.58
JetC_ECOR67	WP_187627664.1	24.837	306	188	11	1	294	1	276	4.40e-10	77.8	43.79
JetC_ECOR67	PLW73505.1	31.250	224	131	8	1232	1436	47	266	4.47e-10	75.1	48.21
JetC_ECOR67	WP_145811899.1	30.045	223	144	6	1239	1449	1235	1457	4.53e-10	77.8	49.78
JetC_ECOR67	WP_248827630.1	30.263	228	134	9	1228	1436	1213	1434	4.59e-10	77.8	51.32
JetC_ECOR67	WP_402456532.1	44.554	101	50	3	1342	1436	1060	1160	4.76e-10	77.8	59.41
JetC_ECOR67	WP_185300816.1	44.554	101	50	3	1342	1436	906	1006	4.95e-10	77.4	58.42
JetC_ECOR67	WP_042405620.1	30.417	240	133	8	1235	1449	1263	1493	4.95e-10	77.8	47.50
JetC_ECOR67	WP_138960258.1	30.222	225	147	6	1234	1449	1220	1443	5.31e-10	77.8	48.89
JetC_ECOR67	WP_237382269.1	27.111	225	145	7	1235	1444	1218	1438	5.33e-10	77.8	50.22
JetC_ECOR67	WP_259933734.1	45.545	101	49	3	1342	1436	1324	1424	5.90e-10	77.4	58.42
JetC_ECOR67	WP_364847123.1	30.093	216	119	9	1239	1436	1223	1424	5.92e-10	77.4	50.00
JetC_ECOR67	HEY8376001.1	27.426	237	152	8	1248	1471	664	893	5.94e-10	77.0	48.95
JetC_ECOR67	MEV6786134.1	30.342	234	139	8	1235	1449	318	546	6.04e-10	77.0	47.86
JetC_ECOR67	WP_380537612.1	30.000	240	134	8	1235	1449	1298	1528	6.31e-10	77.4	47.50
JetC_ECOR67	WP_267246167.1	29.825	228	135	10	1228	1436	1220	1441	6.95e-10	77.4	50.44
JetC_ECOR67	WP_149181238.1	44.554	101	50	3	1342	1436	1323	1423	7.23e-10	77.0	58.42
JetC_ECOR67	WP_391879176.1	29.915	234	137	7	1232	1449	1043	1265	7.71e-10	77.0	45.73
JetC_ECOR67	WP_269653931.1	31.068	206	130	7	1239	1436	1231	1432	7.76e-10	77.0	49.03
JetC_ECOR67	WP_224275661.1	34.932	146	84	5	1338	1476	1321	1462	8.35e-10	77.0	53.42
JetC_ECOR67	WP_388043505.1	29.200	250	158	9	1225	1458	1138	1384	8.45e-10	77.0	44.40
JetC_ECOR67	WP_225611879.1	31.050	219	122	8	1237	1436	415	623	8.48e-10	76.6	48.40
JetC_ECOR67	WP_018385337.1	31.535	241	128	10	1235	1449	1276	1505	8.66e-10	77.0	46.47
JetC_ECOR67	NUK23797.1	42.991	107	55	3	1342	1442	384	490	8.96e-10	75.9	57.01
JetC_ECOR67	WP_286253730.1	29.018	224	137	9	1228	1436	1192	1408	9.05e-10	77.0	48.21
JetC_ECOR67	HEV8650489.1	41.026	117	63	5	1326	1436	973	1089	9.34e-10	76.6	59.83
JetC_ECOR67	WP_104815274.1	26.697	221	132	7	1228	1429	1209	1418	9.47e-10	76.6	49.32
JetC_ECOR67	WP_328530104.1	31.522	184	111	8	1261	1436	1239	1415	1.02e-09	76.6	54.35
JetC_ECOR67	HYG22091.1	28.947	228	147	8	1213	1427	1155	1380	1.02e-09	76.6	50.00
JetC_ECOR67	WP_322424443.1	29.954	217	127	8	1239	1436	1240	1450	1.04e-09	76.6	50.23
JetC_ECOR67	WP_376200112.1	28.571	245	159	9	1232	1463	1214	1455	1.08e-09	76.6	49.80
JetC_ECOR67	WP_360597205.1	30.342	234	134	8	1235	1449	1295	1518	1.12e-09	76.6	47.44
JetC_ECOR67	WP_355084181.1	44.554	101	50	3	1342	1436	1324	1424	1.15e-09	76.6	59.41
JetC_ECOR67	WP_351186722.1	44.554	101	50	3	1342	1436	1324	1424	1.16e-09	76.6	59.41
JetC_ECOR67	WP_239064155.1	31.050	219	122	8	1237	1436	315	523	1.23e-09	75.9	48.86
JetC_ECOR67	WP_251487266.1	29.565	230	115	7	1235	1436	1303	1513	1.23e-09	76.6	46.09
JetC_ECOR67	MFC7657439.1	30.846	201	128	7	1253	1445	1	198	1.26e-09	72.4	50.75
JetC_ECOR67	PBC69677.1	30.400	250	135	11	1237	1463	1223	1456	1.28e-09	76.3	47.60
JetC_ECOR67	WP_326613354.1	44.554	101	50	3	1342	1436	1324	1424	1.29e-09	76.3	58.42
JetC_ECOR67	WP_170136106.1	27.347	245	155	7	1230	1461	1197	1431	1.31e-09	76.3	47.76
JetC_ECOR67	WP_266405094.1	38.462	143	75	6	1342	1476	297	434	1.31e-09	75.1	53.85
JetC_ECOR67	WP_362766163.1	29.339	242	150	10	1237	1463	1226	1461	1.32e-09	76.3	52.07
JetC_ECOR67	WP_297551566.1	31.280	211	131	8	1237	1436	1218	1425	1.36e-09	76.3	49.76
JetC_ECOR67	WP_109916667.1	29.630	243	148	11	1237	1463	1221	1456	1.41e-09	76.3	51.44
JetC_ECOR67	WP_073454748.1	24.506	253	145	8	1	240	1	220	1.44e-09	76.3	42.69
JetC_ECOR67	WP_073454748.1	29.717	212	138	7	1235	1438	1206	1414	2.43e-09	75.5	49.53
JetC_ECOR67	WP_359499018.1	44.554	101	50	3	1342	1436	1324	1424	1.45e-09	76.3	58.42
JetC_ECOR67	WP_157965219.1	32.099	162	99	5	1318	1475	1275	1429	1.46e-09	76.3	51.85
JetC_ECOR67	WP_282704838.1	30.556	216	131	8	1235	1436	1283	1493	1.46e-09	76.3	49.54
JetC_ECOR67	WP_313947552.1	30.342	234	139	8	1235	1449	1348	1576	1.50e-09	76.3	47.86
JetC_ECOR67	WP_269120235.1	31.674	221	128	8	1235	1436	1308	1524	1.56e-09	76.3	48.87
JetC_ECOR67	WP_266713995.1	29.825	228	135	10	1228	1436	252	473	1.58e-09	75.1	50.88
JetC_ECOR67	WP_083192693.1	28.405	257	163	10	1232	1475	1214	1462	1.59e-09	76.3	49.03
JetC_ECOR67	MCL2733310.1	29.151	271	143	9	1235	1477	1076	1325	1.61e-09	75.9	44.28
JetC_ECOR67	WP_356081580.1	44.554	101	50	3	1342	1436	1324	1424	1.67e-09	75.9	58.42
JetC_ECOR67	WP_161174096.1	29.130	230	116	7	1235	1436	287	497	1.67e-09	75.1	45.65
JetC_ECOR67	WP_242578534.1	29.218	243	125	7	1235	1449	1295	1518	1.68e-09	75.9	44.86
JetC_ECOR67	MEO7193542.1	28.571	245	153	8	1226	1449	1217	1460	1.69e-09	75.9	48.57
JetC_ECOR67	WP_373687316.1	29.915	234	140	8	1235	1449	353	581	1.69e-09	75.5	47.86
JetC_ECOR67	WP_283522896.1	44.554	101	50	3	1342	1436	647	747	1.70e-09	75.5	58.42
JetC_ECOR67	HUY47849.1	30.457	197	126	6	1250	1438	1224	1417	1.72e-09	75.9	51.27
JetC_ECOR67	WP_290117795.1	30.000	220	114	11	1239	1436	1223	1424	1.87e-09	75.9	48.64
JetC_ECOR67	NUL07469.1	29.915	234	140	8	1235	1449	640	868	1.88e-09	75.5	47.86
JetC_ECOR67	WP_139263599.1	31.466	232	145	9	1237	1461	1213	1437	1.89e-09	75.9	49.57
JetC_ECOR67	WTW92863.1	31.963	219	126	10	1235	1436	1256	1468	1.91e-09	75.9	51.14
JetC_ECOR67	WP_037578176.1	30.131	229	141	9	1235	1449	1353	1576	1.94e-09	75.9	49.34
JetC_ECOR67	WP_143940558.1	44.554	101	50	3	1342	1436	1324	1424	1.94e-09	75.9	58.42
JetC_ECOR67	MYX56034.1	28.326	233	120	7	1232	1436	64	277	1.95e-09	73.6	44.64
JetC_ECOR67	WP_186816930.1	29.224	219	144	7	1235	1445	1209	1424	2.00e-09	75.9	50.68
JetC_ECOR67	WP_030267225.1	30.876	217	116	10	1239	1436	1223	1424	2.01e-09	75.9	48.85
JetC_ECOR67	WP_311212224.1	29.954	217	127	8	1239	1436	1039	1249	2.05e-09	75.5	49.77
JetC_ECOR67	WP_057617001.1	38.462	143	75	6	1342	1476	1324	1461	2.11e-09	75.5	53.85
JetC_ECOR67	HZX37726.1	29.915	234	140	8	1235	1449	295	523	2.12e-09	74.7	47.86
JetC_ECOR67	WP_113687542.1	28.163	245	160	9	1232	1463	1214	1455	2.13e-09	75.5	49.80
JetC_ECOR67	WP_355882422.1	28.063	253	154	9	1226	1458	1210	1454	2.15e-09	75.5	47.04
JetC_ECOR67	WP_224754478.1	30.769	234	133	8	1235	1449	1263	1486	2.18e-09	75.5	47.01
JetC_ECOR67	WP_297501648.1	30.088	226	146	8	1239	1456	1216	1437	2.20e-09	75.5	47.79
JetC_ECOR67	WP_057229628.1	39.167	120	65	3	1361	1476	1347	1462	2.22e-09	75.5	54.17
JetC_ECOR67	HEX9939244.1	37.063	143	85	4	1310	1449	1301	1441	2.22e-09	75.5	53.15
JetC_ECOR67	WP_189308677.1	29.515	227	137	9	1228	1436	1224	1445	2.27e-09	75.5	48.90
JetC_ECOR67	WP_379542657.1	29.224	219	144	7	1235	1445	849	1064	2.29e-09	75.5	50.23
JetC_ECOR67	WP_182444280.1	29.915	234	145	6	1235	1449	1291	1524	2.31e-09	75.5	47.86
JetC_ECOR67	WP_016909222.1	31.019	216	130	9	1235	1436	1252	1462	2.39e-09	75.5	51.39
JetC_ECOR67	WP_187285894.1	30.455	220	113	10	1239	1436	1155	1356	2.46e-09	75.5	47.27
JetC_ECOR67	WP_223948893.1	29.954	217	127	8	1239	1436	1142	1352	2.48e-09	75.5	49.31
JetC_ECOR67	MCI0536368.1	28.319	226	143	9	1217	1427	1181	1402	2.55e-09	75.5	50.88
JetC_ECOR67	WP_048581837.1	43.564	101	51	3	1342	1436	1324	1424	2.59e-09	75.5	58.42
JetC_ECOR67	WP_037638521.1	28.807	243	126	7	1235	1449	844	1067	2.60e-09	75.1	44.86
JetC_ECOR67	WP_207811836.1	40.000	105	57	3	1338	1436	1326	1430	2.66e-09	75.5	60.00
JetC_ECOR67	WP_108147544.1	29.915	234	140	8	1235	1449	1337	1565	2.72e-09	75.5	47.86
JetC_ECOR67	WP_207858717.1	25.333	225	150	6	1235	1444	1218	1439	2.75e-09	75.5	49.78
JetC_ECOR67	WP_415717023.1	27.376	263	174	6	1197	1447	1175	1432	2.80e-09	75.1	49.05
JetC_ECOR67	WP_387049539.1	28.571	224	138	9	1228	1436	1213	1429	2.84e-09	75.1	48.66
JetC_ECOR67	HEY4033068.1	25.225	222	157	5	1233	1450	1215	1431	2.93e-09	75.1	50.45
JetC_ECOR67	MBI2773070.1	30.357	224	134	8	1231	1442	1222	1435	2.93e-09	75.1	46.43
JetC_ECOR67	WP_042173953.1	28.807	243	126	7	1235	1449	1284	1507	3.02e-09	75.1	44.86
JetC_ECOR67	WP_093853777.1	30.380	237	126	8	1237	1449	17	238	3.05e-09	72.8	46.41
JetC_ECOR67	WP_366782856.1	37.762	143	81	5	1342	1476	786	928	3.08e-09	74.7	52.45
JetC_ECOR67	WP_176097414.1	30.342	234	134	8	1235	1449	1290	1513	3.08e-09	75.1	47.44
JetC_ECOR67	WP_103380122.1	29.339	242	156	9	1216	1445	1218	1456	3.10e-09	75.1	50.00
JetC_ECOR67	WP_091672976.1	29.508	244	157	9	1226	1457	1216	1456	3.18e-09	75.1	47.95
JetC_ECOR67	WP_089226828.1	28.571	252	133	7	1226	1449	1295	1527	3.22e-09	75.1	43.65
JetC_ECOR67	WP_234425430.1	28.326	233	120	7	1232	1436	70	283	3.29e-09	72.8	45.06
JetC_ECOR67	NYV78455.1	28.696	230	117	7	1235	1436	264	474	3.46e-09	73.9	45.65
JetC_ECOR67	WP_033215415.1	49.367	79	37	1	1361	1436	1346	1424	3.54e-09	75.1	60.76
JetC_ECOR67	WP_406410028.1	27.068	266	178	9	1211	1463	1193	1455	3.63e-09	74.7	47.74
JetC_ECOR67	WP_356700487.1	43.564	101	51	3	1342	1436	1324	1424	3.69e-09	74.7	58.42
JetC_ECOR67	WP_089301102.1	29.665	209	133	8	1239	1436	1251	1456	3.74e-09	74.7	52.15
JetC_ECOR67	NVK82461.1	28.395	243	127	7	1235	1449	428	651	3.76e-09	74.3	44.86
JetC_ECOR67	WP_339122436.1	29.339	242	156	9	1216	1445	848	1086	3.77e-09	74.7	49.59
JetC_ECOR67	WP_078978651.1	30.233	215	137	7	1235	1436	1240	1454	3.78e-09	74.7	50.23
JetC_ECOR67	EST19991.1	30.317	221	125	8	1235	1436	272	482	3.89e-09	73.9	48.42
JetC_ECOR67	MDG4860407.1	29.864	221	126	7	1235	1436	181	391	3.93e-09	73.6	47.06
JetC_ECOR67	WP_190060965.1	30.568	229	140	8	1235	1449	1306	1529	3.97e-09	74.7	48.03
JetC_ECOR67	WP_219047109.1	30.342	234	134	8	1235	1449	1264	1487	4.01e-09	74.7	47.01
JetC_ECOR67	WP_184351074.1	28.395	243	127	7	1235	1449	1275	1498	4.13e-09	74.7	44.86
JetC_ECOR67	WP_383072505.1	43.564	101	51	3	1342	1436	1324	1424	4.15e-09	74.7	58.42
JetC_ECOR67	WP_393794956.1	28.333	240	155	9	1237	1463	1221	1456	4.16e-09	74.7	50.42
JetC_ECOR67	WP_031509978.1	31.441	229	138	8	1235	1449	1296	1519	4.18e-09	74.7	48.47
JetC_ECOR67	POX36185.1	28.807	243	126	7	1235	1449	287	510	4.18e-09	73.9	44.86
JetC_ECOR67	WP_240519471.1	29.787	235	150	9	1235	1457	1217	1448	4.27e-09	74.7	50.21
JetC_ECOR67	MYW06635.1	30.909	220	135	9	1232	1436	61	278	4.31e-09	72.8	50.45
JetC_ECOR67	MER7490227.1	28.807	243	126	7	1235	1449	712	935	4.31e-09	74.3	44.86
JetC_ECOR67	WP_356231385.1	29.915	234	140	8	1235	1449	1362	1590	4.37e-09	74.7	47.86
JetC_ECOR67	EFL21424.1	28.696	230	117	7	1235	1436	2	212	4.37e-09	71.2	45.22
JetC_ECOR67	MEU1425404.1	30.380	237	147	10	1237	1459	381	613	4.39e-09	73.9	47.68
JetC_ECOR67	WP_334540713.1	38.462	130	72	5	1342	1463	659	788	4.42e-09	74.3	55.38
JetC_ECOR67	WP_351499552.1	29.915	234	140	8	1235	1449	1286	1514	4.43e-09	74.7	47.86
JetC_ECOR67	WP_014141507.1	30.769	221	124	8	1235	1436	1279	1489	4.46e-09	74.7	48.42
JetC_ECOR67	WP_175514292.1	29.680	219	137	9	1232	1436	1160	1375	4.47e-09	74.7	48.40
JetC_ECOR67	WP_057667004.1	28.750	240	155	8	1232	1457	1215	1452	4.52e-09	74.7	47.08
JetC_ECOR67	WP_389277935.1	30.342	234	139	8	1235	1449	1411	1639	4.59e-09	74.7	47.86
JetC_ECOR67	WP_254369806.1	30.342	234	139	8	1235	1449	1440	1668	4.64e-09	74.7	48.29
JetC_ECOR67	WP_366402711.1	29.487	234	136	7	1235	1449	1353	1576	4.66e-09	74.7	46.15
JetC_ECOR67	WP_020273726.1	39.655	116	65	3	1361	1471	1346	1461	4.77e-09	74.7	57.76
JetC_ECOR67	EIF88607.1	29.915	234	140	8	1235	1449	304	532	4.78e-09	73.9	48.29
JetC_ECOR67	WP_161222258.1	48.101	79	38	1	1361	1436	199	277	4.87e-09	72.0	62.03
JetC_ECOR67	MBW5486666.1	29.864	221	129	8	1235	1436	333	546	4.92e-09	73.9	49.32
JetC_ECOR67	WP_285496448.1	31.604	212	130	10	1255	1457	1242	1447	5.00e-09	74.3	51.42
JetC_ECOR67	MDR1282124.1	25.391	256	158	6	1214	1436	449	704	5.03e-09	73.9	45.31
JetC_ECOR67	WP_361541063.1	29.915	234	140	8	1235	1449	1291	1519	5.10e-09	74.3	47.86
JetC_ECOR67	MEV8408940.1	30.131	229	141	8	1235	1449	214	437	5.19e-09	73.6	48.47
JetC_ECOR67	MDT7614754.1	28.870	239	161	7	1207	1438	507	743	5.20e-09	73.9	48.12
JetC_ECOR67	PSJ25606.1	30.137	219	134	9	1232	1436	316	529	5.27e-09	73.6	49.77
JetC_ECOR67	NUR42635.1	28.509	228	116	7	1237	1436	432	640	5.32e-09	73.9	45.18
JetC_ECOR67	MFP4002298.1	26.557	305	177	11	1	290	1	273	5.33e-09	74.3	42.30
JetC_ECOR67	WP_165283487.1	30.556	216	131	8	1235	1436	205	415	5.44e-09	73.2	49.54
JetC_ECOR67	WP_323448484.1	29.915	234	140	8	1235	1449	1415	1643	5.49e-09	74.3	47.86
JetC_ECOR67	WP_358351857.1	28.631	241	125	7	1237	1449	985	1206	5.58e-09	74.3	44.81
JetC_ECOR67	MFD5318645.1	29.741	232	138	7	1235	1449	349	572	5.61e-09	73.6	46.98
JetC_ECOR67	WP_402604075.1	36.220	127	75	3	1329	1449	1373	1499	5.69e-09	74.3	54.33
JetC_ECOR67	NEC67677.1	28.916	249	146	8	1222	1449	291	529	5.76e-09	73.6	45.78
JetC_ECOR67	WP_399543145.1	43.564	101	51	3	1342	1436	1326	1426	5.77e-09	74.3	58.42
JetC_ECOR67	WP_365380955.1	29.565	230	115	7	1235	1436	1382	1592	5.95e-09	74.3	45.65
JetC_ECOR67	WP_158890028.1	29.098	244	158	9	1226	1457	1207	1447	5.97e-09	74.3	48.77
JetC_ECOR67	WP_179176405.1	29.487	234	139	8	1235	1449	1250	1476	6.01e-09	74.3	48.29
JetC_ECOR67	KJY25204.1	29.412	221	130	8	1235	1436	391	604	6.02e-09	73.6	49.32
JetC_ECOR67	WP_190126479.1	29.915	234	140	8	1235	1449	1299	1527	6.03e-09	74.3	47.44
JetC_ECOR67	WP_087882811.1	28.959	221	133	9	1232	1436	1217	1429	6.08e-09	74.3	50.23
JetC_ECOR67	MCC4321911.1	28.395	243	127	7	1235	1449	368	591	6.11e-09	73.6	44.44
JetC_ECOR67	WP_389477924.1	29.487	234	139	8	1235	1449	1292	1518	6.15e-09	74.3	47.86
JetC_ECOR67	WP_396046318.1	32.727	220	128	9	1246	1449	1224	1439	6.17e-09	74.3	50.00
JetC_ECOR67	MES2069860.1	24.773	331	191	16	1	310	1	294	6.37e-09	73.9	42.30
JetC_ECOR67	WP_103540843.1	28.696	230	117	7	1235	1436	277	487	6.45e-09	73.2	45.65
JetC_ECOR67	WP_030250610.1	28.807	243	126	7	1235	1449	1471	1694	6.53e-09	73.9	44.86
JetC_ECOR67	WP_067398107.1	28.807	243	126	7	1235	1449	1286	1509	6.62e-09	73.9	44.86
JetC_ECOR67	WP_167990799.1	28.807	243	126	7	1235	1449	1296	1519	6.70e-09	73.9	44.86
JetC_ECOR67	WP_390320744.1	28.807	243	126	7	1235	1449	1287	1510	6.81e-09	73.9	44.86
JetC_ECOR67	MFE1786157.1	31.222	221	129	8	1235	1436	411	627	6.94e-09	73.6	48.42
JetC_ECOR67	WP_344246662.1	29.839	248	139	8	1232	1457	1212	1446	6.95e-09	73.9	47.58
JetC_ECOR67	HEU5375480.1	29.524	210	135	6	1247	1450	1235	1437	7.06e-09	73.9	47.14
JetC_ECOR67	WP_302706117.1	29.565	230	137	8	1239	1449	1264	1487	7.10e-09	73.9	48.70
JetC_ECOR67	WP_403867809.1	29.915	234	140	8	1235	1449	1316	1544	7.15e-09	73.9	47.86
JetC_ECOR67	WP_359155190.1	29.915	234	140	8	1235	1449	1333	1561	7.16e-09	73.9	47.86
JetC_ECOR67	WP_405539293.1	28.163	245	160	9	1232	1463	1214	1455	7.32e-09	73.9	49.39
JetC_ECOR67	WP_229351131.1	28.395	243	127	7	1235	1449	1304	1527	7.42e-09	73.9	45.27
JetC_ECOR67	WP_271684745.1	31.140	228	140	8	1235	1449	1261	1484	7.43e-09	73.9	48.25
JetC_ECOR67	MYR29433.1	30.342	234	134	8	1235	1449	371	594	7.55e-09	73.6	47.44
JetC_ECOR67	WP_255285815.1	29.915	234	135	8	1235	1449	1055	1278	7.56e-09	73.9	47.44
JetC_ECOR67	WP_190067273.1	28.395	243	127	7	1235	1449	1274	1497	7.58e-09	73.9	44.86
JetC_ECOR67	WP_189454191.1	28.395	243	127	7	1235	1449	1290	1513	7.59e-09	73.9	45.27
JetC_ECOR67	SCD79655.1	30.342	234	134	8	1235	1449	298	521	7.76e-09	73.2	47.44
JetC_ECOR67	WP_161219725.1	46.835	79	39	1	1361	1436	6	84	7.82e-09	67.4	62.03
JetC_ECOR67	MDX6329672.1	30.137	219	128	7	1235	1436	403	613	7.83e-09	73.2	47.49
JetC_ECOR67	WP_049718527.1	28.395	243	127	7	1235	1449	1268	1491	7.84e-09	73.9	44.86
JetC_ECOR67	WP_280905792.1	29.612	206	125	9	1237	1429	1221	1419	7.84e-09	73.9	53.40
JetC_ECOR67	WP_030221423.1	28.395	243	127	7	1235	1449	1284	1507	7.84e-09	73.9	44.86
JetC_ECOR67	WP_190109127.1	28.395	243	127	7	1235	1449	1288	1511	7.87e-09	73.9	44.86
JetC_ECOR67	REK85808.1	28.395	243	127	7	1235	1449	331	554	7.92e-09	73.2	44.44
JetC_ECOR67	WP_190076321.1	28.395	243	127	7	1235	1449	1309	1532	7.94e-09	73.9	44.86
JetC_ECOR67	WP_385548271.1	29.060	234	137	7	1235	1449	876	1099	8.03e-09	73.6	46.58
JetC_ECOR67	WP_356134129.1	29.130	230	116	7	1235	1436	1338	1548	8.04e-09	73.9	45.65
JetC_ECOR67	NEA01579.1	29.741	232	144	8	1232	1449	90	316	8.16e-09	72.0	47.84
JetC_ECOR67	WP_356888050.1	38.889	108	61	2	1361	1463	1348	1455	8.30e-09	73.6	59.26
JetC_ECOR67	WP_098956340.1	28.767	219	145	7	1235	1445	919	1134	8.35e-09	73.6	49.77
JetC_ECOR67	WP_401816809.1	30.131	229	141	8	1235	1449	1294	1517	8.48e-09	73.6	48.03
JetC_ECOR67	MBL9100179.1	28.302	212	140	6	1248	1450	1207	1415	8.51e-09	73.6	50.00
JetC_ECOR67	MBL9100179.1	26.400	250	147	9	27	256	8	240	0.004	55.1	38.00
JetC_ECOR67	WP_397284194.1	31.532	222	126	10	1232	1436	1212	1424	8.51e-09	73.6	48.65
JetC_ECOR67	WP_150210911.1	29.487	234	139	8	1235	1449	1288	1514	8.61e-09	73.6	48.72
JetC_ECOR67	MEU3727086.1	29.741	232	139	8	1237	1449	427	653	8.63e-09	73.2	47.84
JetC_ECOR67	WP_411058272.1	29.362	235	140	8	1235	1449	1359	1587	8.71e-09	73.6	46.38
JetC_ECOR67	WP_145870777.1	38.462	130	72	5	1342	1463	1326	1455	8.73e-09	73.6	55.38
JetC_ECOR67	MEU8353837.1	28.395	243	127	7	1235	1449	414	637	8.78e-09	73.2	44.86
JetC_ECOR67	WP_361770977.1	42.574	101	52	3	1342	1436	39	139	8.88e-09	68.9	58.42
JetC_ECOR67	WP_345744949.1	29.130	230	116	7	1235	1436	1303	1513	8.91e-09	73.6	45.65
JetC_ECOR67	MBL3670890.1	28.807	243	126	7	1235	1449	712	935	9.10e-09	73.6	44.86
JetC_ECOR67	WP_372442284.1	29.130	230	116	7	1235	1436	1341	1551	9.11e-09	73.6	45.22
JetC_ECOR67	WP_307619511.1	28.395	243	127	7	1235	1449	1278	1501	9.12e-09	73.6	44.86
JetC_ECOR67	WP_356305207.1	29.487	234	136	8	1235	1449	1256	1479	9.13e-09	73.6	47.44
JetC_ECOR67	MYT20202.1	28.889	225	134	8	1232	1436	64	282	9.18e-09	71.2	46.67
JetC_ECOR67	WP_231632244.1	29.487	234	141	8	1235	1449	202	430	9.23e-09	72.4	47.86
JetC_ECOR67	WP_030996574.1	30.342	234	134	8	1235	1449	1308	1531	9.24e-09	73.6	47.44
JetC_ECOR67	WP_146479101.1	29.915	234	140	8	1235	1449	1289	1517	9.26e-09	73.6	47.86
JetC_ECOR67	WP_377272581.1	35.766	137	80	4	1321	1449	1361	1497	9.28e-09	73.6	54.01
JetC_ECOR67	WP_148589932.1	28.395	243	127	7	1235	1449	952	1175	9.29e-09	73.6	44.86
JetC_ECOR67	WP_107458389.1	28.696	230	117	7	1235	1436	1284	1494	9.36e-09	73.6	45.65
JetC_ECOR67	WP_158985265.1	29.060	234	137	7	1235	1449	1319	1542	9.43e-09	73.6	46.58
JetC_ECOR67	WP_361517166.1	34.752	141	84	4	1317	1449	1303	1443	9.67e-09	73.6	52.48
JetC_ECOR67	WP_381834804.1	30.131	229	141	8	1235	1449	1302	1525	9.73e-09	73.6	48.47
JetC_ECOR67	WP_091808123.1	29.630	243	140	9	1235	1457	1218	1449	9.82e-09	73.6	48.56
JetC_ECOR67	MFE6163277.1	28.632	234	138	7	1235	1449	460	683	9.88e-09	73.2	46.58
JetC_ECOR67	WP_221753246.1	28.395	243	127	7	1235	1449	1432	1655	9.98e-09	73.6	45.27
JetC_ECOR67	WP_386427748.1	31.507	219	121	8	1237	1436	1316	1524	9.99e-09	73.6	47.49
JetC_ECOR67	MCA6096257.1	28.395	243	127	7	1235	1449	671	894	1.00e-08	73.2	44.86
JetC_ECOR67	WP_355545611.1	30.047	213	136	7	1237	1436	796	1008	1.00e-08	73.2	49.77
JetC_ECOR67	NEB44556.1	30.131	229	141	8	1235	1449	306	529	1.01e-08	72.8	48.47
JetC_ECOR67	WP_391184648.1	28.629	248	155	11	1232	1463	1213	1454	1.03e-08	73.6	50.40
JetC_ECOR67	WP_344899016.1	29.268	246	143	9	1232	1457	1229	1463	1.03e-08	73.6	47.97
JetC_ECOR67	WP_364609402.1	29.707	239	149	8	1226	1449	1205	1439	1.03e-08	73.6	48.12
JetC_ECOR67	WP_356155927.1	38.462	130	72	5	1342	1463	1106	1235	1.04e-08	73.2	55.38
JetC_ECOR67	WP_166634333.1	29.915	234	135	8	1235	1449	1281	1504	1.04e-08	73.6	47.01
JetC_ECOR67	WP_414094770.1	30.909	220	119	9	1250	1450	1134	1339	1.05e-08	73.2	49.55
JetC_ECOR67	WP_189134752.1	30.317	221	131	7	1235	1436	1317	1533	1.06e-08	73.6	47.51
JetC_ECOR67	WP_254508163.1	24.419	258	169	7	1232	1475	1215	1460	1.07e-08	73.2	47.29
JetC_ECOR67	HSA50921.1	30.357	224	130	10	1232	1436	57	273	1.07e-08	71.2	49.55
JetC_ECOR67	WP_079128165.1	29.915	234	135	8	1235	1449	887	1110	1.07e-08	73.2	47.44
JetC_ECOR67	KIF02917.1	29.018	224	133	8	1232	1436	106	322	1.07e-08	71.6	48.66
JetC_ECOR67	EFG65588.1	29.218	243	125	7	1235	1449	208	431	1.07e-08	72.4	44.44
JetC_ECOR67	MBW1600308.1	29.915	234	135	8	1235	1449	702	925	1.08e-08	73.2	47.01
JetC_ECOR67	MBA2524837.1	26.923	234	160	9	1235	1459	531	762	1.08e-08	72.8	49.15
JetC_ECOR67	WP_362217194.1	28.395	243	127	7	1235	1449	1295	1518	1.09e-08	73.2	44.86
JetC_ECOR67	WP_019884726.1	29.060	234	137	7	1235	1449	1296	1519	1.09e-08	73.2	46.58
JetC_ECOR67	WP_362093496.1	28.807	243	126	7	1235	1449	1306	1529	1.10e-08	73.2	44.86
JetC_ECOR67	WP_030198994.1	29.487	234	139	8	1235	1449	1276	1502	1.10e-08	73.2	48.29
JetC_ECOR67	MBV8138357.1	31.120	241	136	10	1216	1443	1226	1449	1.10e-08	73.2	45.23
JetC_ECOR67	WP_030279170.1	28.395	243	127	7	1235	1449	1272	1495	1.12e-08	73.2	44.86
JetC_ECOR67	WP_365113644.1	29.487	234	139	8	1235	1449	1291	1517	1.13e-08	73.2	47.44
JetC_ECOR67	WP_403635048.1	29.915	234	141	8	1235	1449	1259	1488	1.13e-08	73.2	48.29
JetC_ECOR67	MFA5625743.1	29.612	206	114	7	1281	1459	1245	1446	1.13e-08	73.2	47.09
JetC_ECOR67	WP_042440992.1	30.342	234	141	7	1235	1449	778	1008	1.15e-08	73.2	48.29
JetC_ECOR67	MET8481735.1	27.935	247	149	7	1222	1449	427	663	1.15e-08	72.8	45.34
JetC_ECOR67	WP_132167506.1	37.097	124	72	4	1340	1457	1322	1445	1.16e-08	73.2	56.45
JetC_ECOR67	RBM04913.1	29.487	234	136	8	1235	1449	431	654	1.16e-08	72.8	47.44
JetC_ECOR67	WP_283992553.1	28.696	230	117	7	1235	1436	1250	1460	1.17e-08	73.2	45.65
JetC_ECOR67	WP_155072619.1	30.568	229	140	9	1235	1449	1304	1527	1.18e-08	73.2	48.47
JetC_ECOR67	MER7820095.1	29.915	234	135	8	1235	1449	250	473	1.19e-08	72.4	47.44
JetC_ECOR67	WP_093716228.1	29.130	230	116	7	1235	1436	1330	1540	1.20e-08	73.2	45.22
JetC_ECOR67	WP_132934242.1	29.741	232	138	7	1235	1449	1263	1486	1.20e-08	73.2	46.98
JetC_ECOR67	WP_136206761.1	28.916	249	146	8	1222	1449	1306	1544	1.22e-08	73.2	45.78
JetC_ECOR67	WP_256651174.1	28.800	250	156	11	1232	1465	725	968	1.22e-08	72.8	50.40
JetC_ECOR67	WP_034087251.1	30.342	234	141	7	1235	1449	1268	1498	1.26e-08	73.2	48.29
JetC_ECOR67	WP_111605140.1	30.131	229	141	9	1235	1449	1323	1546	1.27e-08	73.2	49.34
JetC_ECOR67	MFC8277498.1	29.060	234	137	7	1235	1449	724	947	1.29e-08	72.8	46.58
JetC_ECOR67	WP_085572229.1	27.984	243	128	7	1235	1449	309	532	1.30e-08	72.4	44.86
JetC_ECOR67	WP_100200956.1	31.481	216	129	9	1235	1436	1301	1511	1.30e-08	73.2	49.54
JetC_ECOR67	WP_172383159.1	27.556	225	141	9	1227	1436	1212	1429	1.32e-08	73.2	51.11
JetC_ECOR67	WP_219568136.1	28.163	245	145	7	1226	1449	1302	1536	1.32e-08	73.2	44.90
JetC_ECOR67	WP_362084748.1	28.395	243	127	7	1235	1449	1324	1547	1.32e-08	73.2	44.86
JetC_ECOR67	WP_362723095.1	30.131	229	141	8	1235	1449	1053	1276	1.32e-08	73.2	48.47
JetC_ECOR67	MFD9074166.1	29.060	234	137	7	1235	1449	637	860	1.33e-08	72.8	46.58
JetC_ECOR67	WP_402192766.1	29.060	234	137	7	1235	1449	1305	1528	1.33e-08	73.2	46.15
JetC_ECOR67	WP_331623027.1	29.130	230	116	7	1235	1436	1314	1524	1.33e-08	73.2	45.65
JetC_ECOR67	WP_347233992.1	41.489	94	52	1	1361	1451	1343	1436	1.33e-08	73.2	60.64
JetC_ECOR67	WP_142003052.1	29.787	235	150	9	1235	1457	1220	1451	1.34e-08	73.2	48.94
JetC_ECOR67	WP_398247196.1	28.782	271	144	9	1235	1477	1309	1558	1.36e-08	73.2	43.91
JetC_ECOR67	WP_356664558.1	28.326	233	120	7	1232	1436	241	454	1.36e-08	72.0	45.06
JetC_ECOR67	WP_247491353.1	30.317	221	125	7	1235	1436	1257	1467	1.37e-08	73.2	46.15
JetC_ECOR67	WP_366077526.1	29.915	234	140	8	1235	1449	1378	1606	1.38e-08	73.2	48.29
JetC_ECOR67	WP_314173588.1	29.694	229	142	9	1235	1449	1300	1523	1.40e-08	73.2	49.34
JetC_ECOR67	WP_412787990.1	29.060	234	137	7	1235	1449	1286	1509	1.42e-08	72.8	46.58
JetC_ECOR67	WP_282412178.1	23.294	425	271	17	1	405	1	390	1.43e-08	72.8	41.65
JetC_ECOR67	WP_114914148.1	35.433	127	76	3	1329	1449	1383	1509	1.43e-08	72.8	54.33
JetC_ECOR67	MCI0385704.1	30.531	226	144	8	1235	1449	300	523	1.44e-08	72.4	49.12
JetC_ECOR67	MBI3687636.1	30.151	199	128	7	1248	1438	1225	1420	1.44e-08	72.8	49.75
JetC_ECOR67	WP_329320710.1	30.317	221	125	8	1235	1436	1254	1464	1.45e-08	72.8	47.96
JetC_ECOR67	WP_404021443.1	29.487	234	141	8	1235	1449	881	1109	1.45e-08	72.8	47.86
JetC_ECOR67	TQE34325.1	28.750	240	154	9	1237	1463	152	387	1.45e-08	71.6	50.00
JetC_ECOR67	HEY3482371.1	28.033	239	125	7	1226	1436	5	224	1.46e-08	70.5	43.93
JetC_ECOR67	MDX6348903.1	29.008	262	155	9	1235	1477	1300	1549	1.46e-08	72.8	45.42
JetC_ECOR67	WP_366447522.1	27.500	240	157	8	1237	1463	1221	1456	1.48e-08	72.8	50.00
JetC_ECOR67	NUR63269.1	31.429	210	124	9	1239	1436	1179	1380	1.48e-08	72.8	47.62
JetC_ECOR67	WP_401449553.1	29.487	234	139	8	1235	1449	1372	1598	1.50e-08	72.8	48.29
JetC_ECOR67	WP_010277248.1	30.342	234	134	8	1235	1449	769	992	1.50e-08	72.8	47.44
JetC_ECOR67	NDZ83557.1	28.959	221	128	7	1235	1436	193	403	1.53e-08	71.6	46.61
JetC_ECOR67	WP_281473011.1	31.308	214	133	8	1235	1436	1345	1556	1.53e-08	72.8	50.47
JetC_ECOR67	WP_069173177.1	28.340	247	148	7	1222	1449	1279	1515	1.55e-08	72.8	45.34
JetC_ECOR67	RSS33351.1	29.258	229	143	8	1235	1449	289	512	1.55e-08	72.0	48.47
JetC_ECOR67	WP_284742740.1	33.835	133	83	4	1324	1451	1307	1439	1.56e-08	72.8	53.38
JetC_ECOR67	WP_399340567.1	30.568	229	140	8	1235	1449	1284	1507	1.57e-08	72.8	48.47
JetC_ECOR67	MEU1127329.1	27.935	247	149	7	1222	1449	417	653	1.57e-08	72.4	45.34
JetC_ECOR67	WP_302859560.1	30.131	229	141	9	1235	1449	1310	1533	1.57e-08	72.8	49.34
JetC_ECOR67	WP_189268078.1	28.395	243	127	7	1235	1449	1267	1490	1.58e-08	72.8	44.03
JetC_ECOR67	MEU1095113.1	29.060	234	137	7	1235	1449	692	915	1.59e-08	72.4	46.58
JetC_ECOR67	WP_020637197.1	29.787	235	150	9	1235	1457	1224	1455	1.59e-08	72.8	50.21
JetC_ECOR67	WP_153455755.1	30.769	234	133	9	1235	1449	1252	1475	1.60e-08	72.8	47.01
JetC_ECOR67	GAA1217012.1	28.395	243	127	7	1235	1449	200	423	1.61e-08	71.6	44.03
JetC_ECOR67	OIP42706.1	27.511	229	152	6	1238	1459	893	1114	1.64e-08	72.8	45.41
JetC_ECOR67	MEU1806653.1	28.395	243	127	7	1235	1449	427	650	1.64e-08	72.4	44.44
JetC_ECOR67	WP_165231156.1	29.614	233	140	10	1235	1449	1265	1491	1.64e-08	72.8	49.79
JetC_ECOR67	WP_058047677.1	30.131	229	141	9	1235	1449	1224	1447	1.65e-08	72.8	49.34
JetC_ECOR67	WP_344159740.1	29.487	234	139	8	1235	1449	1333	1559	1.65e-08	72.8	47.01
JetC_ECOR67	WP_326414652.1	29.832	238	152	9	1232	1457	1215	1449	1.66e-08	72.8	50.00
JetC_ECOR67	RIJ77592.1	30.222	225	142	9	1239	1449	1232	1455	1.67e-08	72.8	49.33
JetC_ECOR67	WP_365406302.1	29.707	239	129	8	1235	1449	1254	1477	1.68e-08	72.8	46.03
JetC_ECOR67	WP_215027386.1	29.362	235	140	8	1235	1449	384	612	1.70e-08	72.0	46.38
JetC_ECOR67	MDX6314201.1	29.008	262	155	9	1235	1477	708	957	1.70e-08	72.4	45.42
JetC_ECOR67	WP_404796257.1	30.131	229	141	8	1235	1449	1312	1535	1.70e-08	72.8	48.47
JetC_ECOR67	MEU7703210.1	29.224	219	136	8	1232	1436	112	325	1.71e-08	70.9	48.86
JetC_ECOR67	WP_365929033.1	28.279	244	127	7	1235	1449	657	881	1.72e-08	72.4	44.67
JetC_ECOR67	WP_382417597.1	32.164	171	102	6	1319	1477	1277	1445	1.72e-08	72.8	49.12
JetC_ECOR67	WP_403984218.1	29.487	234	139	8	1235	1449	1302	1528	1.73e-08	72.8	47.44
JetC_ECOR67	WP_208881280.1	29.487	234	136	8	1235	1449	1257	1480	1.73e-08	72.8	47.01
JetC_ECOR67	SCD86028.1	30.769	221	124	8	1235	1436	287	497	1.75e-08	72.0	46.61
JetC_ECOR67	WP_189175852.1	29.060	234	137	7	1235	1449	1345	1568	1.75e-08	72.8	46.58
JetC_ECOR67	WP_037914905.1	31.163	215	127	10	1237	1436	1310	1518	1.76e-08	72.8	51.63
JetC_ECOR67	MFD9575787.1	29.915	234	141	8	1235	1449	783	1012	1.76e-08	72.4	48.29
JetC_ECOR67	WP_234426967.1	28.807	243	126	7	1235	1449	1528	1751	1.77e-08	72.8	44.86
JetC_ECOR67	WP_414721870.1	42.553	94	51	1	1361	1451	1343	1436	1.77e-08	72.8	59.57
JetC_ECOR67	WP_329015687.1	29.487	234	141	8	1235	1449	1444	1672	1.79e-08	72.8	47.44
JetC_ECOR67	WP_176170282.1	33.835	133	83	4	1324	1451	1308	1440	1.80e-08	72.8	53.38
JetC_ECOR67	WP_393713851.1	29.915	234	141	8	1235	1449	1309	1538	1.80e-08	72.8	48.29
JetC_ECOR67	WP_352195140.1	29.487	234	139	8	1235	1449	1263	1489	1.82e-08	72.8	47.44
JetC_ECOR67	WP_399674295.1	29.487	234	141	8	1235	1449	1306	1534	1.83e-08	72.8	47.44
JetC_ECOR67	WP_062646608.1	27.984	243	128	7	1235	1449	1272	1495	1.84e-08	72.8	44.44
JetC_ECOR67	HSJ45014.1	36.752	117	71	3	1329	1442	574	690	1.84e-08	72.0	58.12
JetC_ECOR67	WP_345148587.1	30.180	222	137	8	1228	1436	1216	1432	1.85e-08	72.4	48.65
JetC_ECOR67	WP_069761531.1	28.395	243	127	7	1235	1449	1297	1520	1.86e-08	72.4	44.44
JetC_ECOR67	WP_212911301.1	29.915	234	135	7	1235	1449	1338	1561	1.87e-08	72.4	46.15
JetC_ECOR67	WP_206965806.1	29.362	235	140	8	1235	1449	1291	1519	1.87e-08	72.4	47.23
JetC_ECOR67	EXU85950.1	29.487	234	136	8	1235	1449	411	634	1.89e-08	72.0	47.01
JetC_ECOR67	MZF90488.1	28.696	230	117	7	1235	1436	702	912	1.89e-08	72.4	45.65
JetC_ECOR67	NEB78131.1	27.984	243	128	7	1235	1449	150	373	1.90e-08	71.2	44.03
JetC_ECOR67	HEY3002246.1	30.000	230	138	10	1235	1449	1194	1415	1.92e-08	72.4	49.57
JetC_ECOR67	MFD9632077.1	28.632	234	138	7	1235	1449	403	626	1.94e-08	72.0	46.58
JetC_ECOR67	WP_366563304.1	29.915	234	135	8	1235	1449	1343	1566	1.95e-08	72.4	47.01
JetC_ECOR67	WP_125500109.1	28.395	243	127	7	1235	1449	1293	1516	1.95e-08	72.4	44.86
JetC_ECOR67	WP_147990843.1	29.487	234	141	8	1235	1449	1293	1521	1.97e-08	72.4	47.44
JetC_ECOR67	MEU6853144.1	29.130	230	116	7	1235	1436	704	914	1.97e-08	72.4	45.22
JetC_ECOR67	WP_406732741.1	29.915	234	140	8	1235	1449	1456	1684	1.99e-08	72.4	47.44
JetC_ECOR67	WP_142215965.1	29.487	234	141	8	1235	1449	1301	1529	1.99e-08	72.4	47.44
JetC_ECOR67	WP_385136492.1	29.487	234	141	8	1235	1449	620	848	2.00e-08	72.0	47.86
JetC_ECOR67	MER7175071.1	28.959	221	128	7	1235	1436	367	577	2.03e-08	72.0	47.06
JetC_ECOR67	MFE4849848.1	27.984	243	128	7	1235	1449	454	677	2.03e-08	72.0	44.44
JetC_ECOR67	RKZ81736.1	20.799	726	477	23	58	737	42	715	2.05e-08	72.4	39.39
JetC_ECOR67	WP_055700976.1	30.131	229	141	8	1235	1449	974	1197	2.05e-08	72.4	48.47
JetC_ECOR67	WP_377388753.1	31.222	221	122	10	1235	1436	1218	1427	2.05e-08	72.4	50.23
JetC_ECOR67	WP_092533469.1	28.807	243	142	9	1235	1457	1220	1451	2.05e-08	72.4	47.74
JetC_ECOR67	HUZ86547.1	27.830	212	142	6	1239	1445	1215	1420	2.06e-08	72.4	51.89
JetC_ECOR67	WP_358938822.1	29.487	234	141	8	1235	1449	1402	1630	2.06e-08	72.4	47.44
JetC_ECOR67	WP_355550785.1	28.395	243	127	7	1235	1449	1279	1502	2.07e-08	72.4	44.44
JetC_ECOR67	MER7625723.1	29.487	234	136	8	1235	1449	746	969	2.08e-08	72.4	47.44
JetC_ECOR67	WP_222965881.1	29.130	230	116	7	1235	1436	1348	1558	2.08e-08	72.4	45.65
JetC_ECOR67	WP_386344354.1	28.959	221	128	7	1235	1436	265	475	2.08e-08	71.6	46.61
JetC_ECOR67	WP_102921728.1	29.060	234	137	7	1235	1449	1290	1513	2.09e-08	72.4	46.58
JetC_ECOR67	MBW8817779.1	28.395	243	127	7	1235	1449	606	829	2.10e-08	72.0	44.44
JetC_ECOR67	MFD9011210.1	28.936	235	141	8	1235	1449	476	704	2.10e-08	72.0	46.38
JetC_ECOR67	WP_255925944.1	31.336	217	128	10	1235	1436	1269	1479	2.10e-08	72.4	50.69
JetC_ECOR67	MDT3400220.1	29.060	234	137	7	1235	1449	403	626	2.12e-08	72.0	46.58
JetC_ECOR67	WP_125652418.1	29.487	234	139	8	1235	1449	1324	1550	2.12e-08	72.4	48.29
JetC_ECOR67	WP_187824526.1	28.395	243	127	7	1235	1449	1317	1540	2.14e-08	72.4	44.86
JetC_ECOR67	MDA5285983.1	29.864	221	131	8	1235	1436	307	522	2.14e-08	71.6	48.87
JetC_ECOR67	WP_309053822.1	29.487	234	136	8	1235	1449	1344	1567	2.15e-08	72.4	47.44
JetC_ECOR67	PJB49382.1	27.511	229	152	6	1238	1459	1091	1312	2.15e-08	72.4	45.41
JetC_ECOR67	WP_367206727.1	29.412	221	132	7	1235	1436	185	400	2.16e-08	71.2	47.96
JetC_ECOR67	AKG42063.1	38.318	107	60	3	1336	1436	15	121	2.16e-08	67.4	57.01
JetC_ECOR67	WP_015612829.1	43.038	79	42	1	1361	1436	1349	1427	2.18e-08	72.4	65.82
JetC_ECOR67	WP_087929097.1	29.060	234	137	7	1235	1449	1293	1516	2.18e-08	72.4	46.58
JetC_ECOR67	WP_365494576.1	43.038	79	42	1	1361	1436	1349	1427	2.20e-08	72.4	65.82
JetC_ECOR67	WP_217239539.1	27.984	243	128	7	1235	1449	1273	1496	2.21e-08	72.4	44.44
JetC_ECOR67	WP_122617115.1	28.632	234	138	7	1235	1449	1283	1506	2.22e-08	72.4	45.73
JetC_ECOR67	WP_383985260.1	29.487	234	141	8	1235	1449	802	1030	2.22e-08	72.0	47.86
JetC_ECOR67	WP_350807337.1	29.915	234	140	8	1235	1449	1567	1795	2.23e-08	72.4	47.86
JetC_ECOR67	WP_164436149.1	27.984	243	128	7	1235	1449	834	1057	2.23e-08	72.0	44.44
JetC_ECOR67	WP_376451814.1	35.433	127	75	4	1317	1436	1300	1426	2.25e-08	72.4	55.12
JetC_ECOR67	WP_244292105.1	29.915	234	135	8	1235	1449	1320	1543	2.27e-08	72.4	47.44
JetC_ECOR67	WP_362640761.1	43.038	79	42	1	1361	1436	418	496	2.27e-08	71.6	65.82
JetC_ECOR67	WP_276111904.1	28.395	243	127	7	1235	1449	1311	1534	2.28e-08	72.4	44.44
JetC_ECOR67	AGP60077.1	28.395	243	127	7	1235	1449	289	512	2.29e-08	71.6	44.03
JetC_ECOR67	WP_152783048.1	28.632	234	138	7	1235	1449	1291	1514	2.29e-08	72.4	45.73
JetC_ECOR67	WP_380172951.1	29.108	213	135	7	1239	1436	1234	1445	2.32e-08	72.4	50.23
JetC_ECOR67	WP_188284855.1	40.171	117	64	3	1361	1472	1352	1467	2.33e-08	72.4	57.26
JetC_ECOR67	WP_241057024.1	30.131	229	141	9	1235	1449	1303	1526	2.36e-08	72.4	48.91
JetC_ECOR67	MZE76152.1	29.680	219	135	8	1232	1436	66	279	2.37e-08	70.1	48.40
JetC_ECOR67	SEF11373.1	28.395	243	127	7	1235	1449	718	941	2.37e-08	72.0	44.86
JetC_ECOR67	MYW07422.1	28.163	245	127	7	1235	1449	141	366	2.37e-08	70.9	43.67
JetC_ECOR67	WP_336555725.1	29.515	227	137	9	1228	1436	236	457	2.39e-08	72.0	49.34
JetC_ECOR67	MEZ6184129.1	40.000	115	62	3	1336	1443	1334	1448	2.39e-08	72.4	54.78
JetC_ECOR67	WP_249919480.1	27.119	236	152	6	1234	1461	1201	1424	2.41e-08	72.0	43.22
JetC_ECOR67	WP_398523721.1	29.741	232	143	11	1232	1449	1214	1439	2.41e-08	72.0	50.86
JetC_ECOR67	WP_385153166.1	29.060	234	137	7	1235	1449	1396	1619	2.41e-08	72.4	46.58
JetC_ECOR67	WP_138733590.1	30.415	217	126	9	1239	1436	1232	1442	2.41e-08	72.0	50.23
JetC_ECOR67	WP_230652653.1	35.433	127	76	3	1329	1449	1395	1521	2.42e-08	72.4	54.33
JetC_ECOR67	WP_378286908.1	29.268	246	143	9	1232	1457	1212	1446	2.43e-08	72.0	47.97
JetC_ECOR67	WP_327551533.1	29.362	235	151	9	1235	1457	1220	1451	2.51e-08	72.0	49.36
JetC_ECOR67	NEB28072.1	27.572	243	129	7	1235	1449	728	951	2.51e-08	72.0	44.44
JetC_ECOR67	MBL0803955.1	28.261	230	118	7	1235	1436	165	375	2.55e-08	70.9	44.78
JetC_ECOR67	WP_103889893.1	30.317	221	125	8	1235	1436	1325	1535	2.55e-08	72.0	47.96
JetC_ECOR67	WP_101387303.1	29.412	221	127	7	1235	1436	1292	1502	2.58e-08	72.0	47.51
JetC_ECOR67	OEV12533.1	29.694	229	142	9	1235	1449	248	471	2.58e-08	71.2	48.91
JetC_ECOR67	WP_344870838.1	29.108	213	140	7	1232	1436	1211	1420	2.64e-08	72.0	50.23
JetC_ECOR67	WP_364191220.1	44.304	79	41	1	1361	1436	1355	1433	2.66e-08	72.0	64.56
JetC_ECOR67	WP_364191220.1	20.347	403	277	11	1	384	2	379	0.022	52.8	37.97
JetC_ECOR67	WP_165333813.1	27.869	244	147	7	1225	1449	1285	1518	2.67e-08	72.0	45.08
JetC_ECOR67	WP_152265468.1	28.044	271	146	9	1235	1477	1271	1520	2.69e-08	72.0	43.91
JetC_ECOR67	EPJ35843.1	28.959	221	128	7	1235	1436	855	1065	2.70e-08	72.0	47.06
JetC_ECOR67	HEV7625195.1	30.131	229	141	9	1235	1449	495	718	2.71e-08	71.6	48.47
JetC_ECOR67	WP_344533927.1	28.395	243	127	7	1235	1449	1310	1533	2.72e-08	72.0	44.86
JetC_ECOR67	WP_093850213.1	29.614	233	137	8	1235	1449	1291	1514	2.73e-08	72.0	46.78
JetC_ECOR67	WP_077974170.1	30.131	229	141	8	1235	1449	1294	1517	2.74e-08	72.0	48.47
JetC_ECOR67	WP_401489120.1	28.395	243	127	7	1235	1449	1355	1578	2.74e-08	72.0	44.86
JetC_ECOR67	WP_267759331.1	29.487	234	141	8	1235	1449	1304	1532	2.75e-08	72.0	47.86
JetC_ECOR67	HXA55444.1	40.385	104	59	2	1349	1449	1341	1444	2.76e-08	72.0	55.77
JetC_ECOR67	WP_275533697.1	29.707	239	129	8	1235	1449	1318	1541	2.76e-08	72.0	46.03
JetC_ECOR67	WP_120695028.1	29.487	234	136	8	1235	1449	1283	1506	2.78e-08	72.0	47.44
JetC_ECOR67	WP_202237655.1	30.317	221	125	8	1235	1436	1315	1525	2.79e-08	72.0	47.96
JetC_ECOR67	WP_069919241.1	29.487	234	141	8	1235	1449	1285	1513	2.81e-08	72.0	47.86
JetC_ECOR67	WP_185948224.1	28.395	243	127	7	1235	1449	1310	1533	2.82e-08	72.0	44.44
JetC_ECOR67	WP_187095130.1	34.783	115	68	3	1353	1460	1307	1421	2.82e-08	72.0	54.78
JetC_ECOR67	WP_244934248.1	27.984	243	128	7	1235	1449	1288	1511	2.84e-08	72.0	44.44
JetC_ECOR67	WP_018542450.1	28.629	248	155	10	1232	1463	1214	1455	2.85e-08	72.0	49.19
JetC_ECOR67	NEA60415.1	28.261	230	118	7	1235	1436	343	553	2.86e-08	71.2	45.65
JetC_ECOR67	MBK3636033.1	28.216	241	126	7	1237	1449	359	580	2.86e-08	71.2	44.40
JetC_ECOR67	WP_175524482.1	28.632	234	138	7	1235	1449	1047	1270	2.90e-08	72.0	45.73
JetC_ECOR67	WP_226486264.1	27.984	243	128	7	1235	1449	1276	1499	2.90e-08	72.0	44.44
JetC_ECOR67	WP_392328150.1	29.487	234	141	8	1235	1449	1442	1670	2.93e-08	72.0	47.44
JetC_ECOR67	WP_055568130.1	30.131	229	141	8	1235	1449	1279	1502	2.96e-08	72.0	48.47
JetC_ECOR67	MDX3239666.1	29.130	230	116	7	1235	1436	930	1140	2.96e-08	71.6	44.78
JetC_ECOR67	WP_384723976.1	29.289	239	135	8	1235	1449	155	383	2.98e-08	70.9	46.03
JetC_ECOR67	WP_190181760.1	28.395	243	127	7	1235	1449	1341	1564	2.98e-08	72.0	44.86
JetC_ECOR67	WP_033207831.1	29.258	229	143	8	1235	1449	1284	1507	3.01e-08	72.0	48.47
JetC_ECOR67	WP_109186963.1	29.258	229	143	8	1235	1449	1262	1485	3.02e-08	72.0	48.47
JetC_ECOR67	WP_187818959.1	28.632	234	138	7	1235	1449	1273	1496	3.05e-08	72.0	46.15
JetC_ECOR67	WP_244657497.1	24.185	368	241	15	58	405	41	390	3.05e-08	72.0	42.93
JetC_ECOR67	WP_359711423.1	29.487	234	136	8	1235	1449	1282	1505	3.08e-08	72.0	47.44
JetC_ECOR67	WP_019357610.1	29.493	217	119	9	1239	1436	1223	1424	3.08e-08	72.0	47.47
JetC_ECOR67	WP_347728939.1	29.487	234	141	8	1235	1449	1321	1549	3.08e-08	72.0	47.44
JetC_ECOR67	WP_385054972.1	27.897	233	121	7	1232	1436	163	376	3.11e-08	70.5	44.64
JetC_ECOR67	WP_397338684.1	32.075	159	99	5	1289	1443	1278	1431	3.11e-08	72.0	52.83
JetC_ECOR67	WP_161698460.1	29.694	229	142	8	1235	1449	1300	1523	3.11e-08	72.0	48.47
JetC_ECOR67	WP_356369888.1	27.984	243	128	7	1235	1449	840	1063	3.12e-08	71.6	44.86
JetC_ECOR67	WP_257155608.1	28.395	243	127	7	1235	1449	1331	1554	3.13e-08	72.0	44.86
JetC_ECOR67	WP_359825768.1	28.395	243	127	7	1235	1449	761	984	3.15e-08	71.6	44.44
JetC_ECOR67	WP_361942622.1	28.395	243	127	7	1235	1449	1288	1511	3.16e-08	72.0	44.44
JetC_ECOR67	WP_189804307.1	29.258	229	143	8	1235	1449	1282	1505	3.16e-08	72.0	48.47
JetC_ECOR67	WP_256526680.1	29.487	234	141	8	1235	1449	1295	1523	3.18e-08	72.0	47.44
JetC_ECOR67	WP_189832248.1	29.258	229	143	8	1235	1449	1288	1511	3.22e-08	71.6	48.47
JetC_ECOR67	WP_232271530.1	30.131	229	141	9	1235	1449	1263	1486	3.23e-08	71.6	48.47
JetC_ECOR67	WP_093801935.1	28.632	234	138	7	1235	1449	1337	1560	3.24e-08	71.6	46.15
JetC_ECOR67	MBZ4323681.1	27.984	243	128	7	1235	1449	684	907	3.25e-08	71.6	44.86
JetC_ECOR67	WP_194292485.1	30.172	232	138	8	1237	1449	1135	1361	3.27e-08	71.6	47.84
JetC_ECOR67	WP_385501532.1	29.060	234	137	7	1235	1449	842	1065	3.27e-08	71.6	46.58
JetC_ECOR67	WP_360223604.1	28.395	243	127	7	1235	1449	1282	1505	3.29e-08	71.6	44.44
JetC_ECOR67	WP_144121057.1	44.304	79	41	1	1361	1436	1327	1405	3.30e-08	71.6	64.56
JetC_ECOR67	WP_399645813.1	37.963	108	62	2	1361	1463	1347	1454	3.32e-08	71.6	59.26
JetC_ECOR67	WP_339908975.1	23.482	247	175	8	1235	1475	1237	1475	3.32e-08	71.6	49.39
JetC_ECOR67	WP_179775076.1	28.689	244	159	9	1226	1457	1205	1445	3.34e-08	71.6	48.77
JetC_ECOR67	WP_030560559.1	29.694	229	142	8	1235	1449	1325	1548	3.34e-08	71.6	48.47
JetC_ECOR67	WP_152863359.1	27.984	243	128	7	1235	1449	1290	1513	3.35e-08	71.6	44.44
JetC_ECOR67	SCD54084.1	29.487	234	136	8	1235	1449	337	560	3.36e-08	71.2	47.01
JetC_ECOR67	WP_218513566.1	27.984	243	128	7	1235	1449	1336	1559	3.38e-08	71.6	44.86
JetC_ECOR67	WP_405578272.1	31.481	216	129	9	1235	1436	1330	1540	3.41e-08	71.6	49.54
JetC_ECOR67	HWS39254.1	36.220	127	72	5	1318	1436	1315	1440	3.41e-08	71.6	56.69
JetC_ECOR67	MYS49381.1	27.897	233	121	7	1232	1436	68	281	3.43e-08	69.7	44.64
JetC_ECOR67	WP_240138599.1	29.487	234	141	8	1235	1449	1505	1733	3.43e-08	71.6	47.86
JetC_ECOR67	WP_020930873.1	29.545	220	115	11	1239	1436	1223	1424	3.44e-08	71.6	47.73
JetC_ECOR67	WP_050374404.1	28.632	234	138	7	1235	1449	1249	1472	3.45e-08	71.6	45.73
JetC_ECOR67	MET9432373.1	28.632	234	138	7	1235	1449	741	964	3.48e-08	71.6	46.15
JetC_ECOR67	WP_179079916.1	29.060	234	137	7	1235	1449	1374	1597	3.48e-08	71.6	46.58
JetC_ECOR67	EFL42511.1	28.395	243	127	7	1235	1449	609	832	3.50e-08	71.2	44.44
JetC_ECOR67	WP_283451232.1	29.487	234	141	8	1235	1449	1294	1522	3.53e-08	71.6	47.86
JetC_ECOR67	WP_220131531.1	35.821	134	76	5	1340	1463	345	478	3.54e-08	70.9	57.46
JetC_ECOR67	MEV4430553.1	29.060	234	137	8	1235	1449	739	962	3.55e-08	71.6	47.01
JetC_ECOR67	WP_091292521.1	29.362	235	151	9	1235	1457	1216	1447	3.57e-08	71.6	49.36
JetC_ECOR67	HET6634153.1	28.395	243	127	7	1235	1449	1264	1487	3.60e-08	71.6	44.03
JetC_ECOR67	MCY0923193.1	29.487	234	141	8	1235	1449	578	806	3.65e-08	71.2	47.86
JetC_ECOR67	MDX3411992.1	27.984	243	128	7	1235	1449	507	730	3.65e-08	71.2	44.44
JetC_ECOR67	WP_035792549.1	29.060	234	137	7	1235	1449	1248	1471	3.66e-08	71.6	45.73
JetC_ECOR67	WP_384336425.1	41.176	102	55	2	1361	1457	1349	1450	3.67e-08	71.6	57.84
JetC_ECOR67	WP_370410714.1	28.632	234	138	7	1235	1449	1285	1508	3.68e-08	71.6	46.15
JetC_ECOR67	WP_403033951.1	27.984	243	128	7	1235	1449	1299	1522	3.68e-08	71.6	44.44
JetC_ECOR67	WP_109278730.1	28.395	243	127	7	1235	1449	1289	1512	3.71e-08	71.6	44.44
JetC_ECOR67	KDN86634.1	36.842	114	66	3	1329	1436	8	121	3.73e-08	66.2	55.26
JetC_ECOR67	WP_099500441.1	28.632	234	138	7	1235	1449	1324	1547	3.73e-08	71.6	46.15
JetC_ECOR67	MBR4605775.1	32.308	130	77	3	1325	1445	1312	1439	3.74e-08	71.6	50.77
JetC_ECOR67	NSC20475.1	29.911	224	128	8	1232	1436	53	266	3.75e-08	69.7	47.32
JetC_ECOR67	WP_360721749.1	27.897	233	121	7	1232	1436	65	278	3.76e-08	69.3	44.64
JetC_ECOR67	MEU8529387.1	29.060	234	137	8	1235	1449	364	587	3.79e-08	70.9	46.58
JetC_ECOR67	MER5786670.1	27.984	243	128	7	1235	1449	315	538	3.82e-08	70.9	44.86
JetC_ECOR67	WP_327357585.1	29.060	234	137	7	1235	1449	1304	1527	3.82e-08	71.6	45.73
JetC_ECOR67	WP_030727963.1	29.694	229	142	9	1235	1449	1281	1504	3.84e-08	71.6	48.03
JetC_ECOR67	WP_411106607.1	29.487	234	141	8	1235	1449	1327	1555	3.86e-08	71.6	47.86
JetC_ECOR67	WP_009322209.1	28.750	240	154	9	1237	1463	1221	1456	3.87e-08	71.6	50.00
JetC_ECOR67	WP_403803674.1	29.915	234	135	8	1235	1449	862	1085	3.87e-08	71.2	47.44
JetC_ECOR67	WP_113643076.1	28.632	234	137	8	1235	1449	1218	1440	3.89e-08	71.6	47.86
JetC_ECOR67	MDQ2838305.1	29.502	261	149	11	1226	1463	1208	1456	3.89e-08	71.6	48.28
JetC_ECOR67	WP_366747153.1	28.926	242	153	8	1222	1449	1280	1516	3.89e-08	71.6	46.69
JetC_ECOR67	MFE2147685.1	29.487	234	141	8	1235	1449	740	968	3.90e-08	71.2	47.86
JetC_ECOR67	WP_266869106.1	28.632	234	138	7	1235	1449	1344	1567	3.90e-08	71.6	46.58
JetC_ECOR67	WP_056567044.1	29.258	229	143	8	1235	1449	1288	1511	3.91e-08	71.6	48.47
JetC_ECOR67	WP_362518923.1	28.632	234	138	7	1235	1449	1435	1658	3.92e-08	71.6	46.15
JetC_ECOR67	WP_206808710.1	27.005	374	231	16	1110	1457	1095	1452	3.96e-08	71.6	45.45
JetC_ECOR67	WP_116503552.1	27.984	243	128	7	1235	1449	1298	1521	3.97e-08	71.6	44.44
JetC_ECOR67	MFD9824629.1	28.632	234	138	7	1235	1449	523	746	4.00e-08	71.2	46.58
JetC_ECOR67	WP_237321963.1	28.395	243	127	7	1235	1449	1293	1516	4.00e-08	71.6	44.44
JetC_ECOR67	WP_139098891.1	29.787	235	150	8	1235	1457	1214	1445	4.02e-08	71.6	48.51
JetC_ECOR67	HSX99427.1	28.205	234	139	7	1235	1449	304	527	4.04e-08	70.9	45.73
JetC_ECOR67	WP_053724436.1	28.632	234	138	7	1235	1449	1272	1495	4.06e-08	71.6	46.58
JetC_ECOR67	WP_352228306.1	28.632	234	138	7	1235	1449	851	1074	4.09e-08	71.2	45.73
JetC_ECOR67	WP_380246599.1	36.842	114	66	3	1329	1436	1317	1430	4.10e-08	71.6	56.14
JetC_ECOR67	WP_260221891.1	28.395	243	127	7	1235	1449	1293	1516	4.13e-08	71.6	44.03
JetC_ECOR67	WP_185946024.1	27.984	243	128	7	1235	1449	1270	1493	4.13e-08	71.6	44.44
JetC_ECOR67	WP_360178776.1	29.694	229	142	8	1235	1449	1342	1565	4.14e-08	71.6	48.03
JetC_ECOR67	WP_390155852.1	30.131	229	141	8	1235	1449	1297	1520	4.15e-08	71.6	48.03
JetC_ECOR67	WP_201873633.1	30.131	229	141	9	1235	1449	1546	1769	4.18e-08	71.6	48.91
JetC_ECOR67	NUP23201.1	27.984	243	128	7	1235	1449	319	542	4.19e-08	70.9	44.44
JetC_ECOR67	MYX49427.1	27.984	243	128	7	1235	1449	312	535	4.21e-08	70.9	44.03
JetC_ECOR67	WP_141362921.1	27.984	243	128	7	1235	1449	1304	1527	4.22e-08	71.2	44.03
JetC_ECOR67	WP_315886398.1	27.984	243	128	7	1235	1449	1321	1544	4.23e-08	71.2	44.44
JetC_ECOR67	WP_361749216.1	27.984	243	128	7	1235	1449	1315	1538	4.23e-08	71.2	44.86
JetC_ECOR67	NUT28164.1	27.984	243	128	7	1235	1449	1042	1265	4.30e-08	71.2	44.44
JetC_ECOR67	WP_365024050.1	27.984	243	128	7	1235	1449	858	1081	4.32e-08	71.2	44.44
JetC_ECOR67	WP_359686468.1	27.984	243	128	8	1235	1449	948	1171	4.32e-08	71.2	44.44
JetC_ECOR67	NEC31771.1	28.261	230	118	7	1235	1436	320	530	4.33e-08	70.9	45.22
JetC_ECOR67	WP_385168625.1	27.984	243	128	7	1235	1449	938	1161	4.34e-08	71.2	44.44
JetC_ECOR67	WP_393751563.1	29.487	234	141	8	1235	1449	1389	1617	4.34e-08	71.2	47.86
JetC_ECOR67	WP_020128941.1	27.984	243	128	7	1235	1449	1272	1495	4.35e-08	71.2	44.44
JetC_ECOR67	WP_151480961.1	29.258	229	143	8	1235	1449	1343	1566	4.35e-08	71.2	48.03
JetC_ECOR67	NED73533.1	27.984	243	128	7	1235	1449	299	522	4.36e-08	70.5	44.44
JetC_ECOR67	WP_397010902.1	27.679	224	131	8	1232	1436	1210	1421	4.41e-08	71.2	48.21
JetC_ECOR67	WP_190192893.1	27.984	243	128	7	1235	1449	1284	1507	4.43e-08	71.2	44.44
JetC_ECOR67	RZE68745.1	27.984	243	128	7	1235	1449	467	690	4.43e-08	70.9	44.03
JetC_ECOR67	WP_266541866.1	28.936	235	141	8	1235	1449	1404	1632	4.45e-08	71.2	46.38
JetC_ECOR67	WP_358784925.1	27.984	243	128	7	1235	1449	1280	1503	4.50e-08	71.2	44.44
JetC_ECOR67	WP_138958495.1	30.131	229	141	8	1235	1449	1291	1514	4.51e-08	71.2	48.03
JetC_ECOR67	WP_365048314.1	29.060	234	140	8	1235	1449	1284	1510	4.54e-08	71.2	48.29
JetC_ECOR67	MFC3588327.1	31.336	217	128	10	1235	1436	703	913	4.58e-08	71.2	50.69
JetC_ECOR67	MER7152399.1	27.984	243	128	7	1235	1449	506	729	4.61e-08	70.9	44.44
JetC_ECOR67	WP_398523571.1	29.487	234	141	8	1235	1449	1297	1525	4.63e-08	71.2	47.44
JetC_ECOR67	WP_042450434.1	29.487	234	145	7	1235	1449	1275	1507	4.63e-08	71.2	47.86
JetC_ECOR67	WP_360367010.1	28.879	232	149	9	1239	1459	1228	1454	4.64e-08	71.2	46.55
JetC_ECOR67	MEU5164386.1	29.915	234	140	8	1235	1449	727	955	4.69e-08	71.2	47.86
JetC_ECOR67	WP_250923737.1	29.487	234	141	8	1235	1449	1458	1686	4.70e-08	71.2	47.01
JetC_ECOR67	WP_243631666.1	29.487	234	141	8	1235	1449	1345	1573	4.70e-08	71.2	47.86
JetC_ECOR67	WP_220238691.1	29.362	235	151	9	1235	1457	1215	1446	4.73e-08	71.2	50.21
JetC_ECOR67	WP_351506882.1	28.395	243	127	7	1235	1449	1299	1522	4.73e-08	71.2	44.44
JetC_ECOR67	WP_062673398.1	28.632	234	138	7	1235	1449	1293	1516	4.74e-08	71.2	45.73
JetC_ECOR67	WP_356705343.1	29.487	234	141	8	1235	1449	1363	1591	4.75e-08	71.2	47.86
JetC_ECOR67	WP_183786992.1	29.185	233	154	7	1235	1457	1218	1449	4.76e-08	71.2	48.50
JetC_ECOR67	MFE2632361.1	28.879	232	136	7	1237	1449	721	942	4.77e-08	70.9	45.69
JetC_ECOR67	WP_389876751.1	36.029	136	79	4	1336	1463	1321	1456	4.77e-08	71.2	56.62
JetC_ECOR67	WP_030674623.1	30.131	229	141	8	1235	1449	1296	1519	4.78e-08	71.2	48.03
JetC_ECOR67	MEV0041816.1	29.694	229	142	8	1235	1449	183	406	4.80e-08	70.1	48.47
JetC_ECOR67	WP_256214178.1	25.120	418	253	22	58	443	41	430	4.81e-08	71.2	44.26
JetC_ECOR67	WP_063733083.1	28.395	243	127	7	1235	1449	1489	1712	4.83e-08	71.2	44.44
JetC_ECOR67	WP_328917300.1	29.565	230	115	7	1235	1436	1376	1586	4.83e-08	71.2	45.22
JetC_ECOR67	WP_324165784.1	28.692	237	158	6	1235	1461	1214	1449	4.84e-08	71.2	46.84
JetC_ECOR67	WP_401022066.1	29.487	234	136	8	1235	1449	1277	1500	4.87e-08	71.2	47.01
JetC_ECOR67	MET9856459.1	29.487	234	141	8	1235	1449	713	941	4.88e-08	70.9	47.86
JetC_ECOR67	WP_215543768.1	29.098	244	158	9	1226	1457	1212	1452	4.89e-08	71.2	47.54
JetC_ECOR67	MFF1422917.1	29.258	229	143	8	1235	1449	207	430	4.91e-08	70.1	47.60
JetC_ECOR67	WP_189884454.1	29.572	257	156	10	1235	1477	1358	1603	4.92e-08	71.2	46.30
JetC_ECOR67	WP_386254699.1	29.060	234	142	8	1235	1449	851	1079	4.93e-08	71.2	47.44
JetC_ECOR67	WP_053641154.1	29.258	229	143	8	1235	1449	1266	1489	4.93e-08	71.2	48.47
JetC_ECOR67	WP_071046843.1	41.304	92	51	1	1361	1449	1358	1449	4.94e-08	71.2	59.78
JetC_ECOR67	PPS79466.1	27.984	243	128	7	1235	1449	586	809	4.94e-08	70.9	44.44
JetC_ECOR67	WP_360964666.1	28.395	243	127	7	1235	1449	1276	1499	4.98e-08	71.2	44.44
JetC_ECOR67	WP_376535892.1	27.984	243	128	7	1235	1449	1294	1517	4.99e-08	71.2	44.44
JetC_ECOR67	MFE7129227.1	30.131	229	141	9	1235	1449	506	729	5.02e-08	70.9	48.47
JetC_ECOR67	WP_350599421.1	28.509	228	138	9	1228	1436	1221	1442	5.07e-08	71.2	48.68
JetC_ECOR67	WP_190160012.1	29.060	234	137	8	1235	1449	1282	1505	5.08e-08	71.2	47.01
JetC_ECOR67	WP_205377013.1	29.060	234	142	8	1235	1449	1295	1523	5.10e-08	71.2	47.44
JetC_ECOR67	WP_358824774.1	29.915	234	140	8	1235	1449	1295	1523	5.11e-08	71.2	47.44
JetC_ECOR67	WP_177153092.1	29.487	234	141	8	1235	1449	1410	1638	5.13e-08	71.2	47.44
JetC_ECOR67	WP_150490886.1	29.487	234	136	8	1235	1449	1277	1500	5.19e-08	71.2	47.01
JetC_ECOR67	GAA1282831.1	27.984	243	128	7	1235	1449	747	970	5.21e-08	70.9	44.44
JetC_ECOR67	WP_189220341.1	27.984	243	128	7	1235	1449	1300	1523	5.21e-08	71.2	44.44
JetC_ECOR67	WP_231774909.1	30.909	220	128	10	1235	1436	1286	1499	5.22e-08	71.2	50.91
JetC_ECOR67	WP_361499868.1	28.926	242	153	8	1222	1449	1317	1553	5.28e-08	71.2	46.69
JetC_ECOR67	WP_135339796.1	27.984	243	128	7	1235	1449	1291	1514	5.30e-08	71.2	44.03
JetC_ECOR67	GDY51300.1	28.395	243	127	7	1235	1449	586	809	5.31e-08	70.9	44.03
JetC_ECOR67	WP_020421305.1	29.614	233	149	9	1237	1457	728	957	5.34e-08	70.9	49.79
JetC_ECOR67	WP_226733409.1	29.060	234	140	8	1235	1449	1262	1488	5.39e-08	71.2	48.29
JetC_ECOR67	WP_197353804.1	30.131	229	141	9	1235	1449	1310	1533	5.41e-08	71.2	48.91
JetC_ECOR67	WP_190187060.1	29.487	234	141	8	1235	1449	1341	1569	5.42e-08	71.2	47.86
JetC_ECOR67	MEV2205566.1	29.487	234	141	8	1235	1449	651	879	5.43e-08	70.9	47.44
JetC_ECOR67	WP_264659990.1	24.803	254	158	8	1	248	1	227	5.45e-08	70.9	40.16
JetC_ECOR67	WP_400702521.1	27.755	245	154	8	1213	1436	1187	1429	5.46e-08	70.9	46.53
JetC_ECOR67	WP_384862234.1	29.915	234	135	8	1235	1449	788	1011	5.46e-08	70.9	47.44
JetC_ECOR67	WP_062899494.1	35.652	115	67	3	1353	1460	1316	1430	5.51e-08	70.9	53.91
JetC_ECOR67	WP_201867481.1	29.915	234	135	9	1235	1449	1272	1495	5.55e-08	70.9	48.29
JetC_ECOR67	WP_220294870.1	27.984	243	128	7	1235	1449	1277	1500	5.55e-08	70.9	44.03
JetC_ECOR67	WP_345618646.1	27.984	243	128	7	1235	1449	1279	1502	5.60e-08	70.9	44.44
JetC_ECOR67	WP_393876348.1	28.632	234	138	7	1235	1449	1378	1601	5.63e-08	70.9	45.73
JetC_ECOR67	WP_067283805.1	27.984	243	128	7	1235	1449	1407	1630	5.66e-08	70.9	44.44
JetC_ECOR67	WP_007497096.1	27.984	243	128	7	1235	1449	1288	1511	5.66e-08	70.9	44.44
JetC_ECOR67	WP_332886409.1	27.984	243	128	7	1235	1449	1305	1528	5.67e-08	70.9	44.44
JetC_ECOR67	MBX9591774.1	38.261	115	64	3	1336	1443	1336	1450	5.70e-08	70.9	53.91
JetC_ECOR67	MDM8537443.1	32.500	120	78	1	1328	1444	5	124	5.73e-08	65.1	55.83
JetC_ECOR67	WP_217254583.1	27.984	243	128	7	1235	1449	1286	1509	5.76e-08	70.9	44.44
JetC_ECOR67	MFD7624002.1	28.390	236	138	7	1235	1449	486	711	5.79e-08	70.5	45.76
JetC_ECOR67	WP_358415574.1	27.984	243	128	7	1235	1449	1219	1442	5.79e-08	70.9	44.44
JetC_ECOR67	WP_348547837.1	26.800	250	154	8	1190	1432	1092	1319	5.80e-08	70.9	45.20
JetC_ECOR67	WP_399353431.1	29.864	221	131	8	1235	1436	1292	1507	5.81e-08	70.9	48.42
JetC_ECOR67	WP_356040089.1	27.572	243	129	7	1235	1449	1292	1515	5.86e-08	70.9	44.44
JetC_ECOR67	WP_031041050.1	27.984	243	128	7	1235	1449	1285	1508	5.90e-08	70.9	44.44
JetC_ECOR67	WP_108989314.1	27.984	243	128	7	1235	1449	1295	1518	5.91e-08	70.9	44.44
JetC_ECOR67	WP_326707979.1	30.476	210	126	9	1239	1436	1223	1424	6.00e-08	70.9	47.14
JetC_ECOR67	WP_031078110.1	28.632	234	138	7	1235	1449	1304	1527	6.02e-08	70.9	46.15
JetC_ECOR67	WP_078849933.1	28.340	247	148	8	1222	1449	1276	1512	6.04e-08	70.9	45.75
JetC_ECOR67	WP_383781000.1	27.984	243	128	7	1235	1449	1283	1506	6.05e-08	70.9	44.44
JetC_ECOR67	WP_064531560.1	27.984	243	128	7	1235	1449	1290	1513	6.05e-08	70.9	44.44
JetC_ECOR67	WP_257005141.1	27.984	243	128	7	1235	1449	846	1069	6.08e-08	70.9	44.03
JetC_ECOR67	WP_355344047.1	28.696	230	117	7	1235	1436	1352	1562	6.13e-08	70.9	44.78
JetC_ECOR67	OXM64971.1	29.858	211	134	8	1237	1436	454	661	6.19e-08	70.5	50.71
JetC_ECOR67	WP_152890914.1	27.572	243	129	7	1235	1449	1273	1496	6.24e-08	70.9	44.03
JetC_ECOR67	WP_205385796.1	27.984	243	128	7	1235	1449	1273	1496	6.25e-08	70.9	44.44
JetC_ECOR67	WP_114622280.1	28.870	239	131	8	1235	1449	1287	1510	6.26e-08	70.9	46.44
JetC_ECOR67	WP_119288521.1	29.487	234	136	8	1235	1449	1290	1513	6.26e-08	70.9	46.58
JetC_ECOR67	HEY1971394.1	39.604	101	57	2	1361	1457	28	128	6.29e-08	65.5	58.42
JetC_ECOR67	MFD4789784.1	27.984	243	128	7	1235	1449	735	958	6.30e-08	70.5	44.44
JetC_ECOR67	WP_203798530.1	36.508	126	71	5	1319	1436	1303	1427	6.45e-08	70.9	56.35
JetC_ECOR67	WP_055488792.1	28.879	232	136	7	1237	1449	1313	1534	6.46e-08	70.9	46.55
JetC_ECOR67	MDH6192556.1	27.984	243	128	7	1235	1449	1023	1246	6.49e-08	70.9	44.03
JetC_ECOR67	WP_189930658.1	30.435	230	139	10	1235	1449	1333	1556	6.52e-08	70.9	49.57
JetC_ECOR67	WP_130473246.1	27.236	246	148	9	1232	1457	1210	1444	6.56e-08	70.9	47.56
JetC_ECOR67	WP_144382667.1	29.060	234	137	7	1235	1449	1437	1660	6.56e-08	70.9	45.73
JetC_ECOR67	WP_398863105.1	28.632	234	138	7	1235	1449	1319	1542	6.56e-08	70.9	45.73
JetC_ECOR67	WP_147973443.1	29.461	241	129	8	1235	1449	1303	1528	6.67e-08	70.9	45.64
JetC_ECOR67	WP_229701010.1	28.632	234	138	7	1235	1449	1328	1551	6.71e-08	70.9	46.58
JetC_ECOR67	WP_030530591.1	29.614	233	153	7	1235	1457	1230	1461	6.74e-08	70.9	48.50
JetC_ECOR67	WP_068797596.1	29.876	241	150	11	1232	1458	1212	1447	6.75e-08	70.9	51.87
JetC_ECOR67	MYV52401.1	27.530	247	150	7	1222	1449	318	554	6.76e-08	70.1	44.94
JetC_ECOR67	WP_217185493.1	27.572	243	129	7	1235	1449	1300	1523	6.77e-08	70.9	44.44
JetC_ECOR67	EFC79434.1	36.567	134	76	5	1311	1436	602	734	6.81e-08	70.5	55.97
JetC_ECOR67	THA83348.1	27.984	243	128	7	1235	1449	687	910	6.84e-08	70.5	44.44
JetC_ECOR67	WP_189859213.1	27.984	243	128	7	1235	1449	1302	1525	6.88e-08	70.9	44.44
JetC_ECOR67	WP_384302214.1	29.487	234	141	8	1235	1449	877	1105	6.93e-08	70.5	47.44
JetC_ECOR67	WP_355173122.1	27.984	243	128	7	1235	1449	1286	1509	6.99e-08	70.9	44.44
JetC_ECOR67	WP_219667772.1	43.038	79	42	1	1361	1436	1349	1427	7.04e-08	70.9	64.56
JetC_ECOR67	WP_217784989.1	27.984	243	128	7	1235	1449	1366	1589	7.06e-08	70.9	44.44
JetC_ECOR67	WP_176179427.1	30.131	229	141	9	1235	1449	1668	1891	7.07e-08	70.9	48.91
JetC_ECOR67	MFD8262600.1	27.801	241	127	7	1237	1449	424	645	7.09e-08	70.1	44.40
JetC_ECOR67	WP_155054497.1	27.984	243	128	7	1235	1449	1411	1634	7.10e-08	70.9	44.44
JetC_ECOR67	WP_100597491.1	27.572	243	129	7	1235	1449	1296	1519	7.17e-08	70.5	44.03
JetC_ECOR67	WP_389397673.1	29.694	229	142	8	1235	1449	1338	1561	7.18e-08	70.9	48.47
JetC_ECOR67	WP_329494060.1	29.060	234	137	7	1235	1449	1258	1481	7.20e-08	70.5	45.73
JetC_ECOR67	RMI27703.1	29.279	222	132	7	1232	1436	151	364	7.28e-08	69.3	47.30
JetC_ECOR67	WP_153291751.1	28.205	234	139	7	1235	1449	1316	1539	7.32e-08	70.5	46.15
JetC_ECOR67	WP_020672709.1	28.689	244	159	9	1226	1457	1213	1453	7.33e-08	70.5	47.54
JetC_ECOR67	WP_330798959.1	31.081	222	122	9	1235	1436	1305	1515	7.33e-08	70.5	48.65
JetC_ECOR67	WP_317494896.1	43.038	79	42	1	1361	1436	1390	1468	7.37e-08	70.5	65.82
JetC_ECOR67	MBI2954832.1	27.189	217	146	7	1234	1442	1213	1425	7.39e-08	70.5	48.85
JetC_ECOR67	HSS01045.1	28.916	249	137	10	1220	1449	1204	1431	7.43e-08	70.5	45.78
JetC_ECOR67	MBF6555119.1	32.061	131	73	4	1336	1458	1305	1427	7.45e-08	70.5	54.96
JetC_ECOR67	WP_384263958.1	27.572	243	129	7	1235	1449	1013	1236	7.60e-08	70.5	44.03
JetC_ECOR67	MFC7617273.1	43.038	79	42	1	1361	1436	404	482	7.68e-08	69.7	65.82


