# blastp
# Iteration: 6
# Query: HEC-01A_ECOR46
# RID: WZSWFADR013
# Database: nr_cluster_seq
# Fields: query acc.ver, subject acc.ver, % identity, alignment length, mismatches, gap opens, q. start, q. end, s. start, s. end, evalue, bit score, % positives
# 1000 hits found
HEC-01A_ECOR46	OQX02978.1	22.362	398	280	9	1	372	1	395	0.0	776	39.95
HEC-01A_ECOR46	MFA7239184.1	22.864	398	277	10	1	372	1	394	0.0	771	41.21
HEC-01A_ECOR46	MDP2647476.1	21.859	398	282	9	1	372	1	395	0.0	767	40.45
HEC-01A_ECOR46	MEK7674486.1	20.301	399	286	10	1	372	1	394	0.0	766	38.35
HEC-01A_ECOR46	MBZ4201941.1	22.306	399	278	10	1	372	1	394	0.0	765	41.85
HEC-01A_ECOR46	RKZ08232.1	22.111	398	281	9	1	372	1	395	0.0	763	39.95
HEC-01A_ECOR46	RWX51043.1	20.854	398	286	9	1	372	1	395	0.0	763	39.20
HEC-01A_ECOR46	MBI5556293.1	22.807	399	276	10	1	372	1	394	0.0	763	40.35
HEC-01A_ECOR46	WP_103919732.1	21.608	398	283	9	1	372	1	395	0.0	761	40.20
HEC-01A_ECOR46	MFH0797685.1	20.301	399	286	10	1	372	1	394	0.0	760	39.85
HEC-01A_ECOR46	MEN9597561.1	21.053	399	283	10	1	372	1	394	0.0	760	40.10
HEC-01A_ECOR46	MBI5234972.1	20.301	399	286	10	1	372	1	394	0.0	760	39.60
HEC-01A_ECOR46	MBI5142154.1	22.556	399	277	10	1	372	1	394	0.0	759	41.35
HEC-01A_ECOR46	MEI6260613.1	21.805	399	280	10	1	372	1	394	0.0	759	40.85
HEC-01A_ECOR46	MBT3185864.1	21.554	399	281	10	1	372	1	394	0.0	759	40.60
HEC-01A_ECOR46	NLX55622.1	22.864	398	277	9	1	372	1	394	0.0	759	40.70
HEC-01A_ECOR46	WP_282276101.1	22.556	399	279	10	1	372	1	396	0.0	759	41.35
HEC-01A_ECOR46	MBA3011787.1	21.805	399	280	10	1	372	1	394	0.0	759	39.35
HEC-01A_ECOR46	MFH0994157.1	21.106	398	285	9	1	372	1	395	0.0	758	41.46
HEC-01A_ECOR46	WP_073472919.1	21.053	399	283	10	1	372	1	394	0.0	758	39.60
HEC-01A_ECOR46	MCE1226002.1	21.357	398	284	9	1	372	1	395	0.0	758	38.69
HEC-01A_ECOR46	WP_120797615.1	21.303	399	282	10	1	372	1	394	0.0	758	39.10
HEC-01A_ECOR46	MCF6211653.1	21.106	398	285	9	1	372	1	395	0.0	757	39.70
HEC-01A_ECOR46	SPD73309.1	21.106	398	285	9	1	372	1	395	0.0	757	40.20
HEC-01A_ECOR46	ETW93243.1	20.352	398	288	9	1	372	1	395	0.0	756	40.20
HEC-01A_ECOR46	HEX5361865.1	23.559	399	275	10	1	372	1	396	0.0	756	40.10
HEC-01A_ECOR46	MCC5847659.1	21.106	398	285	9	1	372	1	395	0.0	756	41.21
HEC-01A_ECOR46	WP_184422718.1	22.807	399	278	10	1	372	1	396	0.0	756	40.35
HEC-01A_ECOR46	WP_300076682.1	22.807	399	278	10	1	372	1	396	0.0	756	39.60
HEC-01A_ECOR46	WP_243650994.1	20.854	398	286	9	1	372	25	419	0.0	755	39.70
HEC-01A_ECOR46	MFQ5673682.1	21.554	399	279	10	1	370	1	394	0.0	755	39.85
HEC-01A_ECOR46	WP_159653309.1	22.055	399	279	10	1	372	1	394	0.0	755	40.85
HEC-01A_ECOR46	WP_130550602.1	23.810	399	274	10	1	372	1	396	0.0	754	40.85
HEC-01A_ECOR46	MDQ3459100.1	22.222	396	279	9	1	372	1	391	0.0	754	40.91
HEC-01A_ECOR46	TVS21045.1	22.111	398	281	9	1	372	1	395	0.0	754	39.45
HEC-01A_ECOR46	WP_279782864.1	22.556	399	279	10	1	372	1	396	0.0	754	40.35
HEC-01A_ECOR46	MDH4224614.1	21.805	399	280	10	1	372	1	394	0.0	754	40.60
HEC-01A_ECOR46	WP_066015225.1	23.367	398	275	10	1	372	1	394	0.0	754	42.21
HEC-01A_ECOR46	NMW22275.1	22.306	399	278	10	1	372	1	394	0.0	753	39.60
HEC-01A_ECOR46	RYU57050.1	21.393	402	281	11	1	372	1	397	0.0	753	40.05
HEC-01A_ECOR46	WP_263079884.1	24.372	398	271	10	1	372	1	394	0.0	753	42.46
HEC-01A_ECOR46	MDR0780393.1	23.058	399	277	10	1	372	1	396	0.0	753	41.10
HEC-01A_ECOR46	HNS18906.1	21.303	399	282	10	1	372	1	394	0.0	753	39.35
HEC-01A_ECOR46	WP_397486628.1	23.058	399	277	10	1	372	1	396	0.0	753	40.35
HEC-01A_ECOR46	WP_378165058.1	22.807	399	278	10	1	372	1	396	0.0	753	40.60
HEC-01A_ECOR46	WP_267833425.1	23.810	399	274	10	1	372	1	396	0.0	753	41.35
HEC-01A_ECOR46	MCI5113391.1	21.357	398	284	9	1	372	1	395	0.0	753	39.70
HEC-01A_ECOR46	WP_215863133.1	22.556	399	279	10	1	372	1	396	0.0	753	40.35
HEC-01A_ECOR46	WP_129353448.1	22.055	399	279	10	1	372	1	394	0.0	753	39.85
HEC-01A_ECOR46	MDX2034024.1	22.589	394	276	9	1	370	1	389	0.0	753	41.37
HEC-01A_ECOR46	MCO6453798.1	21.106	398	286	8	1	372	1	396	0.0	753	40.20
HEC-01A_ECOR46	MCP4702594.1	20.854	398	287	8	1	372	1	396	0.0	752	39.95
HEC-01A_ECOR46	OGR05904.1	22.500	400	277	11	1	372	1	395	0.0	752	40.50
HEC-01A_ECOR46	HPS01811.1	22.306	399	278	10	1	372	1	394	0.0	752	40.35
HEC-01A_ECOR46	WP_207689502.1	21.053	399	283	10	1	372	1	394	0.0	752	39.85
HEC-01A_ECOR46	WP_313348680.1	22.111	398	281	9	1	372	1	395	0.0	752	40.70
HEC-01A_ECOR46	MFT5419588.1	21.159	397	286	8	1	372	1	395	0.0	751	40.55
HEC-01A_ECOR46	MDP8244212.1	21.053	399	283	10	1	372	1	394	0.0	751	41.85
HEC-01A_ECOR46	WP_129052010.1	22.362	398	280	9	1	372	1	395	0.0	751	39.70
HEC-01A_ECOR46	MCC6126887.1	21.696	401	280	10	1	372	1	396	0.0	751	40.90
HEC-01A_ECOR46	WP_045778856.1	22.306	399	280	10	1	372	1	396	0.0	751	39.60
HEC-01A_ECOR46	MBI3358084.1	19.549	399	289	10	1	372	1	394	0.0	751	38.85
HEC-01A_ECOR46	MDR3555649.1	22.306	399	278	10	1	372	1	394	0.0	751	40.10
HEC-01A_ECOR46	MCL5123681.1	21.750	400	280	11	1	372	1	395	0.0	750	42.00
HEC-01A_ECOR46	MBD3378186.1	20.655	397	287	9	1	372	1	394	0.0	750	40.05
HEC-01A_ECOR46	MCF6355471.1	20.101	398	289	9	1	372	1	395	0.0	750	39.70
HEC-01A_ECOR46	MEA3412891.1	21.106	398	285	9	1	372	1	395	0.0	750	40.45
HEC-01A_ECOR46	NLF99033.1	20.802	399	286	10	1	372	1	396	0.0	750	40.35
HEC-01A_ECOR46	NLF07045.1	22.195	401	278	10	1	372	1	396	0.0	750	40.15
HEC-01A_ECOR46	WP_155316143.1	22.306	399	278	10	1	372	1	394	0.0	750	39.85
HEC-01A_ECOR46	MFH0726154.1	21.303	399	282	10	1	372	1	394	0.0	750	40.10
HEC-01A_ECOR46	MBU2552102.1	22.613	398	279	9	1	372	1	395	0.0	750	41.21
HEC-01A_ECOR46	MEN8215740.1	19.849	398	289	10	1	372	1	394	0.0	750	40.95
HEC-01A_ECOR46	WP_289021049.1	22.055	399	279	10	1	372	1	394	0.0	750	40.35
HEC-01A_ECOR46	MDD5674630.1	19.549	399	289	10	1	372	1	394	0.0	749	39.35
HEC-01A_ECOR46	WP_324695513.1	22.864	398	278	9	1	372	1	395	0.0	749	41.21
HEC-01A_ECOR46	NNN06724.1	21.554	399	281	10	1	372	1	394	0.0	749	39.85
HEC-01A_ECOR46	WP_173085570.1	22.306	399	278	10	1	372	1	394	0.0	749	40.85
HEC-01A_ECOR46	WP_012584209.1	22.556	399	279	10	1	372	1	396	0.0	749	40.35
HEC-01A_ECOR46	MEJ2045816.1	20.551	399	285	10	1	372	1	394	0.0	749	39.35
HEC-01A_ECOR46	MBS9783455.1	21.859	398	279	10	1	371	1	393	0.0	749	39.45
HEC-01A_ECOR46	MBI4937109.1	22.111	398	280	10	1	372	1	394	0.0	749	40.70
HEC-01A_ECOR46	MBN1653742.1	20.050	399	287	10	1	372	1	394	0.0	748	38.10
HEC-01A_ECOR46	WP_196291895.1	21.106	398	286	8	1	372	1	396	0.0	748	38.69
HEC-01A_ECOR46	WP_145245400.1	21.357	398	284	9	1	372	1	395	0.0	748	40.70
HEC-01A_ECOR46	NIA31128.1	21.608	398	283	9	1	372	1	395	0.0	748	39.70
HEC-01A_ECOR46	WP_340335143.1	22.864	398	277	10	1	372	1	394	0.0	748	39.45
HEC-01A_ECOR46	WP_345304695.1	23.308	399	276	10	1	372	1	396	0.0	748	40.10
HEC-01A_ECOR46	MDD4016352.1	20.200	401	286	10	1	372	1	396	0.0	748	39.15
HEC-01A_ECOR46	VFJ66553.1	21.554	399	281	10	1	372	1	394	0.0	748	40.10
HEC-01A_ECOR46	WP_305452113.1	22.111	398	280	10	1	372	1	394	0.0	748	40.45
HEC-01A_ECOR46	MSU48916.1	19.298	399	290	10	1	372	1	394	0.0	748	38.10
HEC-01A_ECOR46	MDP4028083.1	22.613	398	277	11	1	372	1	393	0.0	748	40.45
HEC-01A_ECOR46	WP_207162188.1	22.886	402	275	11	1	372	1	397	0.0	748	40.80
HEC-01A_ECOR46	WP_135445663.1	20.301	399	286	10	1	372	1	394	0.0	748	39.10
HEC-01A_ECOR46	WP_285906055.1	23.308	399	274	10	1	372	1	394	0.0	748	39.85
HEC-01A_ECOR46	NOT11402.1	20.802	399	284	10	1	372	1	394	0.0	747	39.10
HEC-01A_ECOR46	MBF0161829.1	22.556	399	277	10	1	372	1	394	0.0	747	40.85
HEC-01A_ECOR46	VFK80015.1	21.197	401	282	10	1	372	1	396	0.0	747	38.90
HEC-01A_ECOR46	WP_094984215.1	21.608	398	283	9	1	372	1	395	0.0	747	38.94
HEC-01A_ECOR46	WP_196957119.1	21.608	398	284	8	1	372	1	396	0.0	747	39.45
HEC-01A_ECOR46	MCD8487029.1	22.111	398	280	10	1	372	1	394	0.0	746	40.95
HEC-01A_ECOR46	HHB75555.1	20.301	399	286	10	1	372	1	394	0.0	746	40.35
HEC-01A_ECOR46	WP_265061852.1	20.655	397	287	9	1	372	1	394	0.0	746	39.29
HEC-01A_ECOR46	WP_386026465.1	22.055	399	281	10	1	372	1	396	0.0	746	40.10
HEC-01A_ECOR46	MBI1762756.1	21.970	396	280	9	1	372	1	391	0.0	746	41.16
HEC-01A_ECOR46	MFN0110382.1	22.475	396	278	9	1	372	1	391	0.0	746	40.91
HEC-01A_ECOR46	WP_368655685.1	23.058	399	277	10	1	372	1	396	0.0	746	40.35
HEC-01A_ECOR46	MDI9423222.1	21.303	399	282	10	1	372	1	394	0.0	746	39.10
HEC-01A_ECOR46	HSN22874.1	20.603	398	287	9	1	372	1	395	0.0	746	39.70
HEC-01A_ECOR46	PKO41313.1	21.144	402	282	11	1	372	1	397	0.0	746	40.55
HEC-01A_ECOR46	MBF0169780.1	21.053	399	283	10	1	372	1	394	0.0	745	39.10
HEC-01A_ECOR46	MEZ5660049.1	22.556	399	279	10	1	372	1	396	0.0	745	40.35
HEC-01A_ECOR46	MBD3726878.1	21.859	398	282	9	1	372	1	395	0.0	745	40.95
HEC-01A_ECOR46	OGR60997.1	19.298	399	290	10	1	372	1	394	0.0	745	38.60
HEC-01A_ECOR46	RUQ35354.1	22.055	399	281	10	1	372	1	396	0.0	745	38.85
HEC-01A_ECOR46	MDH4451408.1	22.807	399	278	10	1	372	1	396	0.0	745	40.60
HEC-01A_ECOR46	MBK7563847.1	22.613	398	279	9	1	372	1	395	0.0	745	40.95
HEC-01A_ECOR46	WP_332111525.1	21.608	398	280	10	1	371	1	393	0.0	745	38.69
HEC-01A_ECOR46	NVK18521.1	20.802	399	284	10	1	372	1	394	0.0	745	39.35
HEC-01A_ECOR46	MBU0952768.1	21.303	399	282	10	1	372	1	394	0.0	744	39.60
HEC-01A_ECOR46	MDD5033625.1	22.556	399	279	10	1	372	1	396	0.0	744	39.85
HEC-01A_ECOR46	WP_300160428.1	23.058	399	277	10	1	372	1	396	0.0	744	40.60
HEC-01A_ECOR46	MBI5658192.1	21.642	402	280	11	1	372	1	397	0.0	744	40.80
HEC-01A_ECOR46	MBT8420843.1	20.854	398	286	9	1	372	1	395	0.0	744	40.20
HEC-01A_ECOR46	MBF0334342.1	21.000	400	283	11	1	372	1	395	0.0	744	39.25
HEC-01A_ECOR46	WP_101747280.1	22.362	398	279	10	1	372	1	394	0.0	744	41.46
HEC-01A_ECOR46	MBU4304455.1	21.303	399	282	10	1	372	1	394	0.0	744	38.85
HEC-01A_ECOR46	MFN7538004.1	23.058	399	277	10	1	372	1	396	0.0	744	40.35
HEC-01A_ECOR46	WP_300508316.1	21.859	398	281	10	1	372	1	394	0.0	744	41.46
HEC-01A_ECOR46	WP_374339997.1	23.058	399	277	10	1	372	1	396	0.0	744	39.85
HEC-01A_ECOR46	MEF8703654.1	23.559	399	275	10	1	372	1	396	0.0	744	39.10
HEC-01A_ECOR46	MBD3807755.1	21.357	398	283	10	1	372	1	394	0.0	744	41.71
HEC-01A_ECOR46	WP_346450740.1	23.559	399	275	10	1	372	1	396	0.0	743	40.60
HEC-01A_ECOR46	VFK14695.1	20.948	401	283	10	1	372	1	396	0.0	743	39.15
HEC-01A_ECOR46	WP_187319440.1	22.362	398	281	8	1	372	1	396	0.0	743	39.20
HEC-01A_ECOR46	NUP95851.1	23.881	402	271	12	1	372	1	397	0.0	743	41.54
HEC-01A_ECOR46	WP_022849835.1	21.053	399	283	10	1	372	1	394	0.0	743	40.10
HEC-01A_ECOR46	MBI5601736.1	22.750	400	276	11	1	372	1	395	0.0	743	41.00
HEC-01A_ECOR46	WP_043567556.1	22.055	399	281	10	1	372	1	396	0.0	743	39.35
HEC-01A_ECOR46	MFA7605616.1	21.106	398	285	9	1	372	1	395	0.0	743	39.45
HEC-01A_ECOR46	WP_062268998.1	24.372	398	271	10	1	372	1	394	0.0	742	42.96
HEC-01A_ECOR46	WP_300505432.1	22.613	398	278	10	1	372	1	394	0.0	742	41.21
HEC-01A_ECOR46	VFK59594.1	20.854	398	282	10	1	368	1	395	0.0	742	39.95
HEC-01A_ECOR46	WP_272129375.1	23.116	398	276	10	1	372	1	394	0.0	742	40.95
HEC-01A_ECOR46	MFT5163869.1	23.367	398	275	10	1	372	1	394	0.0	742	42.46
HEC-01A_ECOR46	MBF0309136.1	21.554	399	281	10	1	372	1	394	0.0	742	39.10
HEC-01A_ECOR46	MDX9841694.1	21.197	401	284	9	1	372	1	398	0.0	742	38.40
HEC-01A_ECOR46	HCB13425.1	21.106	398	285	9	1	372	1	395	0.0	742	38.44
HEC-01A_ECOR46	MDP1606595.1	22.613	398	279	9	1	372	1	395	0.0	742	39.95
HEC-01A_ECOR46	MCB1768454.1	20.551	399	285	10	1	372	1	394	0.0	742	39.85
HEC-01A_ECOR46	WP_305646107.1	23.116	398	276	10	1	372	1	394	0.0	741	40.20
HEC-01A_ECOR46	WP_293645325.1	20.802	399	284	10	1	372	1	394	0.0	741	39.85
HEC-01A_ECOR46	MEI6603609.1	23.559	399	275	10	1	372	1	396	0.0	741	39.60
HEC-01A_ECOR46	MFV2055647.1	19.598	398	288	10	1	371	1	393	0.0	741	38.44
HEC-01A_ECOR46	NJL89904.1	22.864	398	277	10	1	372	1	394	0.0	741	41.46
HEC-01A_ECOR46	MEA3333400.1	20.802	399	284	10	1	372	1	394	0.0	741	40.10
HEC-01A_ECOR46	MDL2322330.1	20.301	399	286	10	1	372	1	394	0.0	741	39.85
HEC-01A_ECOR46	WP_027389467.1	21.805	399	282	10	1	372	1	396	0.0	741	39.85
HEC-01A_ECOR46	OQY60010.1	20.603	398	284	10	1	371	1	393	0.0	741	38.94
HEC-01A_ECOR46	WP_321331955.1	22.864	398	278	9	1	372	1	395	0.0	741	39.45
HEC-01A_ECOR46	WP_300001263.1	22.807	399	276	10	1	372	1	394	0.0	741	39.85
HEC-01A_ECOR46	MFM8900954.1	19.900	402	287	11	1	372	1	397	0.0	740	41.29
HEC-01A_ECOR46	WP_124078190.1	23.116	398	277	9	1	372	1	395	0.0	740	39.70
HEC-01A_ECOR46	WP_231583829.1	22.111	398	282	8	1	372	26	421	0.0	740	40.45
HEC-01A_ECOR46	MEA3360869.1	19.598	398	291	9	1	372	1	395	0.0	740	40.20
HEC-01A_ECOR46	HLC16508.1	20.250	400	286	11	1	372	1	395	0.0	740	40.00
HEC-01A_ECOR46	WP_414246422.1	20.854	398	286	9	1	372	1	395	0.0	740	39.95
HEC-01A_ECOR46	MFO1494769.1	21.357	398	283	10	1	372	1	394	0.0	740	39.45
HEC-01A_ECOR46	MFT5497342.1	21.092	403	285	11	1	372	1	401	0.0	739	39.21
HEC-01A_ECOR46	WP_096463250.1	22.670	397	277	10	1	372	1	392	0.0	739	38.29
HEC-01A_ECOR46	MCU7935591.1	20.352	398	285	10	1	371	1	393	0.0	739	40.20
HEC-01A_ECOR46	MES9903320.1	18.546	399	293	10	1	372	1	394	0.0	739	37.09
HEC-01A_ECOR46	MFT5322198.1	21.750	400	280	11	1	372	1	395	0.0	739	41.50
HEC-01A_ECOR46	WP_116688399.1	23.869	398	273	10	1	372	1	394	0.0	739	42.71
HEC-01A_ECOR46	WP_124888033.1	21.357	398	285	8	1	372	1	396	0.0	739	40.20
HEC-01A_ECOR46	WP_020229910.1	20.896	402	283	11	1	372	1	397	0.0	739	40.55
HEC-01A_ECOR46	PCI38862.1	21.303	399	282	10	1	372	1	394	0.0	739	40.10
HEC-01A_ECOR46	HRF55775.1	21.608	398	282	10	1	372	1	394	0.0	739	41.71
HEC-01A_ECOR46	WP_394478491.1	22.055	399	281	10	1	372	1	396	0.0	739	41.10
HEC-01A_ECOR46	WP_373481097.1	21.357	398	283	10	1	372	1	394	0.0	739	40.70
HEC-01A_ECOR46	WP_103858988.1	20.802	399	284	10	1	372	1	394	0.0	739	37.34
HEC-01A_ECOR46	TVP76466.1	21.554	399	281	10	1	372	1	394	0.0	739	41.60
HEC-01A_ECOR46	WP_374278165.1	21.608	398	282	10	1	372	1	394	0.0	739	41.21
HEC-01A_ECOR46	WP_163371963.1	20.050	399	287	10	1	372	1	394	0.0	738	39.10
HEC-01A_ECOR46	WP_300666970.1	19.849	398	287	10	1	371	1	393	0.0	738	38.69
HEC-01A_ECOR46	BAU66054.1	21.357	398	283	10	1	372	1	394	0.0	738	39.70
HEC-01A_ECOR46	MFM1979736.1	23.559	399	275	10	1	372	1	396	0.0	738	40.10
HEC-01A_ECOR46	WP_205241533.1	21.357	398	284	9	1	372	1	395	0.0	738	39.45
HEC-01A_ECOR46	WP_049225494.1	21.357	398	284	9	1	372	1	395	0.0	738	39.70
HEC-01A_ECOR46	WP_353737368.1	22.111	398	280	10	1	372	1	394	0.0	738	40.70
HEC-01A_ECOR46	WP_213377964.1	20.647	402	284	11	1	372	1	397	0.0	738	39.55
HEC-01A_ECOR46	WP_041963057.1	20.802	399	284	10	1	372	1	394	0.0	738	39.60
HEC-01A_ECOR46	TVQ11310.1	21.106	398	284	10	1	372	1	394	0.0	738	40.95
HEC-01A_ECOR46	HLA35013.1	21.859	398	281	10	1	372	1	394	0.0	738	40.20
HEC-01A_ECOR46	HUT09729.1	21.212	396	282	10	1	372	1	390	0.0	738	38.89
HEC-01A_ECOR46	WP_182517581.1	22.166	397	281	9	1	372	1	394	0.0	738	40.55
HEC-01A_ECOR46	WP_200375939.1	20.896	402	283	11	1	372	1	397	0.0	738	39.80
HEC-01A_ECOR46	MDO5103554.1	22.613	398	277	11	1	371	1	394	0.0	738	41.46
HEC-01A_ECOR46	MDR2786418.1	22.111	398	280	10	1	372	1	394	0.0	737	40.20
HEC-01A_ECOR46	WP_129140348.1	22.111	398	281	9	1	372	1	395	0.0	737	41.21
HEC-01A_ECOR46	WP_099435532.1	22.864	398	277	10	1	372	1	394	0.0	737	41.46
HEC-01A_ECOR46	MEI6429112.1	22.500	400	278	11	1	372	1	396	0.0	737	40.50
HEC-01A_ECOR46	WP_274373431.1	23.500	400	274	10	1	373	1	395	0.0	737	41.25
HEC-01A_ECOR46	MBM3997945.1	22.362	398	280	9	1	372	1	395	0.0	737	38.69
HEC-01A_ECOR46	WP_304838240.1	20.301	399	286	10	1	372	1	394	0.0	737	39.35
HEC-01A_ECOR46	MEO0407711.1	20.352	398	288	9	1	372	1	395	0.0	737	38.94
HEC-01A_ECOR46	MCC7312962.1	20.647	402	284	11	1	372	1	397	0.0	737	40.30
HEC-01A_ECOR46	WP_204105865.1	22.166	397	280	10	1	372	1	393	0.0	736	41.06
HEC-01A_ECOR46	TAK37516.1	23.308	399	274	11	1	372	1	394	0.0	736	42.11
HEC-01A_ECOR46	MDP3228698.1	21.106	398	284	10	1	372	1	394	0.0	736	39.20
HEC-01A_ECOR46	WP_026785453.1	22.362	398	279	10	1	372	1	394	0.0	736	41.71
HEC-01A_ECOR46	WP_283755056.1	22.111	398	280	10	1	372	1	394	0.0	736	40.45
HEC-01A_ECOR46	WP_096668562.1	23.441	401	273	11	1	372	1	396	0.0	736	40.15
HEC-01A_ECOR46	MCD4727129.1	22.500	400	276	10	1	371	1	395	0.0	736	41.00
HEC-01A_ECOR46	EGF30725.1	21.393	402	281	11	1	372	1	397	0.0	736	39.80
HEC-01A_ECOR46	WP_108648666.1	21.357	398	283	10	1	372	1	394	0.0	736	40.70
HEC-01A_ECOR46	WP_318733754.1	22.613	398	278	10	1	372	1	394	0.0	736	40.70
HEC-01A_ECOR46	MCU0754746.1	22.807	399	278	10	1	372	1	396	0.0	736	40.60
HEC-01A_ECOR46	UJP05794.1	22.556	399	279	10	1	372	1	396	0.0	736	40.35
HEC-01A_ECOR46	MCH7591668.1	19.154	402	290	10	1	372	1	397	0.0	736	36.82
HEC-01A_ECOR46	MCY2964871.1	21.554	399	281	10	1	372	1	394	0.0	736	38.35
HEC-01A_ECOR46	MEI7820661.1	21.000	400	283	11	1	372	1	395	0.0	736	38.50
HEC-01A_ECOR46	WP_343293799.1	22.785	395	274	11	1	368	1	391	0.0	736	40.76
HEC-01A_ECOR46	MFO7535738.1	21.805	399	280	10	1	372	1	394	0.0	736	38.10
HEC-01A_ECOR46	WP_165076208.1	19.747	395	285	10	1	368	1	390	0.0	736	38.73
HEC-01A_ECOR46	WP_125095268.1	22.362	398	278	11	1	371	1	394	0.0	736	41.96
HEC-01A_ECOR46	WP_349276975.1	20.896	402	283	11	1	372	1	397	0.0	735	41.29
HEC-01A_ECOR46	MBU1239204.1	21.608	398	283	9	1	372	1	395	0.0	735	38.94
HEC-01A_ECOR46	MEE9382518.1	21.092	403	283	11	1	373	1	398	0.0	735	40.20
HEC-01A_ECOR46	WP_094559811.1	21.805	399	282	10	1	372	1	396	0.0	735	39.35
HEC-01A_ECOR46	MBF0290451.1	20.551	399	285	10	1	372	1	394	0.0	735	40.35
HEC-01A_ECOR46	MCI0514546.1	23.308	399	274	10	1	372	1	394	0.0	735	40.10
HEC-01A_ECOR46	TSA09331.1	21.859	398	281	10	1	372	1	394	0.0	735	39.20
HEC-01A_ECOR46	MCB9299288.1	24.874	398	268	10	1	372	1	393	0.0	735	42.46
HEC-01A_ECOR46	WP_231682164.1	23.426	397	274	10	1	372	1	392	0.0	735	40.81
HEC-01A_ECOR46	MBF0627263.1	21.053	399	283	10	1	372	1	394	0.0	735	39.10
HEC-01A_ECOR46	MDQ7073723.1	19.095	398	290	10	1	371	1	393	0.0	735	38.94
HEC-01A_ECOR46	WP_287297868.1	22.864	398	277	10	1	372	1	394	0.0	735	39.95
HEC-01A_ECOR46	WP_131992174.1	21.891	402	279	11	1	372	1	397	0.0	734	42.04
HEC-01A_ECOR46	MBT3309289.1	19.598	398	288	10	1	371	1	393	0.0	734	39.45
HEC-01A_ECOR46	HQP89237.1	22.388	402	277	11	1	372	1	397	0.0	734	41.04
HEC-01A_ECOR46	WP_300017216.1	22.556	399	277	10	1	372	1	394	0.0	734	40.60
HEC-01A_ECOR46	MCC6130027.1	22.139	402	278	11	1	372	1	397	0.0	734	41.29
HEC-01A_ECOR46	MCP4370495.1	20.301	399	286	10	1	372	1	394	0.0	734	39.10
HEC-01A_ECOR46	WP_296923248.1	21.859	398	281	10	1	372	1	394	0.0	734	39.70
HEC-01A_ECOR46	MEW7986754.1	20.101	398	289	9	1	372	1	395	0.0	734	40.20
HEC-01A_ECOR46	WP_010104811.1	21.859	398	281	10	1	372	1	394	0.0	734	39.45
HEC-01A_ECOR46	WP_250629887.1	24.623	398	269	10	1	372	1	393	0.0	734	41.96
HEC-01A_ECOR46	WP_011811862.1	22.306	399	278	11	1	371	1	395	0.0	734	40.35
HEC-01A_ECOR46	MBF0130212.1	20.500	400	285	11	1	372	1	395	0.0	734	39.00
HEC-01A_ECOR46	WP_092392787.1	22.613	398	278	10	1	372	1	394	0.0	734	39.95
HEC-01A_ECOR46	WP_084630630.1	21.859	398	282	9	1	372	1	395	0.0	734	38.69
HEC-01A_ECOR46	MDP1692249.1	21.106	398	284	10	1	372	1	394	0.0	734	39.95
HEC-01A_ECOR46	MBF0132358.1	22.306	399	278	10	1	372	1	394	0.0	734	40.60
HEC-01A_ECOR46	WP_271468792.1	20.099	403	286	11	1	372	1	398	0.0	734	39.45
HEC-01A_ECOR46	WP_193993127.1	20.551	399	287	10	1	372	1	396	0.0	734	40.35
HEC-01A_ECOR46	MBI3205297.1	22.139	402	278	11	1	372	1	397	0.0	734	41.79
HEC-01A_ECOR46	MBW7874904.1	21.859	398	279	10	1	371	1	393	0.0	733	39.20
HEC-01A_ECOR46	MFA5170748.1	22.111	398	280	10	1	372	1	394	0.0	733	40.45
HEC-01A_ECOR46	MDZ4779073.1	22.475	396	277	10	1	372	1	390	0.0	733	40.66
HEC-01A_ECOR46	MBF0237183.1	19.799	399	288	10	1	372	1	394	0.0	733	41.10
HEC-01A_ECOR46	MBN1883902.1	22.222	396	278	10	1	372	1	390	0.0	733	40.66
HEC-01A_ECOR46	MDR2839092.1	22.388	402	277	11	1	372	1	397	0.0	733	40.80
HEC-01A_ECOR46	MDJ0744008.1	21.357	398	283	10	1	372	1	394	0.0	733	38.69
HEC-01A_ECOR46	WP_230842751.1	23.174	397	275	10	1	372	1	392	0.0	733	40.30
HEC-01A_ECOR46	HEX5052993.1	22.727	396	276	10	1	372	1	390	0.0	733	40.40
HEC-01A_ECOR46	WP_028587086.1	21.608	398	283	9	1	372	1	395	0.0	733	39.95
HEC-01A_ECOR46	MBF0428476.1	22.055	399	279	10	1	372	1	394	0.0	733	40.35
HEC-01A_ECOR46	MCL5946392.1	20.802	399	284	10	1	372	1	394	0.0	733	39.10
HEC-01A_ECOR46	WP_319566465.1	22.807	399	278	10	1	372	1	396	0.0	733	40.35
HEC-01A_ECOR46	WP_103115159.1	21.144	402	282	11	1	372	1	397	0.0	733	41.29
HEC-01A_ECOR46	MDM8551515.1	20.050	399	287	10	1	372	1	394	0.0	733	38.85
HEC-01A_ECOR46	WP_313071546.1	21.357	398	284	9	1	372	1	395	0.0	733	38.44
HEC-01A_ECOR46	MCK5687810.1	21.554	399	281	10	1	372	1	394	0.0	733	41.35
HEC-01A_ECOR46	MBK6999564.1	22.195	401	277	11	2	372	3	398	0.0	733	40.65
HEC-01A_ECOR46	MEM9213010.1	20.352	398	288	9	1	372	1	395	0.0	732	39.20
HEC-01A_ECOR46	MEO7733431.1	22.475	396	277	10	1	372	1	390	0.0	732	40.15
HEC-01A_ECOR46	WP_293097947.1	22.362	398	279	10	1	372	1	394	0.0	732	40.95
HEC-01A_ECOR46	MDR2049038.1	22.362	398	279	10	1	372	1	394	0.0	732	40.70
HEC-01A_ECOR46	MEZ4607317.1	21.945	401	279	11	1	372	1	396	0.0	732	39.90
HEC-01A_ECOR46	MCM0608777.1	20.347	403	285	11	1	372	1	398	0.0	732	39.95
HEC-01A_ECOR46	WP_128229210.1	22.670	397	279	9	1	372	1	394	0.0	732	39.55
HEC-01A_ECOR46	MBF0585291.1	20.854	398	286	9	1	372	1	395	0.0	732	39.95
HEC-01A_ECOR46	TGO03087.1	20.352	398	287	10	1	372	1	394	0.0	732	41.46
HEC-01A_ECOR46	PZN74532.1	20.398	402	285	11	1	372	1	397	0.0	732	41.04
HEC-01A_ECOR46	MCH8127549.1	19.900	402	287	10	1	372	1	397	0.0	731	38.06
HEC-01A_ECOR46	WP_096831936.1	21.859	398	281	10	1	372	1	394	0.0	731	40.45
HEC-01A_ECOR46	MFP4419034.1	20.551	399	287	10	1	372	1	396	0.0	731	40.35
HEC-01A_ECOR46	WP_390624707.1	23.737	396	271	10	1	372	1	389	0.0	731	40.91
HEC-01A_ECOR46	MBF0481908.1	21.357	398	284	9	1	372	1	395	0.0	731	38.94
HEC-01A_ECOR46	WP_080589889.1	22.111	398	280	10	1	372	1	394	0.0	731	39.95
HEC-01A_ECOR46	MBF0164336.1	22.055	399	279	10	1	372	1	394	0.0	731	39.85
HEC-01A_ECOR46	MBW2298115.1	21.608	398	283	9	1	372	1	395	0.0	731	40.45
HEC-01A_ECOR46	WP_027995315.1	21.554	399	283	10	1	372	1	396	0.0	731	38.85
HEC-01A_ECOR46	MCF8075900.1	21.859	398	282	9	1	372	1	395	0.0	731	39.70
HEC-01A_ECOR46	WP_022982176.1	22.362	398	280	9	1	372	1	395	0.0	731	39.95
HEC-01A_ECOR46	MCB1598394.1	21.859	398	281	10	1	372	1	394	0.0	731	40.70
HEC-01A_ECOR46	MEI8018320.1	21.970	396	279	10	1	372	1	390	0.0	730	39.90
HEC-01A_ECOR46	GHT82088.1	21.608	398	283	9	1	372	1	395	0.0	730	40.45
HEC-01A_ECOR46	WP_233363028.1	21.500	400	284	10	1	372	1	398	0.0	730	38.25
HEC-01A_ECOR46	WP_007783279.1	20.907	397	284	10	1	372	1	392	0.0	730	37.53
HEC-01A_ECOR46	MEW6427843.1	20.948	401	282	11	1	371	1	396	0.0	730	40.90
HEC-01A_ECOR46	MBF0414571.1	22.556	399	277	10	1	372	1	394	0.0	730	40.10
HEC-01A_ECOR46	MDD3553581.1	22.785	395	275	10	1	371	1	389	0.0	730	41.27
HEC-01A_ECOR46	MBM2813612.1	20.455	396	286	9	1	372	1	391	0.0	730	40.91
HEC-01A_ECOR46	WP_273470690.1	20.854	398	286	10	1	372	1	395	0.0	730	38.69
HEC-01A_ECOR46	WP_215579368.1	21.357	398	282	11	1	372	1	393	0.0	730	39.95
HEC-01A_ECOR46	WP_373548825.1	25.126	398	268	10	1	372	1	394	0.0	730	44.47
HEC-01A_ECOR46	MES2595409.1	21.000	400	283	11	1	372	1	395	0.0	730	39.75
HEC-01A_ECOR46	WP_272116080.1	22.166	397	280	10	1	372	1	393	0.0	730	40.55
HEC-01A_ECOR46	MCP5246878.1	20.301	399	288	10	1	372	1	396	0.0	729	39.35
HEC-01A_ECOR46	WP_071706665.1	20.750	400	287	10	1	372	1	398	0.0	729	36.75
HEC-01A_ECOR46	MCC7492818.1	23.618	398	275	9	1	372	1	395	0.0	729	38.94
HEC-01A_ECOR46	WP_169257282.1	22.362	398	278	11	1	371	1	394	0.0	729	41.46
HEC-01A_ECOR46	NOY93444.1	19.849	398	290	9	1	372	1	395	0.0	729	37.44
HEC-01A_ECOR46	WP_087044852.1	21.608	398	281	11	1	371	1	394	0.0	729	40.95
HEC-01A_ECOR46	MFO7911287.1	21.266	395	281	10	1	371	1	389	0.0	729	40.51
HEC-01A_ECOR46	MDY0362100.1	20.352	398	288	9	1	372	1	395	0.0	729	40.20
HEC-01A_ECOR46	WP_117618932.1	20.655	397	288	8	1	372	1	395	0.0	729	38.79
HEC-01A_ECOR46	WP_097113936.1	21.859	398	282	9	1	372	1	395	0.0	729	39.70
HEC-01A_ECOR46	WP_218285164.1	22.475	396	277	10	1	372	1	390	0.0	729	39.65
HEC-01A_ECOR46	WP_028599394.1	23.426	397	274	10	1	372	1	392	0.0	729	39.55
HEC-01A_ECOR46	WP_006101990.1	21.608	398	282	10	1	372	1	394	0.0	729	39.70
HEC-01A_ECOR46	WP_300138396.1	21.805	399	280	10	1	372	1	394	0.0	729	39.35
HEC-01A_ECOR46	WP_252178304.1	22.111	398	280	10	1	372	1	394	0.0	729	41.21
HEC-01A_ECOR46	WP_349246854.1	23.058	399	275	10	1	372	1	394	0.0	729	38.10
HEC-01A_ECOR46	MBF0109221.1	21.805	399	280	10	1	372	1	394	0.0	729	41.10
HEC-01A_ECOR46	MBP7719543.1	22.727	396	276	10	1	372	1	390	0.0	729	40.91
HEC-01A_ECOR46	OIP38100.1	21.393	402	281	11	1	372	1	397	0.0	729	40.30
HEC-01A_ECOR46	WP_013505616.1	20.603	398	287	9	1	372	1	395	0.0	729	39.45
HEC-01A_ECOR46	OGB32897.1	21.642	402	280	11	1	372	1	397	0.0	729	40.80
HEC-01A_ECOR46	HPQ71417.1	23.232	396	274	10	1	372	1	390	0.0	729	41.16
HEC-01A_ECOR46	WP_115611875.1	19.849	398	290	9	1	372	1	395	0.0	728	38.94
HEC-01A_ECOR46	WP_173807405.1	21.608	398	283	9	1	372	1	395	0.0	728	39.45
HEC-01A_ECOR46	PIQ06900.1	22.222	396	278	10	1	372	1	390	0.0	728	41.16
HEC-01A_ECOR46	OIP46637.1	19.950	401	286	11	1	371	1	396	0.0	728	41.40
HEC-01A_ECOR46	MBF0235671.1	20.301	399	286	10	1	372	1	394	0.0	728	38.35
HEC-01A_ECOR46	MDR1242434.1	21.053	399	283	10	1	372	1	394	0.0	728	41.10
HEC-01A_ECOR46	WP_200344896.1	21.608	398	283	9	1	372	1	395	0.0	728	39.70
HEC-01A_ECOR46	MBK8052081.1	23.367	398	274	10	1	372	1	393	0.0	728	41.46
HEC-01A_ECOR46	WP_220178340.1	19.701	401	291	10	1	372	1	399	0.0	728	37.91
HEC-01A_ECOR46	HNY01622.1	23.367	398	274	10	1	372	1	393	0.0	728	41.21
HEC-01A_ECOR46	MFA5597052.1	20.301	399	286	10	1	372	1	394	0.0	728	39.60
HEC-01A_ECOR46	MDT8446282.1	22.055	399	279	10	1	372	1	394	0.0	728	38.60
HEC-01A_ECOR46	MCY4261419.1	21.303	399	282	10	1	372	1	394	0.0	728	40.60
HEC-01A_ECOR46	WP_215477826.1	23.058	399	275	10	1	372	1	394	0.0	728	40.35
HEC-01A_ECOR46	MCK5056004.1	20.050	399	287	10	1	372	1	394	0.0	728	38.60
HEC-01A_ECOR46	MFP7756146.1	22.475	396	277	10	1	372	1	390	0.0	728	40.66
HEC-01A_ECOR46	WP_250197224.1	21.340	403	281	11	1	372	1	398	0.0	728	40.94
HEC-01A_ECOR46	MCY4182495.1	21.608	398	283	9	1	372	1	395	0.0	728	40.45
HEC-01A_ECOR46	WP_108286493.1	21.696	401	279	11	2	372	3	398	0.0	728	39.65
HEC-01A_ECOR46	MDR2446205.1	22.362	398	279	10	1	372	1	394	0.0	728	40.20
HEC-01A_ECOR46	MBL4702393.1	21.303	399	282	10	1	372	1	394	0.0	728	38.85
HEC-01A_ECOR46	HID98720.1	20.101	398	288	10	1	372	1	394	0.0	727	41.71
HEC-01A_ECOR46	WP_114983972.1	25.628	398	265	10	1	372	1	393	0.0	727	41.96
HEC-01A_ECOR46	MCP4158850.1	20.802	399	284	10	1	372	1	394	0.0	727	40.35
HEC-01A_ECOR46	MEO5376200.1	22.055	399	279	10	1	372	1	394	0.0	727	40.60
HEC-01A_ECOR46	PKO17984.1	21.197	401	282	11	1	372	1	396	0.0	727	38.65
HEC-01A_ECOR46	OGQ90709.1	20.896	402	283	11	1	372	1	397	0.0	727	41.04
HEC-01A_ECOR46	WP_201894252.1	22.807	399	278	10	1	372	1	396	0.0	727	39.85
HEC-01A_ECOR46	WP_012595974.1	22.111	398	280	10	1	372	1	394	0.0	727	41.71
HEC-01A_ECOR46	MCC6781255.1	23.232	396	274	10	1	372	1	390	0.0	727	40.40
HEC-01A_ECOR46	HZK85614.1	22.166	397	279	10	1	372	1	392	0.0	727	38.79
HEC-01A_ECOR46	MBI4567454.1	21.303	399	282	10	1	372	1	394	0.0	727	37.84
HEC-01A_ECOR46	MCA9654009.1	20.455	396	285	10	1	372	1	390	0.0	727	38.13
HEC-01A_ECOR46	MBF0138064.1	23.500	400	273	11	1	372	1	395	0.0	727	40.50
HEC-01A_ECOR46	MCK9223546.1	21.303	399	282	10	1	372	1	394	0.0	726	39.85
HEC-01A_ECOR46	MDR2937547.1	22.864	398	276	10	1	372	1	393	0.0	726	41.96
HEC-01A_ECOR46	MFQ5431167.1	20.050	399	287	10	1	372	1	394	0.0	726	38.85
HEC-01A_ECOR46	MCD4824550.1	19.403	402	289	10	1	372	1	397	0.0	726	37.81
HEC-01A_ECOR46	OQX05120.1	22.055	399	279	10	1	372	1	394	0.0	726	40.60
HEC-01A_ECOR46	PJB58767.1	24.623	398	269	10	1	372	1	393	0.0	726	41.96
HEC-01A_ECOR46	MBF0397663.1	22.556	399	277	10	1	372	1	394	0.0	726	40.85
HEC-01A_ECOR46	MBK6717220.1	21.891	402	279	11	1	372	1	397	0.0	726	41.04
HEC-01A_ECOR46	VFK15916.1	20.844	403	284	10	1	371	1	400	0.0	725	39.70
HEC-01A_ECOR46	WP_016953158.1	22.362	398	279	10	1	372	1	394	0.0	725	42.46
HEC-01A_ECOR46	MCR4317418.1	22.055	399	279	10	1	372	1	394	0.0	725	39.85
HEC-01A_ECOR46	MCG8556430.1	21.159	397	284	10	1	372	1	393	0.0	725	39.29
HEC-01A_ECOR46	MEZ4774358.1	23.618	398	273	10	1	372	1	393	0.0	725	42.96
HEC-01A_ECOR46	MCH7916929.1	19.403	402	287	11	3	372	5	401	0.0	725	36.07
HEC-01A_ECOR46	MDY0134199.1	21.608	398	281	11	1	371	1	394	0.0	725	40.70
HEC-01A_ECOR46	MFM2118543.1	21.340	403	281	11	1	372	1	398	0.0	725	40.45
HEC-01A_ECOR46	QDU83132.1	22.278	395	277	10	1	371	1	389	0.0	724	40.00
HEC-01A_ECOR46	WP_006765712.1	21.106	398	283	11	1	371	1	394	0.0	724	40.70
HEC-01A_ECOR46	PKL09947.1	21.805	399	280	10	1	372	1	394	0.0	724	39.35
HEC-01A_ECOR46	WP_114801818.1	22.864	398	276	11	1	371	1	394	0.0	724	40.95
HEC-01A_ECOR46	MFH1096673.1	19.403	402	289	10	1	372	1	397	0.0	724	38.56
HEC-01A_ECOR46	WP_132012184.1	20.200	401	288	10	1	372	1	398	0.0	724	40.15
HEC-01A_ECOR46	MCF8370703.1	24.121	398	271	10	1	372	1	393	0.0	724	42.71
HEC-01A_ECOR46	WP_279026866.1	21.197	401	285	10	1	372	1	399	0.0	724	38.40
HEC-01A_ECOR46	WP_208941607.1	22.111	398	279	11	1	371	1	394	0.0	724	40.95
HEC-01A_ECOR46	NLH98008.1	21.970	396	279	10	1	372	1	390	0.0	724	39.39
HEC-01A_ECOR46	MDQ7784166.1	21.519	395	280	10	1	371	1	389	0.0	724	41.52
HEC-01A_ECOR46	MEW6235724.1	21.053	399	283	10	1	372	1	394	0.0	724	40.35
HEC-01A_ECOR46	PIV36492.1	20.896	402	283	11	1	372	1	397	0.0	724	41.04
HEC-01A_ECOR46	WP_075257656.1	21.859	398	281	10	1	372	1	394	0.0	724	39.95
HEC-01A_ECOR46	MCA4894921.1	23.116	398	275	10	1	372	1	393	0.0	724	41.46
HEC-01A_ECOR46	HEX4960031.1	22.785	395	275	10	1	371	1	389	0.0	724	38.99
HEC-01A_ECOR46	MCA9588426.1	22.388	402	277	11	1	372	1	397	0.0	723	41.79
HEC-01A_ECOR46	MEY4977830.1	20.698	401	283	11	2	372	3	398	0.0	723	39.15
HEC-01A_ECOR46	MBT9158168.1	22.166	397	279	10	1	372	1	392	0.0	723	40.05
HEC-01A_ECOR46	MEQ9438607.1	25.126	398	267	10	1	372	1	393	0.0	723	40.95
HEC-01A_ECOR46	MBN1952583.1	23.618	398	273	10	1	372	1	393	0.0	723	41.21
HEC-01A_ECOR46	MDE0073869.1	21.970	396	279	10	1	372	1	390	0.0	723	39.39
HEC-01A_ECOR46	MEZ6115584.1	20.551	399	285	10	1	372	1	394	0.0	723	40.35
HEC-01A_ECOR46	MEP6651974.1	22.475	396	277	10	1	372	1	390	0.0	723	40.15
HEC-01A_ECOR46	MFP4354275.1	21.554	399	281	10	1	372	1	394	0.0	723	38.60
HEC-01A_ECOR46	WP_080742211.1	20.854	398	284	11	1	371	1	394	0.0	723	40.70
HEC-01A_ECOR46	MBF0611300.1	22.055	399	279	10	1	372	1	394	0.0	723	41.10
HEC-01A_ECOR46	WP_016915060.1	20.403	397	289	8	1	372	1	395	0.0	722	40.05
HEC-01A_ECOR46	NJM11978.1	23.155	393	272	10	1	369	1	387	0.0	722	40.20
HEC-01A_ECOR46	MBF0410735.1	21.000	400	283	11	1	372	1	395	0.0	722	40.50
HEC-01A_ECOR46	WP_026199146.1	21.266	395	281	10	1	371	1	389	0.0	722	40.00
HEC-01A_ECOR46	WP_320003862.1	23.869	398	272	10	1	372	1	393	0.0	722	41.46
HEC-01A_ECOR46	WP_347489641.1	22.418	397	278	10	1	372	1	392	0.0	722	39.80
HEC-01A_ECOR46	WP_196864459.1	22.362	398	278	11	1	371	1	394	0.0	722	41.96
HEC-01A_ECOR46	MDM7995891.1	22.785	395	275	10	1	371	1	389	0.0	722	41.01
HEC-01A_ECOR46	PCJ52070.1	20.896	402	283	11	1	372	1	397	0.0	722	40.55
HEC-01A_ECOR46	WP_015146190.1	21.357	398	283	10	1	372	1	394	0.0	721	39.95
HEC-01A_ECOR46	MBC7663720.1	22.362	398	278	11	1	371	1	394	0.0	721	41.71
HEC-01A_ECOR46	MFO1280614.1	21.859	398	280	11	1	371	1	394	0.0	721	39.95
HEC-01A_ECOR46	MDX2282333.1	23.869	398	272	10	1	372	1	393	0.0	721	41.46
HEC-01A_ECOR46	NJO12211.1	21.608	398	282	10	1	372	1	394	0.0	721	40.20
HEC-01A_ECOR46	MEZ5417685.1	21.772	395	279	10	1	371	1	389	0.0	721	40.25
HEC-01A_ECOR46	WP_066127655.1	23.116	398	275	11	1	371	1	394	0.0	721	40.70
HEC-01A_ECOR46	MDY6806304.1	20.551	399	284	11	1	371	1	394	0.0	720	39.35
HEC-01A_ECOR46	MEP7013268.1	22.025	395	278	10	1	371	1	389	0.0	720	40.76
HEC-01A_ECOR46	MEI6513946.1	23.232	396	275	9	1	372	1	391	0.0	720	41.16
HEC-01A_ECOR46	WP_414528162.1	21.805	399	281	11	1	372	1	395	0.0	720	41.10
HEC-01A_ECOR46	MFM9900270.1	22.111	398	279	11	1	371	1	394	0.0	720	41.46
HEC-01A_ECOR46	MCF7668201.1	21.519	395	280	10	1	371	1	389	0.0	720	40.76
HEC-01A_ECOR46	MDR3229723.1	20.750	400	284	10	1	372	1	395	0.0	720	39.50
HEC-01A_ECOR46	MBI5244423.1	21.970	396	279	10	1	372	1	390	0.0	720	40.40
HEC-01A_ECOR46	MBI5489485.1	22.475	396	277	10	1	372	1	390	0.0	720	40.15
HEC-01A_ECOR46	NJN77575.1	22.864	398	276	10	1	372	1	393	0.0	719	40.20
HEC-01A_ECOR46	WP_015758414.1	23.426	397	274	10	1	372	1	392	0.0	719	40.30
HEC-01A_ECOR46	NMB90326.1	20.663	392	282	9	1	366	1	389	0.0	719	40.56
HEC-01A_ECOR46	MCE2935530.1	23.618	398	273	10	1	372	1	393	0.0	719	41.21
HEC-01A_ECOR46	MFM2067135.1	20.844	403	283	11	1	372	1	398	0.0	719	40.69
HEC-01A_ECOR46	MEL7501189.1	21.106	398	284	10	1	372	1	394	0.0	719	40.45
HEC-01A_ECOR46	NLH61209.1	22.000	400	280	10	1	373	1	395	0.0	719	40.00
HEC-01A_ECOR46	WP_203143108.1	24.372	398	271	10	1	372	1	394	0.0	719	42.46
HEC-01A_ECOR46	QJR23030.1	20.698	401	286	10	1	372	1	398	0.0	719	42.39
HEC-01A_ECOR46	MFO0915925.1	20.551	399	285	10	1	372	1	394	0.0	719	41.35
HEC-01A_ECOR46	HMQ46657.1	25.628	398	265	10	1	372	1	393	0.0	718	43.22
HEC-01A_ECOR46	HMO39097.1	23.116	398	275	10	1	372	1	393	0.0	718	42.21
HEC-01A_ECOR46	WP_106846966.1	21.013	395	281	11	1	368	1	391	0.0	718	40.00
HEC-01A_ECOR46	HJK97011.1	20.844	403	283	11	1	372	1	398	0.0	718	41.94
HEC-01A_ECOR46	RLE21616.1	19.403	402	289	11	1	372	1	397	0.0	718	37.81
HEC-01A_ECOR46	WP_310494824.1	22.613	398	277	11	1	371	1	394	0.0	718	41.46
HEC-01A_ECOR46	WP_201216929.1	22.111	398	281	9	1	372	2	396	0.0	718	40.95
HEC-01A_ECOR46	MBS1832028.1	22.613	398	279	9	1	372	1	395	0.0	718	40.20
HEC-01A_ECOR46	OQC58008.1	21.303	399	284	10	1	372	1	396	0.0	718	40.85
HEC-01A_ECOR46	MEO0349863.1	20.050	399	289	10	1	372	1	396	0.0	718	39.35
HEC-01A_ECOR46	MDR1535861.1	20.301	399	286	10	1	372	1	394	0.0	718	41.60
HEC-01A_ECOR46	MBW2735371.1	20.802	399	284	10	1	372	1	394	0.0	718	39.35
HEC-01A_ECOR46	MCK5720071.1	19.347	398	290	11	1	372	1	393	0.0	718	40.20
HEC-01A_ECOR46	MDR1647661.1	20.603	398	287	9	1	372	1	395	0.0	717	39.70
HEC-01A_ECOR46	MBX3176091.1	21.013	395	282	10	2	372	3	391	0.0	717	40.25
HEC-01A_ECOR46	MDQ7090102.1	23.058	399	274	10	1	371	1	394	0.0	717	40.35
HEC-01A_ECOR46	HBF38904.1	20.449	401	287	10	1	372	1	398	0.0	717	40.65
HEC-01A_ECOR46	MBG0776250.1	22.362	398	280	9	1	372	1	395	0.0	717	39.95
HEC-01A_ECOR46	MBF0347251.1	21.053	399	283	10	1	372	1	394	0.0	717	38.35
HEC-01A_ECOR46	MBP6097340.1	21.106	398	283	11	1	371	1	394	0.0	717	40.70
HEC-01A_ECOR46	WP_115308379.1	20.750	400	286	11	1	372	1	397	0.0	717	40.50
HEC-01A_ECOR46	NNM86761.1	21.303	399	282	10	1	372	1	394	0.0	717	38.10
HEC-01A_ECOR46	WP_022772685.1	21.393	402	281	11	1	372	1	397	0.0	717	40.55
HEC-01A_ECOR46	HLK65185.1	21.608	398	283	9	1	372	1	395	0.0	716	40.20
HEC-01A_ECOR46	WP_092120674.1	21.357	398	282	11	1	372	1	393	0.0	716	38.69
HEC-01A_ECOR46	WP_413896662.1	23.116	398	275	11	1	371	1	394	0.0	716	41.71
HEC-01A_ECOR46	HQO02651.1	22.025	395	278	10	1	371	1	389	0.0	716	40.76
HEC-01A_ECOR46	MEE9394998.1	21.393	402	281	11	1	372	1	397	0.0	716	41.29
HEC-01A_ECOR46	GHT89874.1	21.859	398	280	11	1	371	1	394	0.0	716	41.96
HEC-01A_ECOR46	MDK1021176.1	19.900	402	287	10	1	372	1	397	0.0	716	36.57
HEC-01A_ECOR46	MBN1997156.1	20.854	398	285	10	1	372	1	394	0.0	715	39.45
HEC-01A_ECOR46	MEY2612924.1	21.303	399	282	10	1	372	1	394	0.0	715	38.10
HEC-01A_ECOR46	MCK9230424.1	21.013	395	282	10	1	371	1	389	0.0	715	40.25
HEC-01A_ECOR46	WP_011639665.1	22.111	398	279	11	1	372	1	393	0.0	715	40.20
HEC-01A_ECOR46	MFN7918814.1	22.864	398	278	9	1	372	1	395	0.0	715	40.95
HEC-01A_ECOR46	WP_354635040.1	22.362	398	279	10	1	372	1	394	0.0	715	40.95
HEC-01A_ECOR46	WP_341411421.1	20.603	398	285	11	1	371	1	394	0.0	715	39.95
HEC-01A_ECOR46	MDE2654308.1	22.475	396	277	10	1	372	1	390	0.0	714	40.15
HEC-01A_ECOR46	VEN74880.1	21.266	395	281	10	1	371	1	389	0.0	714	39.49
HEC-01A_ECOR46	MFN5856689.1	22.613	398	278	10	1	372	1	394	0.0	714	41.71
HEC-01A_ECOR46	WP_079541818.1	21.000	400	285	11	1	372	1	397	0.0	714	40.25
HEC-01A_ECOR46	MDA8117681.1	22.278	395	277	10	1	371	1	389	0.0	714	40.76
HEC-01A_ECOR46	MBU2572819.1	22.222	396	279	9	1	372	1	391	0.0	714	41.67
HEC-01A_ECOR46	MDR0876255.1	23.367	398	276	9	1	372	1	395	0.0	714	41.21
HEC-01A_ECOR46	MBF0426200.1	20.551	399	285	10	1	372	1	394	0.0	714	40.10
HEC-01A_ECOR46	WP_321431085.1	21.717	396	279	10	1	371	1	390	0.0	714	39.14
HEC-01A_ECOR46	MEZ7892934.1	19.799	399	288	10	1	372	1	394	0.0	714	39.85
HEC-01A_ECOR46	MXX36713.1	21.519	395	280	10	1	371	1	389	0.0	714	39.24
HEC-01A_ECOR46	WP_011153560.1	23.929	397	273	10	1	372	1	393	0.0	713	41.06
HEC-01A_ECOR46	WP_291483573.1	23.618	398	273	10	1	372	1	393	0.0	713	41.21
HEC-01A_ECOR46	MBL4697331.1	18.953	401	290	10	2	372	20	415	0.0	713	36.91
HEC-01A_ECOR46	WP_317267734.1	21.066	394	281	10	1	368	1	390	0.0	713	41.12
HEC-01A_ECOR46	NJN32945.1	23.383	402	273	11	1	372	1	397	0.0	713	40.30
HEC-01A_ECOR46	MBI1208291.1	21.970	396	279	10	1	372	1	390	0.0	713	40.15
HEC-01A_ECOR46	MBF0178896.1	21.144	402	285	9	1	372	1	400	0.0	713	39.80
HEC-01A_ECOR46	MEL6928681.1	21.357	398	283	10	1	372	1	394	0.0	713	39.70
HEC-01A_ECOR46	HMW24010.1	20.347	403	285	11	1	372	1	398	0.0	713	40.45
HEC-01A_ECOR46	WP_138855113.1	21.608	398	281	11	1	371	1	394	0.0	713	39.20
HEC-01A_ECOR46	MEY2978920.1	22.111	398	280	10	1	372	1	394	0.0	713	41.21
HEC-01A_ECOR46	MBL7791607.1	23.116	398	275	10	1	372	1	393	0.0	713	40.20
HEC-01A_ECOR46	WP_341376947.1	20.844	403	283	11	1	372	1	398	0.0	712	41.69
HEC-01A_ECOR46	MCF7911377.1	20.854	398	286	9	1	372	1	395	0.0	712	40.70
HEC-01A_ECOR46	WP_194019547.1	23.426	397	275	10	1	372	1	393	0.0	712	42.07
HEC-01A_ECOR46	MCC6333516.1	22.727	396	276	10	1	372	1	390	0.0	712	40.91
HEC-01A_ECOR46	WP_190467417.1	22.306	399	278	10	1	372	1	394	0.0	712	39.35
HEC-01A_ECOR46	MEW6072557.1	21.970	396	279	10	1	372	1	390	0.0	712	39.65
HEC-01A_ECOR46	WP_139985703.1	22.613	398	277	11	1	371	1	394	0.0	712	41.21
HEC-01A_ECOR46	MDR1933861.1	21.684	392	278	9	1	366	1	389	0.0	711	41.07
HEC-01A_ECOR46	WP_049412516.1	22.111	398	279	12	1	371	1	394	0.0	711	41.21
HEC-01A_ECOR46	MCX6580199.1	20.551	399	285	11	1	372	1	394	0.0	711	39.35
HEC-01A_ECOR46	HOY64720.1	20.930	387	276	10	9	371	1	381	0.0	711	39.02
HEC-01A_ECOR46	MCY4471997.1	23.116	398	275	11	2	372	14	407	0.0	711	41.21
HEC-01A_ECOR46	MDX2472061.1	21.250	400	282	11	1	372	1	395	0.0	711	40.00
HEC-01A_ECOR46	NBD17680.1	22.139	402	279	11	1	372	1	398	0.0	711	42.54
HEC-01A_ECOR46	MCY4150205.1	22.111	398	282	9	1	372	1	396	0.0	711	40.45
HEC-01A_ECOR46	MDE2813219.1	22.901	393	273	10	1	369	1	387	0.0	711	41.22
HEC-01A_ECOR46	MFT4249300.1	22.362	398	278	11	1	371	1	394	0.0	711	40.70
HEC-01A_ECOR46	WP_207783450.1	21.212	396	282	10	1	372	5	394	0.0	711	39.90
HEC-01A_ECOR46	MDX2101661.1	22.444	401	277	12	1	372	1	396	0.0	711	41.15
HEC-01A_ECOR46	MBF0371532.1	20.500	400	285	11	1	372	1	395	0.0	710	39.50
HEC-01A_ECOR46	NBO66771.1	20.707	396	284	10	1	372	1	390	0.0	710	40.40
HEC-01A_ECOR46	MES2877827.1	21.357	398	282	11	1	371	1	394	0.0	710	40.45
HEC-01A_ECOR46	WP_130482180.1	21.357	398	285	9	1	372	1	396	0.0	710	40.20
HEC-01A_ECOR46	WP_017713149.1	21.662	397	282	10	1	372	1	393	0.0	710	40.05
HEC-01A_ECOR46	WP_002682837.1	19.500	400	289	12	1	372	1	395	0.0	709	38.00
HEC-01A_ECOR46	MBU0552646.1	21.642	402	280	11	1	372	1	397	0.0	709	39.80
HEC-01A_ECOR46	WP_411627291.1	20.551	399	285	10	1	372	1	394	0.0	709	36.34
HEC-01A_ECOR46	HXJ19107.1	22.025	395	278	10	1	371	1	389	0.0	709	41.01
HEC-01A_ECOR46	WP_221902079.1	19.289	394	286	10	1	367	1	389	0.0	709	38.83
HEC-01A_ECOR46	HVM32646.1	22.025	395	278	10	1	371	1	389	0.0	709	40.51
HEC-01A_ECOR46	MDP8267083.1	20.854	398	286	9	1	372	1	395	0.0	709	39.20
HEC-01A_ECOR46	OQY56572.1	20.455	396	287	10	1	372	1	392	0.0	709	40.66
HEC-01A_ECOR46	WP_300111715.1	21.357	398	282	11	1	371	1	394	0.0	709	40.95
HEC-01A_ECOR46	MBK7052786.1	21.608	398	281	11	1	371	1	394	0.0	709	41.21
HEC-01A_ECOR46	MBT3219464.1	21.859	398	282	9	1	372	1	395	0.0	709	39.45
HEC-01A_ECOR46	WP_347279378.1	23.308	399	274	11	1	371	1	395	0.0	709	41.60
HEC-01A_ECOR46	MFH1497985.1	21.554	399	281	10	1	372	1	394	0.0	709	38.10
HEC-01A_ECOR46	MXY95739.1	20.153	392	283	10	1	368	1	386	0.0	708	38.52
HEC-01A_ECOR46	MCG5052486.1	20.844	403	283	12	1	372	1	398	0.0	708	39.95
HEC-01A_ECOR46	MBN8731222.1	22.111	398	281	9	1	372	1	395	0.0	708	40.20
HEC-01A_ECOR46	MBI5831389.1	22.111	398	281	9	1	372	1	395	0.0	708	39.45
HEC-01A_ECOR46	MCY4653607.1	21.465	396	280	11	2	372	6	395	0.0	708	36.62
HEC-01A_ECOR46	WP_294354133.1	21.357	398	282	11	1	371	1	394	0.0	708	39.95
HEC-01A_ECOR46	MDR3213948.1	22.362	398	278	11	1	371	1	394	0.0	708	40.70
HEC-01A_ECOR46	HPG39302.1	23.116	398	276	10	1	372	1	394	0.0	708	40.95
HEC-01A_ECOR46	WP_162419569.1	23.058	399	276	10	1	373	1	394	0.0	708	43.61
HEC-01A_ECOR46	WP_134063934.1	21.357	398	283	10	1	372	1	394	0.0	707	42.96
HEC-01A_ECOR46	OQY41117.1	21.303	399	282	10	1	372	1	394	0.0	707	39.10
HEC-01A_ECOR46	CAK0747683.1	22.980	396	275	10	1	372	3	392	0.0	707	40.40
HEC-01A_ECOR46	WP_200237412.1	21.608	398	283	9	1	372	1	395	0.0	707	40.95
HEC-01A_ECOR46	WP_374555414.1	22.864	398	276	11	1	371	1	394	0.0	706	42.21
HEC-01A_ECOR46	MBF0179064.1	22.055	399	279	10	1	372	1	394	0.0	706	39.35
HEC-01A_ECOR46	MBI4801196.1	22.727	396	277	9	1	372	1	391	0.0	706	41.16
HEC-01A_ECOR46	NMA41253.1	21.465	396	281	12	1	372	1	390	0.0	706	40.66
HEC-01A_ECOR46	RKZ80767.1	19.899	397	286	11	1	370	1	392	0.0	706	38.04
HEC-01A_ECOR46	HRJ60792.1	21.827	394	278	10	1	370	1	388	0.0	706	40.36
HEC-01A_ECOR46	MFA7337167.1	22.589	394	275	10	1	370	1	388	0.0	705	40.86
HEC-01A_ECOR46	WP_228332034.1	22.556	399	277	11	1	371	1	395	0.0	705	40.85
HEC-01A_ECOR46	WP_035805269.1	24.318	403	269	11	1	372	1	398	0.0	705	41.69
HEC-01A_ECOR46	HND66352.1	22.025	395	278	10	1	371	1	389	0.0	705	39.75
HEC-01A_ECOR46	MCU0285748.1	19.500	400	289	11	1	372	1	395	0.0	705	38.25
HEC-01A_ECOR46	UCH95071.1	23.058	399	275	11	1	372	1	394	0.0	705	40.85
HEC-01A_ECOR46	WP_310742598.1	23.038	395	274	10	1	371	104	492	0.0	705	40.00
HEC-01A_ECOR46	MCE5210902.1	21.066	394	281	10	1	370	1	388	0.0	705	39.59
HEC-01A_ECOR46	TVP96593.1	19.298	399	290	10	1	372	1	394	0.0	705	39.60
HEC-01A_ECOR46	MBL8232514.1	23.618	398	275	9	1	372	1	395	0.0	704	41.46
HEC-01A_ECOR46	HQF56203.1	21.303	399	280	11	1	372	1	392	0.0	704	40.35
HEC-01A_ECOR46	RLB67913.1	20.301	399	286	10	1	372	1	394	0.0	704	39.35
HEC-01A_ECOR46	MCB9881428.1	21.519	395	280	10	1	371	1	389	0.0	704	40.76
HEC-01A_ECOR46	WP_396177337.1	21.588	403	280	11	1	372	1	398	0.0	704	40.45
HEC-01A_ECOR46	MDR1761462.1	23.308	399	274	10	1	372	1	394	0.0	704	42.61
HEC-01A_ECOR46	WP_043500244.1	23.116	398	275	11	1	371	1	394	0.0	704	40.95
HEC-01A_ECOR46	NKB24668.1	21.465	396	281	10	1	370	1	392	0.0	704	40.40
HEC-01A_ECOR46	MFH1157591.1	23.457	405	270	10	1	371	1	399	0.0	704	40.49
HEC-01A_ECOR46	MEP0775304.1	23.485	396	273	10	1	372	1	390	0.0	704	39.65
HEC-01A_ECOR46	MDR1831229.1	21.092	403	282	10	3	372	23	422	0.0	704	40.94
HEC-01A_ECOR46	NCC85332.1	21.574	394	280	9	1	368	1	391	0.0	704	41.88
HEC-01A_ECOR46	MDL1964887.1	21.522	381	267	10	1	354	1	376	0.0	703	40.42
HEC-01A_ECOR46	NJL27870.1	21.772	395	279	10	1	371	1	389	0.0	703	40.00
HEC-01A_ECOR46	MDE0068089.1	21.939	392	276	10	1	368	5	390	0.0	703	41.07
HEC-01A_ECOR46	MBN1930673.1	21.684	392	277	10	1	368	3	388	0.0	703	41.33
HEC-01A_ECOR46	MBS7391084.1	19.598	398	288	10	2	372	8	400	0.0	702	37.94
HEC-01A_ECOR46	PIP83183.1	21.717	396	280	10	1	372	1	390	0.0	702	40.15
HEC-01A_ECOR46	MCA6369693.1	22.613	398	277	11	1	371	1	394	0.0	702	41.71
HEC-01A_ECOR46	MCK5718083.1	19.095	398	292	10	1	372	1	394	0.0	702	42.21
HEC-01A_ECOR46	GMV89852.1	22.025	395	280	9	1	372	1	390	0.0	702	40.76
HEC-01A_ECOR46	WP_043699929.1	21.013	395	282	10	1	371	1	389	0.0	701	39.49
HEC-01A_ECOR46	MCY3810018.1	21.717	396	280	10	1	372	1	390	0.0	701	39.65
HEC-01A_ECOR46	WP_299079653.1	22.864	398	277	10	2	372	3	397	0.0	701	38.69
HEC-01A_ECOR46	MDR2128088.1	23.618	398	273	11	1	371	1	394	0.0	701	40.20
HEC-01A_ECOR46	MCB9497645.1	21.303	399	280	11	1	372	1	392	0.0	701	41.60
HEC-01A_ECOR46	MBO1048215.1	22.414	406	276	11	1	372	1	401	0.0	701	38.92
HEC-01A_ECOR46	MDR2693106.1	19.403	402	288	12	1	372	1	396	0.0	701	37.81
HEC-01A_ECOR46	MFO1262615.1	20.603	398	285	11	1	371	1	394	0.0	701	39.70
HEC-01A_ECOR46	OPZ40002.1	21.173	392	279	10	1	368	1	386	0.0	701	40.56
HEC-01A_ECOR46	WP_254899440.1	21.939	392	276	10	1	368	4	389	0.0	701	41.58
HEC-01A_ECOR46	MBF0624718.1	22.613	398	278	10	1	372	1	394	0.0	701	39.95
HEC-01A_ECOR46	HOI24119.1	22.362	398	280	9	1	372	1	395	0.0	700	40.95
HEC-01A_ECOR46	WP_173983794.1	20.301	399	287	11	1	372	1	395	0.0	700	40.60
HEC-01A_ECOR46	MCK9452184.1	24.874	398	268	10	1	372	1	393	0.0	700	41.46
HEC-01A_ECOR46	TRZ75308.1	21.066	394	281	10	1	370	1	388	0.0	700	40.61
HEC-01A_ECOR46	WP_300051574.1	21.106	398	283	11	1	371	1	394	0.0	700	40.20
HEC-01A_ECOR46	MXW56332.1	22.222	396	278	11	1	372	1	390	0.0	700	40.15
HEC-01A_ECOR46	MCS6774084.1	22.980	396	274	11	1	371	1	390	0.0	700	39.90
HEC-01A_ECOR46	WP_204625105.1	20.802	399	286	10	1	372	1	396	0.0	700	41.35
HEC-01A_ECOR46	MDR2711759.1	20.449	401	285	11	1	372	1	396	0.0	699	39.40
HEC-01A_ECOR46	MBF0476977.1	21.266	395	281	10	1	371	1	389	0.0	699	41.27
HEC-01A_ECOR46	OQY59546.1	23.618	398	272	11	1	371	1	393	0.0	699	42.46
HEC-01A_ECOR46	MEW6348186.1	22.025	395	277	11	1	371	1	388	0.0	699	37.72
HEC-01A_ECOR46	MFP4581680.1	20.655	397	282	11	1	368	1	393	0.0	699	41.81
HEC-01A_ECOR46	MBF0293632.1	22.750	400	278	9	1	372	1	397	0.0	699	40.25
HEC-01A_ECOR46	MCX6584444.1	23.441	401	274	10	1	373	1	396	0.0	699	39.15
HEC-01A_ECOR46	MDD9819305.1	20.896	402	283	10	1	372	1	397	0.0	699	38.56
HEC-01A_ECOR46	WP_279046677.1	19.799	399	290	10	1	372	1	396	0.0	699	40.35
HEC-01A_ECOR46	MDG4575300.1	22.449	392	274	10	1	368	3	388	0.0	699	41.07
HEC-01A_ECOR46	HOX03682.1	21.320	394	280	10	1	370	1	388	0.0	698	40.61
HEC-01A_ECOR46	MBL9045674.1	22.980	396	275	10	1	372	1	390	0.0	698	41.41
HEC-01A_ECOR46	MES2771184.1	22.613	398	277	10	1	372	1	393	0.0	698	41.21
HEC-01A_ECOR46	WP_143969663.1	22.025	395	278	10	1	371	1	389	0.0	698	41.27
HEC-01A_ECOR46	MEL6722649.1	18.782	394	291	9	1	368	1	391	0.0	698	38.07
HEC-01A_ECOR46	MFN7588009.1	21.891	402	279	12	1	372	1	397	0.0	698	41.04
HEC-01A_ECOR46	MDM8552257.1	22.613	398	276	11	1	371	1	393	0.0	698	43.22
HEC-01A_ECOR46	MFM8448670.1	24.093	386	262	10	13	372	1	381	0.0	697	42.23
HEC-01A_ECOR46	GHV69234.1	22.807	399	276	11	1	372	1	394	0.0	697	41.10
HEC-01A_ECOR46	MCX6594259.1	22.362	398	280	9	1	372	1	395	0.0	697	40.20
HEC-01A_ECOR46	MEM9452923.1	21.197	401	282	10	1	372	5	400	0.0	697	40.15
HEC-01A_ECOR46	WP_013516046.1	19.241	395	287	11	1	367	1	391	0.0	697	39.49
HEC-01A_ECOR46	MBQ3778497.1	19.095	398	290	10	2	372	8	400	0.0	697	38.19
HEC-01A_ECOR46	MBZ0153902.1	21.144	402	282	11	1	372	1	397	0.0	697	41.04
HEC-01A_ECOR46	MDX2130123.1	24.750	400	269	10	1	372	1	396	0.0	696	41.00
HEC-01A_ECOR46	MBI5119898.1	23.559	399	274	11	1	372	1	395	0.0	696	40.10
HEC-01A_ECOR46	MDD9863861.1	20.398	402	285	11	1	372	1	397	0.0	696	39.30
HEC-01A_ECOR46	WP_273524232.1	20.050	399	289	10	1	372	1	396	0.0	696	40.35
HEC-01A_ECOR46	WP_109743874.1	23.632	402	272	10	1	372	1	397	0.0	696	41.54
HEC-01A_ECOR46	MCK5541876.1	23.485	396	272	10	1	371	1	390	0.0	696	37.63
HEC-01A_ECOR46	MFR9660193.1	23.267	404	273	11	1	372	1	399	0.0	696	39.85
HEC-01A_ECOR46	WP_395145851.1	21.519	395	280	10	1	371	1	389	0.0	696	38.99
HEC-01A_ECOR46	MDR1276209.1	21.053	399	285	10	1	372	1	396	0.0	695	39.60
HEC-01A_ECOR46	WP_011714772.1	20.101	398	288	10	1	372	1	394	0.0	695	39.70
HEC-01A_ECOR46	MBF0621369.1	22.444	401	277	11	1	372	1	396	0.0	695	39.90
HEC-01A_ECOR46	QQR76219.1	21.827	394	278	10	1	370	1	388	0.0	695	40.61
HEC-01A_ECOR46	GHV08565.1	21.411	397	282	10	1	371	1	393	0.0	695	41.56
HEC-01A_ECOR46	TAH21437.1	23.367	398	273	10	1	371	1	393	0.0	695	41.21
HEC-01A_ECOR46	MCU0558986.1	20.455	396	272	10	1	372	1	377	0.0	695	38.13
HEC-01A_ECOR46	MDD3364669.1	22.418	397	278	10	1	372	1	392	0.0	695	39.55
HEC-01A_ECOR46	WP_257741277.1	20.494	405	282	10	1	370	1	400	0.0	694	38.77
HEC-01A_ECOR46	RTL43350.1	20.854	398	284	11	1	371	1	394	0.0	694	41.21
HEC-01A_ECOR46	WP_218032753.1	23.737	396	272	10	1	372	3	392	0.0	694	40.66
HEC-01A_ECOR46	WP_005671724.1	22.025	395	278	10	1	371	1	389	0.0	694	40.76
HEC-01A_ECOR46	WP_301670721.1	21.106	398	283	11	1	371	1	394	0.0	694	40.45
HEC-01A_ECOR46	MDR1888277.1	21.106	398	282	12	1	371	1	393	0.0	694	40.95
HEC-01A_ECOR46	MEZ4400501.1	21.393	402	281	11	1	372	1	397	0.0	694	39.80
HEC-01A_ECOR46	MBP5639611.1	20.647	402	284	10	1	372	1	397	0.0	694	39.80
HEC-01A_ECOR46	WP_219908122.1	20.759	395	284	10	1	372	50	438	0.0	694	38.73
HEC-01A_ECOR46	MCP4214808.1	24.190	401	270	10	1	372	1	396	0.0	693	39.65
HEC-01A_ECOR46	MBD3167360.1	23.291	395	272	11	1	370	1	389	0.0	693	40.00
HEC-01A_ECOR46	MFA5480613.1	21.717	396	278	10	1	369	1	391	0.0	693	39.65
HEC-01A_ECOR46	WP_078232613.1	20.698	401	284	12	1	372	1	396	0.0	693	38.90
HEC-01A_ECOR46	OFX20407.1	22.388	402	277	10	1	372	1	397	0.0	693	41.29
HEC-01A_ECOR46	MCY4661162.1	21.357	398	281	10	1	372	1	392	0.0	693	39.95
HEC-01A_ECOR46	MBI5508004.1	20.812	394	282	10	1	370	1	388	0.0	693	40.10
HEC-01A_ECOR46	NLF94698.1	21.066	394	281	10	1	370	1	388	0.0	693	39.09
HEC-01A_ECOR46	KHD08909.1	22.656	384	271	10	1	372	1	370	0.0	693	38.54
HEC-01A_ECOR46	MCF8365980.1	21.212	396	281	10	1	371	1	390	0.0	692	37.12
HEC-01A_ECOR46	WP_169163270.1	21.772	395	279	10	1	371	1	389	0.0	692	40.00
HEC-01A_ECOR46	TAD94724.1	23.134	402	273	11	1	371	1	397	0.0	692	40.80
HEC-01A_ECOR46	MBS0593874.1	20.000	405	284	12	1	372	1	398	0.0	691	40.74
HEC-01A_ECOR46	HUT78141.1	20.051	394	285	10	1	370	1	388	0.0	691	39.85
HEC-01A_ECOR46	VFK12935.1	20.051	394	285	10	1	368	1	390	0.0	691	39.85
HEC-01A_ECOR46	MEI6435687.1	23.762	404	271	11	1	372	4	402	0.0	691	40.10
HEC-01A_ECOR46	WP_041584534.1	21.827	394	278	10	1	370	1	388	0.0	691	40.61
HEC-01A_ECOR46	MEO5336521.1	20.101	398	287	11	2	372	19	412	0.0	691	38.19
HEC-01A_ECOR46	HEX8166680.1	19.347	398	291	10	1	372	1	394	0.0	690	37.69
HEC-01A_ECOR46	MDE0408838.1	20.802	399	284	10	1	372	1	394	0.0	690	39.10
HEC-01A_ECOR46	MCF0216854.1	19.084	393	286	10	7	372	1	388	0.0	690	38.68
HEC-01A_ECOR46	MCY4174653.1	19.802	404	287	12	1	372	1	399	0.0	690	38.12
HEC-01A_ECOR46	MDE3270031.1	19.347	398	289	10	1	371	1	393	0.0	690	39.95
HEC-01A_ECOR46	HAJ47666.1	21.159	397	284	11	1	372	1	393	0.0	690	40.81
HEC-01A_ECOR46	MCL2406521.1	19.154	402	290	12	1	372	1	397	0.0	689	40.05
HEC-01A_ECOR46	MBF0285505.1	21.608	398	282	11	1	372	1	394	0.0	689	39.95
HEC-01A_ECOR46	PRP96424.1	20.759	395	284	10	1	372	1	389	0.0	688	38.73
HEC-01A_ECOR46	WP_017711538.1	19.298	399	289	11	1	371	1	394	0.0	688	37.59
HEC-01A_ECOR46	GHV42812.1	24.627	402	268	10	1	372	1	397	0.0	688	43.78
HEC-01A_ECOR46	WP_293620823.1	20.101	398	289	9	1	372	1	395	0.0	688	36.18
HEC-01A_ECOR46	MDD9806330.1	20.250	400	287	9	1	372	1	396	0.0	688	37.25
HEC-01A_ECOR46	HER25798.1	22.055	399	280	11	1	372	1	395	0.0	687	40.10
HEC-01A_ECOR46	MEM9290689.1	23.881	402	269	12	1	370	1	397	0.0	687	41.04
HEC-01A_ECOR46	MDR1534892.1	20.558	394	284	9	1	368	1	391	0.0	687	38.32
HEC-01A_ECOR46	MFM2399666.1	21.392	388	274	11	1	361	1	384	0.0	686	41.49
HEC-01A_ECOR46	TAE49127.1	22.139	402	277	11	1	371	1	397	0.0	686	41.04
HEC-01A_ECOR46	WXT99661.1	19.241	395	286	10	1	367	1	390	0.0	686	38.73
HEC-01A_ECOR46	WP_066045018.1	18.987	395	288	10	1	368	1	390	0.0	685	38.48
HEC-01A_ECOR46	MBX2841795.1	22.000	400	279	10	1	372	1	395	0.0	685	38.50
HEC-01A_ECOR46	MFN4146879.1	22.829	403	275	11	1	372	1	398	0.0	685	39.95
HEC-01A_ECOR46	MFA5806880.1	22.589	394	275	10	1	370	1	388	0.0	685	41.12
HEC-01A_ECOR46	MCP5502040.1	22.772	404	275	11	1	372	1	399	0.0	685	39.36
HEC-01A_ECOR46	HAX41692.1	20.972	391	280	9	8	372	3	390	0.0	684	39.39
HEC-01A_ECOR46	MBF0324752.1	20.551	399	286	11	1	372	1	395	0.0	684	39.60
HEC-01A_ECOR46	MCU0470172.1	23.077	403	274	11	1	372	1	398	0.0	684	40.94
HEC-01A_ECOR46	MEI6262568.1	21.827	394	278	10	1	370	1	388	0.0	684	40.36
HEC-01A_ECOR46	WP_139683159.1	19.241	395	286	10	1	367	1	390	0.0	684	39.24
HEC-01A_ECOR46	MDD9859867.1	20.647	402	284	10	1	372	1	397	0.0	684	38.31
HEC-01A_ECOR46	MDC9715313.1	19.747	395	285	10	1	368	1	390	0.0	683	37.97
HEC-01A_ECOR46	MDZ7617776.1	22.556	399	275	11	1	372	1	392	0.0	683	39.85
HEC-01A_ECOR46	MEN9362436.1	23.291	395	272	11	3	372	5	393	0.0	683	41.52
HEC-01A_ECOR46	WP_350266311.1	22.139	402	278	10	1	372	1	397	0.0	683	40.05
HEC-01A_ECOR46	TAE59500.1	22.000	400	279	10	1	372	1	395	0.0	682	39.00
HEC-01A_ECOR46	MBA5248797.1	19.747	395	286	9	1	368	1	391	0.0	682	39.49
HEC-01A_ECOR46	WP_104937261.1	21.357	398	284	9	1	372	1	395	0.0	682	39.45
HEC-01A_ECOR46	WP_182581921.1	22.901	393	272	11	1	368	1	387	0.0	682	41.73
HEC-01A_ECOR46	MFI3155403.1	21.053	399	283	10	1	372	1	394	0.0	682	39.85
HEC-01A_ECOR46	MEE9381831.1	20.250	400	285	11	1	372	1	394	0.0	682	40.00
HEC-01A_ECOR46	WP_019304008.1	22.362	398	274	12	1	371	1	390	0.0	682	40.45
HEC-01A_ECOR46	MCE2500032.1	21.883	393	278	10	2	371	3	389	0.0	681	39.69
HEC-01A_ECOR46	WP_253813847.1	21.608	398	283	9	1	372	1	395	0.0	681	41.46
HEC-01A_ECOR46	MBI9030571.1	21.357	398	281	10	1	371	1	393	0.0	681	39.95
HEC-01A_ECOR46	MAT83560.1	20.500	400	286	11	1	372	1	396	0.0	681	41.00
HEC-01A_ECOR46	MDR1275905.1	22.278	395	277	10	1	371	1	389	0.0	680	41.27
HEC-01A_ECOR46	WP_122951185.1	18.734	395	288	10	1	367	1	390	0.0	680	37.72
HEC-01A_ECOR46	MDX9706405.1	20.865	393	281	10	1	367	1	389	0.0	679	41.22
HEC-01A_ECOR46	VVH63957.1	19.949	396	284	10	1	368	1	391	0.0	679	39.65
HEC-01A_ECOR46	WP_013565255.1	21.519	395	281	10	2	372	19	408	0.0	678	42.28
HEC-01A_ECOR46	XEQ91737.1	22.025	395	277	11	1	368	1	391	0.0	678	40.00
HEC-01A_ECOR46	WP_027001928.1	24.121	398	269	11	1	371	1	392	0.0	677	40.70
HEC-01A_ECOR46	NMA26874.1	23.544	395	272	10	1	371	1	389	0.0	677	41.52
HEC-01A_ECOR46	SMN01868.1	19.192	396	288	9	1	368	1	392	0.0	676	39.14
HEC-01A_ECOR46	WP_300784920.1	20.506	395	284	10	1	370	1	390	0.0	676	39.24
HEC-01A_ECOR46	KAA3658618.1	21.409	369	264	9	1	347	1	365	0.0	675	41.19
HEC-01A_ECOR46	MCU0664235.1	21.053	399	281	11	1	372	1	392	0.0	674	39.60
HEC-01A_ECOR46	MCI9486976.1	21.684	392	277	10	1	367	1	387	0.0	674	41.84
HEC-01A_ECOR46	MCE1166958.1	21.782	404	279	11	1	372	1	399	0.0	674	39.85
HEC-01A_ECOR46	RKZ41421.1	21.875	384	278	10	1	372	1	374	0.0	674	37.76
HEC-01A_ECOR46	MBF0319275.1	23.308	399	274	10	1	372	1	394	0.0	672	40.35
HEC-01A_ECOR46	MBP1673037.1	22.139	402	278	10	1	372	1	397	0.0	672	41.04
HEC-01A_ECOR46	MBC7619739.1	19.598	398	286	12	1	368	1	394	0.0	672	40.70
HEC-01A_ECOR46	MDE5590028.1	19.643	392	285	10	1	367	1	387	0.0	671	39.54
HEC-01A_ECOR46	MEZ5673516.1	20.672	387	271	12	1	356	1	382	0.0	671	39.02
HEC-01A_ECOR46	MBI5497779.1	22.750	400	276	11	1	372	1	395	0.0	671	42.50
HEC-01A_ECOR46	MDR0894922.1	23.441	401	272	10	1	371	1	396	0.0	671	41.40
HEC-01A_ECOR46	RKZ58596.1	22.135	384	279	8	1	372	1	376	0.0	671	38.80
HEC-01A_ECOR46	MFH1135550.1	21.013	395	282	10	1	371	1	389	0.0	671	40.00
HEC-01A_ECOR46	MBM4396234.1	22.335	394	276	10	1	370	1	388	0.0	671	40.10
HEC-01A_ECOR46	GBU07067.1	22.388	402	277	11	1	372	1	397	0.0	670	39.80
HEC-01A_ECOR46	MBR6183623.1	24.814	403	267	10	1	372	1	398	0.0	669	40.94
HEC-01A_ECOR46	MES2614499.1	22.222	396	276	10	1	369	1	391	0.0	669	40.66
HEC-01A_ECOR46	MCA3563223.1	21.429	392	279	10	1	367	1	388	0.0	669	40.82
HEC-01A_ECOR46	MEH3147925.1	21.000	400	285	10	1	372	1	397	0.0	668	39.50
HEC-01A_ECOR46	MDR3111522.1	19.750	400	288	10	1	372	1	395	0.0	668	38.25
HEC-01A_ECOR46	MCI8765360.1	21.429	392	278	10	1	367	1	387	0.0	668	40.05
HEC-01A_ECOR46	WP_308502402.1	24.138	406	270	10	1	373	1	401	0.0	668	39.66
HEC-01A_ECOR46	WP_249325963.1	20.153	392	283	10	1	367	1	387	0.0	668	40.31
HEC-01A_ECOR46	MBR0190808.1	20.419	382	271	11	19	372	1	377	0.0	667	39.27
HEC-01A_ECOR46	WP_207350990.1	21.827	394	278	10	1	368	1	390	0.0	667	38.58
HEC-01A_ECOR46	MCI8959890.1	21.173	392	279	10	1	367	1	387	0.0	666	41.07
HEC-01A_ECOR46	WP_187301958.1	21.970	396	278	11	1	370	1	391	0.0	666	40.66
HEC-01A_ECOR46	WP_290935719.1	19.347	398	289	10	2	372	17	409	0.0	666	37.94
HEC-01A_ECOR46	WP_228877823.1	23.038	395	274	10	1	370	1	390	0.0	666	40.00
HEC-01A_ECOR46	WP_118557473.1	20.408	392	282	10	1	367	1	387	0.0	666	39.54
HEC-01A_ECOR46	MBR5984021.1	22.500	400	277	11	1	372	1	395	0.0	666	40.00
HEC-01A_ECOR46	MDR3211441.1	20.101	398	289	9	1	372	1	395	0.0	666	38.19
HEC-01A_ECOR46	MCI8672337.1	20.918	392	280	10	1	367	1	387	0.0	665	40.56
HEC-01A_ECOR46	MEI6284981.1	22.589	394	277	9	1	371	1	389	0.0	665	40.36
HEC-01A_ECOR46	WP_195495689.1	22.194	392	275	10	1	367	1	387	0.0	664	40.31
HEC-01A_ECOR46	WP_207256469.1	21.883	393	277	10	1	367	1	389	0.0	664	39.69
HEC-01A_ECOR46	HSV55802.1	20.050	399	287	10	1	372	1	394	0.0	664	38.35
HEC-01A_ECOR46	MCC8987261.1	18.136	397	291	12	1	367	1	393	0.0	663	39.55
HEC-01A_ECOR46	MCU0327229.1	23.940	401	272	9	1	371	1	398	0.0	663	40.65
HEC-01A_ECOR46	RFC53053.1	18.892	397	288	12	1	367	3	395	0.0	663	39.29
HEC-01A_ECOR46	WP_183980353.1	22.750	400	277	10	1	371	1	397	0.0	663	40.00
HEC-01A_ECOR46	MDM8552254.1	22.762	391	275	11	1	372	1	383	0.0	662	39.39
HEC-01A_ECOR46	MES2469509.1	20.802	399	281	12	1	368	1	395	0.0	661	40.35
HEC-01A_ECOR46	MBQ3076878.1	21.173	392	279	10	1	367	246	632	0.0	661	40.31
HEC-01A_ECOR46	WP_106790323.1	21.429	392	278	10	1	367	1	387	0.0	661	39.54
HEC-01A_ECOR46	MCY4343957.1	21.914	397	279	10	1	372	1	391	0.0	661	40.55
HEC-01A_ECOR46	MBR4257908.1	20.948	401	283	10	1	372	1	396	0.0	661	39.15
HEC-01A_ECOR46	MBQ6567020.1	21.357	398	283	10	2	372	4	398	0.0	660	41.96
HEC-01A_ECOR46	MEO1235661.1	22.613	398	279	9	1	372	1	395	0.0	660	40.70
HEC-01A_ECOR46	MFN5309444.1	23.000	400	276	10	1	371	1	397	0.0	660	38.50
HEC-01A_ECOR46	MDR1290659.1	18.296	399	294	10	1	372	1	394	0.0	659	36.59
HEC-01A_ECOR46	WP_148337917.1	23.058	399	276	9	1	371	1	396	0.0	659	38.60
HEC-01A_ECOR46	MCI6321084.1	21.429	392	278	10	1	367	1	387	0.0	659	40.31
HEC-01A_ECOR46	WP_345737460.1	20.802	399	281	12	1	368	1	395	0.0	658	40.10
HEC-01A_ECOR46	MEG2613908.1	23.821	403	273	10	1	373	1	399	0.0	658	40.20
HEC-01A_ECOR46	PJA41973.1	21.271	362	254	10	10	345	1	357	0.0	658	41.99
HEC-01A_ECOR46	MDE0630481.1	20.455	396	281	10	1	368	1	390	0.0	658	38.64
HEC-01A_ECOR46	MDR0867954.1	19.298	399	290	11	2	372	5	399	0.0	658	38.60
HEC-01A_ECOR46	MEI8128828.1	19.902	407	286	11	1	372	1	402	0.0	657	39.56
HEC-01A_ECOR46	PIQ21168.1	22.250	400	279	10	1	371	1	397	0.0	657	38.75
HEC-01A_ECOR46	WP_334464609.1	21.628	393	277	11	1	367	1	388	0.0	656	40.71
HEC-01A_ECOR46	MDD1636347.1	20.386	363	258	10	36	372	1	358	0.0	656	38.84
HEC-01A_ECOR46	MBQ0003848.1	21.106	398	281	11	2	372	10	401	0.0	656	37.44
HEC-01A_ECOR46	MCE3008545.1	25.185	405	265	10	1	372	1	400	0.0	656	39.26
HEC-01A_ECOR46	MDQ3000073.1	18.388	397	290	12	1	367	1	393	0.0	655	41.06
HEC-01A_ECOR46	WP_188158667.1	21.814	408	276	13	1	371	1	402	0.0	655	38.24
HEC-01A_ECOR46	MCI0515168.1	22.362	398	278	10	1	370	1	395	0.0	654	37.44
HEC-01A_ECOR46	MDB5255871.1	23.762	404	271	11	1	372	1	399	0.0	654	40.84
HEC-01A_ECOR46	MCZ0943263.1	22.613	398	276	10	1	372	1	392	0.0	654	41.21
HEC-01A_ECOR46	RKZ78507.1	22.646	393	280	9	1	372	1	390	0.0	654	41.73
HEC-01A_ECOR46	MFN6086669.1	22.750	400	277	10	1	371	1	397	0.0	654	38.00
HEC-01A_ECOR46	WP_279049594.1	24.619	394	261	10	11	373	1	389	0.0	654	38.83
HEC-01A_ECOR46	MEI6142669.1	22.388	402	277	10	1	372	1	397	0.0	654	40.55
HEC-01A_ECOR46	WP_353853214.1	22.609	345	241	9	1	323	1	341	0.0	654	41.16
HEC-01A_ECOR46	MCC6637442.1	23.573	403	272	10	1	372	1	398	0.0	653	40.45
HEC-01A_ECOR46	NCR46753.1	17.839	398	260	10	1	372	1	357	0.0	653	35.43
HEC-01A_ECOR46	MBC6426265.1	22.556	399	278	10	1	372	1	395	0.0	653	39.60
HEC-01A_ECOR46	MCL2083786.1	21.173	392	278	10	1	367	1	386	0.0	653	39.29
HEC-01A_ECOR46	WP_413205704.1	20.655	397	284	11	1	371	1	392	0.0	652	38.79
HEC-01A_ECOR46	MCL2151832.1	22.194	392	275	10	1	367	2	388	0.0	652	40.31
HEC-01A_ECOR46	MDR3246754.1	22.750	400	277	10	1	371	1	397	0.0	652	39.50
HEC-01A_ECOR46	WP_303322867.1	20.408	392	282	10	1	367	1	387	0.0	651	40.05
HEC-01A_ECOR46	GHT11506.1	19.403	402	289	11	1	372	1	397	0.0	651	38.56
HEC-01A_ECOR46	MEX1368198.1	17.839	398	293	12	1	368	1	394	0.0	650	38.44
HEC-01A_ECOR46	RLC09465.1	21.554	399	282	10	1	371	1	396	0.0	650	37.09
HEC-01A_ECOR46	WP_302790856.1	20.506	395	284	10	1	370	1	390	0.0	650	39.49
HEC-01A_ECOR46	SMN01951.1	21.519	395	279	11	1	368	1	391	0.0	650	41.52
HEC-01A_ECOR46	MDR1677867.1	20.960	396	283	10	1	372	1	390	0.0	650	39.65
HEC-01A_ECOR46	WP_099956718.1	20.750	400	286	10	1	372	1	397	0.0	650	39.00
HEC-01A_ECOR46	MBX9865943.1	21.859	398	281	10	1	371	1	395	0.0	650	37.69
HEC-01A_ECOR46	NJN28552.1	22.362	398	279	9	1	371	1	395	0.0	650	39.20
HEC-01A_ECOR46	MCF6357135.1	21.092	403	283	11	1	371	1	400	0.0	650	38.46
HEC-01A_ECOR46	MDD9824943.1	19.747	395	285	11	1	368	1	390	0.0	649	39.75
HEC-01A_ECOR46	MDO5582028.1	18.797	399	292	10	1	372	1	394	0.0	649	39.35
HEC-01A_ECOR46	MEB3189309.1	20.955	377	263	11	25	371	1	372	0.0	649	38.73
HEC-01A_ECOR46	WP_242629204.1	22.715	361	252	10	1	338	1	357	0.0	648	41.55
HEC-01A_ECOR46	MYC95333.1	21.013	395	279	10	1	368	1	389	0.0	647	38.23
HEC-01A_ECOR46	MDR0733951.1	22.807	399	277	10	1	371	1	396	0.0	647	37.84
HEC-01A_ECOR46	MBD3795786.1	21.037	347	248	9	1	325	1	343	0.0	647	40.92
HEC-01A_ECOR46	MCY3775403.1	21.970	396	274	11	1	372	1	385	0.0	647	39.90
HEC-01A_ECOR46	WP_253526657.1	22.250	400	279	10	1	371	1	397	0.0	646	38.50
HEC-01A_ECOR46	HRB70900.1	22.306	399	279	10	1	371	1	396	0.0	646	39.35
HEC-01A_ECOR46	WP_309281739.1	22.500	400	278	10	1	371	1	397	0.0	646	39.25
HEC-01A_ECOR46	MCI6855446.1	20.960	396	283	10	1	371	1	391	0.0	646	39.90
HEC-01A_ECOR46	MCU0426953.1	22.055	399	278	10	1	371	1	394	0.0	646	39.10
HEC-01A_ECOR46	MBO7597332.1	23.940	401	271	10	1	372	1	396	0.0	646	41.15
HEC-01A_ECOR46	MCL2182401.1	21.939	392	275	10	1	367	1	386	0.0	646	40.56
HEC-01A_ECOR46	OQX06702.1	21.303	399	283	9	1	371	1	396	0.0	645	38.35
HEC-01A_ECOR46	MFN3641792.1	22.167	406	279	11	1	372	1	403	0.0	645	38.92
HEC-01A_ECOR46	MCU0712645.1	19.298	399	288	12	1	369	1	395	0.0	645	39.35
HEC-01A_ECOR46	MCU0315981.1	23.306	369	253	10	28	372	2	364	0.0	644	39.57
HEC-01A_ECOR46	MCA0428127.1	21.608	398	282	9	1	371	1	395	0.0	644	38.19
HEC-01A_ECOR46	MDR2944098.1	21.827	394	278	11	1	369	1	389	0.0	644	42.64
HEC-01A_ECOR46	MCL2880374.1	22.194	392	274	10	1	367	1	386	0.0	643	40.31
HEC-01A_ECOR46	MCA3250055.1	21.964	387	273	9	1	363	1	382	0.0	643	39.28
HEC-01A_ECOR46	MDR1009343.1	19.165	407	288	11	2	372	5	406	0.0	643	37.84
HEC-01A_ECOR46	MDR1897347.1	21.696	401	281	11	1	371	1	398	0.0	643	37.66
HEC-01A_ECOR46	MCL2421238.1	21.465	396	279	12	1	370	1	390	0.0	643	39.65
HEC-01A_ECOR46	MDP1561847.1	18.296	399	293	11	1	370	1	395	0.0	643	40.60
HEC-01A_ECOR46	MCI8440704.1	20.153	392	283	10	1	367	1	387	0.0	642	38.52
HEC-01A_ECOR46	MDR1936489.1	22.493	369	260	9	1	349	1	363	0.0	642	41.19
HEC-01A_ECOR46	MCI8351100.1	21.266	395	281	10	1	370	1	390	0.0	642	40.76
HEC-01A_ECOR46	MBO6292249.1	22.194	392	275	10	1	367	1	387	0.0	642	42.09
HEC-01A_ECOR46	MDR2448879.1	22.055	399	280	10	1	371	1	396	0.0	641	37.84
HEC-01A_ECOR46	MDD7642048.1	20.611	393	282	10	1	368	1	388	0.0	641	39.95
HEC-01A_ECOR46	MCL2856775.1	21.594	389	275	10	1	364	1	384	0.0	641	40.10
HEC-01A_ECOR46	MDH5638222.1	20.619	388	276	10	1	361	1	383	0.0	641	39.95
HEC-01A_ECOR46	MBS6458084.1	21.173	392	279	10	1	367	1	387	0.0	641	39.03
HEC-01A_ECOR46	WP_189566552.1	20.802	399	283	11	1	370	1	395	0.0	640	40.10
HEC-01A_ECOR46	MBP6782542.1	18.953	401	292	11	1	371	1	398	0.0	640	39.40
HEC-01A_ECOR46	MBK7468342.1	20.603	398	286	9	1	371	1	395	0.0	640	38.19
HEC-01A_ECOR46	MCL2649502.1	23.441	401	274	11	1	371	1	398	0.0	640	40.90
HEC-01A_ECOR46	MDR1155974.1	21.159	397	284	9	1	371	1	394	0.0	640	39.55
HEC-01A_ECOR46	MDR1158437.1	18.926	391	288	10	2	367	100	486	0.0	639	37.08
HEC-01A_ECOR46	PCH67824.1	19.410	407	289	12	1	372	1	403	0.0	639	38.57
HEC-01A_ECOR46	MDR0604332.1	22.807	399	277	10	1	371	1	396	0.0	638	37.84
HEC-01A_ECOR46	WP_229598494.1	21.805	399	281	10	1	371	3	398	0.0	638	37.59
HEC-01A_ECOR46	MBE5896137.1	20.305	394	284	10	1	369	1	389	0.0	638	37.82
HEC-01A_ECOR46	MDR1492661.1	20.551	399	285	9	2	370	8	404	0.0	637	38.60
HEC-01A_ECOR46	MBR5337761.1	21.013	395	282	10	1	370	1	390	0.0	636	37.47
HEC-01A_ECOR46	MDR0834258.1	22.556	399	278	11	1	371	1	396	0.0	636	39.35
HEC-01A_ECOR46	MDA7987552.1	20.305	394	284	10	1	368	1	390	0.0	635	38.58
HEC-01A_ECOR46	MBO6180040.1	22.222	396	277	11	1	370	1	391	0.0	635	39.90
HEC-01A_ECOR46	MCY2979078.1	19.000	400	290	12	1	370	1	396	0.0	635	40.50
HEC-01A_ECOR46	NKC15277.1	19.549	399	287	12	1	369	1	395	0.0	635	38.60
HEC-01A_ECOR46	MDD9819490.1	20.759	395	282	11	1	368	1	391	0.0	634	39.75
HEC-01A_ECOR46	MEB3162054.1	20.286	350	250	10	1	326	1	345	0.0	634	39.14
HEC-01A_ECOR46	MDR3571730.1	19.571	373	266	10	30	372	1	369	0.0	634	37.27
HEC-01A_ECOR46	MEE3461725.1	19.647	397	287	11	1	370	1	392	0.0	634	39.80
HEC-01A_ECOR46	HMQ62162.1	22.111	398	280	9	1	371	1	395	0.0	634	38.69
HEC-01A_ECOR46	MCE2698262.1	21.751	354	245	10	46	372	1	349	0.0	633	38.70
HEC-01A_ECOR46	MCB1097116.1	18.454	401	294	11	1	371	1	398	0.0	632	39.40
HEC-01A_ECOR46	MXZ21840.1	19.444	396	282	11	1	368	1	387	0.0	632	37.88
HEC-01A_ECOR46	MCC7430844.1	23.116	398	275	10	1	371	1	394	0.0	632	40.45
HEC-01A_ECOR46	MCP5538641.1	20.500	400	285	11	1	371	1	396	0.0	630	41.75
HEC-01A_ECOR46	GHT12793.1	23.441	401	274	11	1	371	1	398	0.0	630	37.66
HEC-01A_ECOR46	MCL2212267.1	21.483	391	275	10	1	365	1	385	0.0	630	39.13
HEC-01A_ECOR46	MFM1899795.1	21.465	396	281	10	1	372	6	395	0.0	630	39.39
HEC-01A_ECOR46	MDI9348735.1	22.111	398	275	10	1	368	1	393	0.0	629	39.70
HEC-01A_ECOR46	MCI5196942.1	21.006	338	242	8	1	316	1	335	0.0	628	39.94
HEC-01A_ECOR46	MCG9894995.1	21.266	395	281	10	2	372	4	392	0.0	627	40.00
HEC-01A_ECOR46	MEM9754136.1	22.400	375	266	8	1	353	1	372	0.0	627	41.33
HEC-01A_ECOR46	CDN31656.1	24.474	380	250	11	25	372	1	375	0.0	627	40.53
HEC-01A_ECOR46	MFN4150554.1	23.350	394	274	11	1	371	1	389	0.0	626	41.62
HEC-01A_ECOR46	WP_012499825.1	21.197	401	283	10	1	371	1	398	0.0	625	36.66
HEC-01A_ECOR46	OQY50274.1	19.697	396	289	10	1	372	1	391	0.0	625	36.11
HEC-01A_ECOR46	WP_132696389.1	22.414	406	278	11	1	372	1	403	0.0	624	38.18
HEC-01A_ECOR46	CAC9596538.1	19.211	380	272	11	19	368	1	375	0.0	623	39.21
HEC-01A_ECOR46	MEI6330096.1	20.506	356	253	10	43	372	2	353	0.0	623	41.01
HEC-01A_ECOR46	MBC7153728.1	20.000	405	287	11	1	372	1	401	0.0	622	37.28
HEC-01A_ECOR46	MCR5813679.1	18.575	393	290	11	1	368	1	388	0.0	622	37.91
HEC-01A_ECOR46	MCX8502046.1	23.214	392	271	9	1	367	1	387	0.0	621	39.80
HEC-01A_ECOR46	MCR5169085.1	19.338	393	287	11	1	368	1	388	0.0	620	37.40
HEC-01A_ECOR46	WP_349647594.1	20.051	389	284	10	1	372	1	379	0.0	619	39.07
HEC-01A_ECOR46	WP_025770497.1	21.228	391	278	10	2	368	6	390	0.0	619	39.13
HEC-01A_ECOR46	MBE2279303.1	20.305	394	282	10	1	367	1	389	0.0	617	39.34
HEC-01A_ECOR46	WP_409817155.1	22.796	329	228	9	1	307	1	325	0.0	616	41.03
HEC-01A_ECOR46	MEI6099011.1	19.951	411	286	11	1	372	1	407	0.0	616	39.17
HEC-01A_ECOR46	MEO0460648.1	19.899	397	284	12	1	367	1	393	0.0	615	39.55
HEC-01A_ECOR46	MDI9408126.1	22.137	393	276	9	1	368	1	388	0.0	615	37.66
HEC-01A_ECOR46	HIE00117.1	17.513	394	294	10	1	372	1	385	0.0	614	37.56
HEC-01A_ECOR46	KAK3582497.1	23.000	400	270	12	1	371	1	391	0.0	613	38.25
HEC-01A_ECOR46	MCX8509283.1	19.465	411	288	11	1	372	1	407	0.0	613	38.69
HEC-01A_ECOR46	MDM8563499.1	19.420	345	248	10	54	372	4	344	0.0	612	41.16
HEC-01A_ECOR46	WP_341898611.1	21.922	333	234	9	1	310	1	330	0.0	612	39.34
HEC-01A_ECOR46	MDD9822702.1	21.696	401	279	12	1	371	1	396	0.0	611	39.15
HEC-01A_ECOR46	MBQ3348916.1	22.821	390	270	11	1	364	1	385	0.0	611	42.05
HEC-01A_ECOR46	MBQ8708866.1	19.624	372	268	11	25	370	1	367	0.0	610	37.90
HEC-01A_ECOR46	MBF2759372.1	20.972	391	279	10	2	368	6	390	0.0	609	38.11
HEC-01A_ECOR46	MCE2467017.1	22.843	394	271	11	1	367	6	393	0.0	609	36.29
HEC-01A_ECOR46	MES2334576.1	20.741	405	284	13	1	372	1	401	0.0	608	38.77
HEC-01A_ECOR46	MCI8642819.1	21.827	394	278	10	1	369	1	389	0.0	608	40.61
HEC-01A_ECOR46	MDR2470536.1	22.785	395	272	11	1	367	1	390	0.0	607	41.01
HEC-01A_ECOR46	MYC36206.1	18.987	395	289	11	2	371	6	394	0.0	607	36.96
HEC-01A_ECOR46	MBO4794429.1	19.697	396	287	12	1	371	1	390	0.0	607	37.63
HEC-01A_ECOR46	MDE2742233.1	19.549	399	286	12	1	369	1	394	0.0	606	38.35
HEC-01A_ECOR46	MEY3882594.1	21.386	332	231	10	68	372	2	330	0.0	606	37.35
HEC-01A_ECOR46	OQY55718.1	20.500	400	286	11	1	373	1	395	0.0	606	37.50
HEC-01A_ECOR46	MEA1898419.1	18.960	327	236	9	70	372	1	322	0.0	604	38.53
HEC-01A_ECOR46	MDR0883919.1	22.646	393	274	10	1	368	1	388	0.0	604	39.19
HEC-01A_ECOR46	WP_293675008.1	20.433	323	230	8	74	372	2	321	0.0	604	39.63
HEC-01A_ECOR46	OQW90533.1	20.301	399	287	10	2	372	4	399	0.0	604	37.34
HEC-01A_ECOR46	RKZ50889.1	21.066	394	281	10	1	372	1	386	0.0	602	40.10
HEC-01A_ECOR46	WP_406039985.1	18.204	401	285	10	1	369	2	391	0.0	601	37.91
HEC-01A_ECOR46	WP_236619782.1	18.388	397	289	12	3	369	62	453	0.0	601	39.04
HEC-01A_ECOR46	MDY0266428.1	23.035	369	254	11	25	368	1	364	0.0	600	41.73
HEC-01A_ECOR46	MBL7646993.1	21.212	396	280	11	1	371	1	389	0.0	600	37.37
HEC-01A_ECOR46	MDR2589199.1	20.611	393	281	11	1	367	1	388	0.0	599	37.40
HEC-01A_ECOR46	BAP55407.1	21.144	402	283	11	2	372	6	404	0.0	599	37.56
HEC-01A_ECOR46	WP_409622726.1	20.750	400	285	11	1	372	1	396	0.0	598	38.00
HEC-01A_ECOR46	MBB5205589.1	20.520	346	244	11	53	371	2	343	0.0	598	38.73
HEC-01A_ECOR46	MDD9807122.1	22.000	400	279	11	1	371	1	396	0.0	598	39.75
HEC-01A_ECOR46	KLD74080.1	21.930	342	236	11	57	371	1	338	0.0	597	41.52
HEC-01A_ECOR46	WP_274128708.1	22.963	405	275	12	1	372	1	401	0.0	597	40.49
HEC-01A_ECOR46	MDR1306401.1	22.081	394	276	11	1	368	1	389	0.0	597	40.10
HEC-01A_ECOR46	MDE0648643.1	19.144	397	286	12	3	369	2	393	0.0	595	39.55
HEC-01A_ECOR46	GMO70194.1	21.772	395	275	11	1	367	1	389	0.0	595	38.99
HEC-01A_ECOR46	MDD6295213.1	20.051	394	285	10	1	369	1	389	0.0	594	40.36
HEC-01A_ECOR46	KKZ14076.1	18.844	398	287	12	3	369	2	394	0.0	593	39.95
HEC-01A_ECOR46	HJB54319.1	22.959	392	271	12	1	365	1	388	0.0	591	39.80
HEC-01A_ECOR46	WP_353258830.1	17.825	331	242	10	66	371	26	351	0.0	591	36.56
HEC-01A_ECOR46	WP_190368209.1	22.523	333	230	9	1	310	1	328	0.0	591	37.84
HEC-01A_ECOR46	MDR3122639.1	20.118	338	239	11	61	372	1	333	0.0	590	39.05
HEC-01A_ECOR46	WP_260011369.1	21.337	389	267	11	19	372	1	385	0.0	590	37.53
HEC-01A_ECOR46	MBR1686692.1	20.455	396	284	11	1	371	1	390	0.0	589	38.38
HEC-01A_ECOR46	RKZ90621.1	21.446	401	282	10	2	372	4	401	0.0	589	37.16
HEC-01A_ECOR46	WP_349648616.1	20.647	402	285	10	2	372	4	402	0.0	588	36.07
HEC-01A_ECOR46	MCY3777518.1	19.048	399	285	13	1	369	1	391	0.0	588	38.35
HEC-01A_ECOR46	HHB93365.1	20.551	399	284	10	2	370	4	399	0.0	588	36.34
HEC-01A_ECOR46	MCE2749787.1	21.337	389	265	13	19	372	1	383	0.0	587	37.28
HEC-01A_ECOR46	MDR1797237.1	21.696	401	279	12	1	371	1	396	0.0	586	40.15
HEC-01A_ECOR46	RKZ88640.1	19.750	400	287	11	1	371	1	395	0.0	585	38.00
HEC-01A_ECOR46	MDR0516848.1	22.335	394	274	11	1	367	1	389	0.0	585	40.10
HEC-01A_ECOR46	MCA8834984.1	19.307	404	288	12	1	370	1	400	0.0	585	37.38
HEC-01A_ECOR46	HIE00789.1	20.948	401	284	10	2	372	4	401	0.0	584	37.91
HEC-01A_ECOR46	MBO4335183.1	19.899	397	288	11	1	372	1	392	0.0	584	39.29
HEC-01A_ECOR46	MDO4569943.1	19.744	390	282	11	1	364	1	385	0.0	584	38.72
HEC-01A_ECOR46	RFU13648.1	22.222	405	278	13	1	372	1	401	0.0	583	39.26
HEC-01A_ECOR46	RLC22018.1	21.159	397	284	9	1	371	1	394	0.0	583	37.03
HEC-01A_ECOR46	MEN6469357.1	21.194	335	234	10	60	370	1	329	0.0	583	40.00
HEC-01A_ECOR46	MDE2905786.1	22.472	356	252	10	1	339	1	349	0.0	582	40.45
HEC-01A_ECOR46	MDR2141569.1	21.106	398	281	10	1	368	1	395	0.0	582	38.94
HEC-01A_ECOR46	HCX34935.1	21.451	317	221	9	80	372	2	314	0.0	581	41.32
HEC-01A_ECOR46	MDR0889702.1	21.393	402	279	13	1	370	1	397	0.0	581	39.05
HEC-01A_ECOR46	MDR0380740.1	20.398	402	283	13	1	370	1	397	0.0	581	38.06
HEC-01A_ECOR46	MDX9753791.1	20.859	326	230	8	1	301	1	323	0.0	581	39.26
HEC-01A_ECOR46	EKX8523968.1	20.615	325	229	9	75	372	3	325	0.0	580	36.92
HEC-01A_ECOR46	MEG1740610.1	21.159	397	278	10	1	367	6	397	0.0	580	40.05
HEC-01A_ECOR46	MCK5537631.1	20.844	403	284	11	2	372	22	421	0.0	576	36.48
HEC-01A_ECOR46	ETR65909.1	20.955	377	269	9	19	369	3	376	0.0	575	38.20
HEC-01A_ECOR46	MDM8524517.1	22.997	387	272	11	1	370	1	378	0.0	573	39.79
HEC-01A_ECOR46	MCX8492570.1	23.270	318	215	9	81	372	2	316	0.0	572	41.51
HEC-01A_ECOR46	MDM8567151.1	20.936	406	283	10	2	372	4	406	0.0	571	35.47
HEC-01A_ECOR46	MDR1088886.1	21.429	392	273	12	12	373	1	387	0.0	570	40.31
HEC-01A_ECOR46	AGS51984.1	20.398	402	283	14	1	370	1	397	0.0	570	38.31
HEC-01A_ECOR46	MDR1291022.1	19.885	347	246	9	3	320	2	345	0.0	569	42.36
HEC-01A_ECOR46	MCH7908772.1	19.453	329	234	9	1	303	1	324	0.0	567	35.56
HEC-01A_ECOR46	MBP3693197.1	21.574	394	276	13	1	367	1	388	0.0	567	41.12
HEC-01A_ECOR46	MBP9122399.1	23.547	344	231	9	1	317	1	339	0.0	565	39.53
HEC-01A_ECOR46	MFM8474778.1	19.403	335	241	9	63	373	4	333	0.0	565	41.19
HEC-01A_ECOR46	MCB0552785.1	24.116	311	209	8	86	372	4	311	0.0	565	41.80
HEC-01A_ECOR46	MDO9084066.1	20.548	292	205	8	105	372	1	289	0.0	564	41.44
HEC-01A_ECOR46	MXY62841.1	18.136	397	289	12	3	369	2	392	0.0	564	38.54
HEC-01A_ECOR46	WP_293106158.1	21.242	306	215	9	40	323	2	303	0.0	563	40.20
HEC-01A_ECOR46	VFJ86338.1	19.033	331	238	10	64	368	37	363	0.0	562	38.97
HEC-01A_ECOR46	MDA8001776.1	21.772	395	275	12	1	368	1	388	0.0	561	40.51
HEC-01A_ECOR46	TVR43184.1	21.303	399	280	11	1	372	1	392	0.0	560	39.35


