# blastp
# Iteration: 7
# Query: PtuA_Slividans
# RID: WZRXSF8B016
# Database: nr_cluster_seq
# Fields: query acc.ver, subject acc.ver, % identity, alignment length, mismatches, gap opens, q. start, q. end, s. start, s. end, evalue, bit score, % positives
# 1000 hits found
PtuA_Slividans	WP_226609436.1	40.619	517	281	11	1	498	1	510	0.0	885	55.90
PtuA_Slividans	WP_149162928.1	42.308	520	274	11	1	501	1	513	0.0	882	55.77
PtuA_Slividans	MBI5611767.1	42.330	515	274	11	3	501	8	515	0.0	880	57.28
PtuA_Slividans	MDA8230958.1	40.270	519	284	11	1	501	1	511	0.0	875	55.68
PtuA_Slividans	WP_203957957.1	42.940	517	272	10	1	501	1	510	0.0	874	57.45
PtuA_Slividans	HEX4042229.1	41.279	516	277	11	1	497	1	509	0.0	871	56.98
PtuA_Slividans	WP_152004142.1	39.300	514	292	9	1	500	1	508	0.0	869	53.89
PtuA_Slividans	WP_351442976.1	43.654	520	267	11	1	501	1	513	0.0	866	58.46
PtuA_Slividans	WP_194262225.1	40.705	511	280	10	3	498	4	506	0.0	865	55.77
PtuA_Slividans	MCE5268402.1	42.857	525	269	11	1	501	1	518	0.0	865	55.43
PtuA_Slividans	MFV7669467.1	38.857	525	289	9	3	501	5	523	0.0	864	52.95
PtuA_Slividans	WP_214273013.1	42.412	514	272	10	3	499	4	510	0.0	864	57.20
PtuA_Slividans	WP_123175054.1	40.856	514	280	10	3	499	4	510	0.0	864	56.81
PtuA_Slividans	WP_042060602.1	40.388	515	283	10	3	500	4	511	0.0	863	55.34
PtuA_Slividans	WP_129856381.1	41.586	517	277	11	1	501	1	508	0.0	862	56.09
PtuA_Slividans	WP_027033402.1	43.580	514	269	10	1	500	1	507	0.0	862	57.59
PtuA_Slividans	WP_217734466.1	40.583	515	282	10	3	500	4	511	0.0	860	55.73
PtuA_Slividans	WP_401461428.1	43.545	519	268	12	1	501	1	512	0.0	860	56.65
PtuA_Slividans	WP_323300386.1	37.143	525	298	9	3	501	5	523	0.0	859	52.95
PtuA_Slividans	MDF1644291.1	38.857	525	289	9	3	501	5	523	0.0	858	52.95
PtuA_Slividans	WP_358169220.1	42.913	515	271	10	1	499	1	508	0.0	858	57.28
PtuA_Slividans	WP_224586598.1	43.969	514	267	10	1	500	1	507	0.0	857	57.98
PtuA_Slividans	WP_146475886.1	39.729	516	288	10	3	502	5	513	0.0	857	54.65
PtuA_Slividans	WP_124674632.1	42.524	515	272	11	2	498	4	512	0.0	856	58.25
PtuA_Slividans	WP_350966235.1	44.681	517	262	12	1	502	1	508	0.0	856	59.19
PtuA_Slividans	WP_044421986.1	39.029	515	294	9	1	501	1	509	0.0	856	54.56
PtuA_Slividans	WP_315812465.1	40.698	516	282	10	3	501	4	512	0.0	855	57.36
PtuA_Slividans	WP_372811515.1	38.550	524	291	9	3	501	5	522	0.0	855	53.24
PtuA_Slividans	WP_150770732.1	38.641	515	296	9	1	501	1	509	0.0	855	55.15
PtuA_Slividans	WP_248093608.1	40.848	519	283	11	2	502	4	516	0.0	854	56.84
PtuA_Slividans	WP_414585589.1	43.436	518	269	11	1	501	1	511	0.0	854	57.92
PtuA_Slividans	WP_167671010.1	41.699	518	279	11	2	502	4	515	0.0	854	57.14
PtuA_Slividans	WP_350325026.1	41.829	514	276	11	2	498	4	511	0.0	853	57.78
PtuA_Slividans	CAK8720657.1	36.278	532	302	10	1	502	1	525	0.0	852	53.20
PtuA_Slividans	WP_414091459.1	42.176	524	271	11	1	498	1	518	0.0	851	55.53
PtuA_Slividans	WP_199007835.1	37.739	522	293	9	3	498	5	520	0.0	850	53.64
PtuA_Slividans	HEY4135524.1	41.006	517	279	11	1	498	1	510	0.0	850	56.09
PtuA_Slividans	WP_217895540.1	37.951	527	295	9	1	501	3	523	0.0	850	53.32
PtuA_Slividans	WP_343240030.1	42.389	519	274	11	1	501	1	512	0.0	850	56.65
PtuA_Slividans	WP_233125048.1	43.545	519	267	11	1	500	1	512	0.0	849	57.03
PtuA_Slividans	WP_270030695.1	39.845	517	288	10	1	501	1	510	0.0	849	54.93
PtuA_Slividans	WP_236574807.1	38.185	529	293	10	1	501	1	523	0.0	849	52.55
PtuA_Slividans	MDQ6944745.1	42.857	518	271	9	1	500	1	511	0.0	848	57.34
PtuA_Slividans	WP_401339038.1	39.300	514	289	10	2	499	4	510	0.0	848	55.64
PtuA_Slividans	WP_082979899.1	40.077	519	285	11	3	502	4	515	0.0	848	55.68
PtuA_Slividans	WP_105751171.1	39.535	516	289	10	3	502	5	513	0.0	848	53.68
PtuA_Slividans	MEQ1589294.1	41.667	516	277	11	3	501	5	513	0.0	847	56.01
PtuA_Slividans	WP_372553460.1	41.279	516	277	11	1	497	3	511	0.0	847	58.91
PtuA_Slividans	WP_341326351.1	37.812	521	293	9	3	498	5	519	0.0	847	52.98
PtuA_Slividans	WP_201569000.1	38.241	523	293	9	3	501	5	521	0.0	846	53.35
PtuA_Slividans	WP_143638767.1	40.541	518	284	11	1	501	1	511	0.0	846	55.60
PtuA_Slividans	WP_340836824.1	39.376	513	290	10	1	499	1	506	0.0	846	57.12
PtuA_Slividans	PZO36700.1	37.192	527	299	9	1	501	1	521	0.0	845	53.32
PtuA_Slividans	HBN9817942.1	40.769	520	282	11	2	502	4	516	0.0	845	55.38
PtuA_Slividans	MBF0116632.1	41.279	516	277	11	3	499	4	512	0.0	845	56.78
PtuA_Slividans	MBL4901858.1	36.100	518	306	9	1	499	3	514	0.0	844	55.21
PtuA_Slividans	WP_140663550.1	37.743	514	301	9	1	501	1	508	0.0	843	55.45
PtuA_Slividans	WP_168494207.1	37.500	528	295	10	3	501	5	526	0.0	843	54.55
PtuA_Slividans	WP_371639767.1	42.166	517	275	10	1	500	23	532	0.0	843	56.67
PtuA_Slividans	PTS76545.1	42.912	522	267	11	1	497	1	516	0.0	842	57.28
PtuA_Slividans	WP_196517267.1	38.374	529	290	10	3	501	5	527	0.0	842	52.74
PtuA_Slividans	WP_240538994.1	37.573	511	301	9	1	499	1	505	0.0	842	54.60
PtuA_Slividans	MCK4783403.1	38.286	525	292	10	3	501	5	523	0.0	842	53.90
PtuA_Slividans	WP_233978884.1	37.255	510	302	10	1	500	1	502	0.0	841	55.69
PtuA_Slividans	MDO8771767.1	41.365	498	266	11	20	498	3	493	0.0	840	56.22
PtuA_Slividans	MDW9788516.1	39.689	514	290	10	1	501	1	507	0.0	840	54.67
PtuA_Slividans	WP_091159191.1	42.857	518	274	12	1	501	1	513	0.0	839	56.95
PtuA_Slividans	WP_059171998.1	40.351	513	285	10	1	499	1	506	0.0	839	57.12
PtuA_Slividans	WP_181517271.1	37.059	510	303	10	1	500	1	502	0.0	838	57.06
PtuA_Slividans	WP_221123359.1	38.462	507	296	9	1	497	1	501	0.0	838	53.65
PtuA_Slividans	WP_390678458.1	43.243	518	271	11	1	501	13	524	0.0	838	57.14
PtuA_Slividans	WP_394293634.1	37.905	525	294	9	3	501	5	523	0.0	838	52.38
PtuA_Slividans	MCC7227363.1	40.848	519	283	11	2	502	4	516	0.0	838	55.88
PtuA_Slividans	WP_249094551.1	39.130	506	280	10	18	501	16	515	0.0	838	54.94
PtuA_Slividans	WP_005300994.1	37.647	510	300	10	1	500	1	502	0.0	838	54.71
PtuA_Slividans	WP_071600420.1	38.039	510	298	10	1	500	1	502	0.0	838	56.27
PtuA_Slividans	MFT6094360.1	37.192	527	297	10	3	501	5	525	0.0	837	53.70
PtuA_Slividans	WP_409160894.1	36.863	510	304	10	1	500	1	502	0.0	837	54.71
PtuA_Slividans	WP_246669784.1	44.378	498	251	11	24	502	3	493	0.0	837	58.43
PtuA_Slividans	WP_312538070.1	38.748	511	287	11	2	495	4	505	0.0	837	54.60
PtuA_Slividans	WP_193837494.1	36.471	510	306	10	1	500	1	502	0.0	837	54.31
PtuA_Slividans	WP_288656922.1	38.178	516	297	11	1	501	1	509	0.0	837	56.40
PtuA_Slividans	WP_049399713.1	42.829	516	267	11	3	497	5	513	0.0	837	56.20
PtuA_Slividans	WP_025768932.1	36.078	510	308	10	1	500	1	502	0.0	836	55.69
PtuA_Slividans	WP_309266217.1	37.573	511	301	10	1	501	1	503	0.0	836	56.56
PtuA_Slividans	MCI5221582.1	36.038	530	302	10	1	500	1	523	0.0	836	51.89
PtuA_Slividans	WP_271157466.1	41.426	519	279	11	1	501	1	512	0.0	835	55.68
PtuA_Slividans	HPL67672.1	40.971	515	276	12	3	500	8	511	0.0	835	55.73
PtuA_Slividans	WP_091176981.1	39.961	513	287	10	1	499	1	506	0.0	835	56.92
PtuA_Slividans	WP_199397355.1	37.647	510	296	11	1	500	1	498	0.0	834	55.69
PtuA_Slividans	WP_085319396.1	35.048	525	300	10	1	502	1	507	0.0	834	51.05
PtuA_Slividans	WP_075684202.1	38.878	517	292	11	1	501	1	509	0.0	834	55.71
PtuA_Slividans	MAE50879.1	41.255	526	278	11	1	502	1	519	0.0	833	56.65
PtuA_Slividans	WP_252746859.1	37.673	507	300	9	1	497	1	501	0.0	833	54.04
PtuA_Slividans	MCH9660024.1	39.453	512	290	10	1	499	1	505	0.0	833	56.64
PtuA_Slividans	WP_317953338.1	40.546	513	284	10	1	499	1	506	0.0	832	58.09
PtuA_Slividans	WP_090902471.1	37.670	515	301	9	1	501	1	509	0.0	832	53.79
PtuA_Slividans	WP_328434824.1	44.130	494	254	10	23	500	2	489	0.0	832	58.50
PtuA_Slividans	WP_088227388.1	40.272	514	284	11	1	498	1	507	0.0	831	56.23
PtuA_Slividans	WP_272350486.1	37.240	529	297	10	1	500	1	523	0.0	831	52.93
PtuA_Slividans	WP_272514001.1	36.863	510	304	10	1	500	1	502	0.0	831	55.69
PtuA_Slividans	WP_299973352.1	38.050	523	292	9	3	499	5	521	0.0	831	55.07
PtuA_Slividans	WP_130695344.1	37.624	505	299	9	1	495	1	499	0.0	831	53.47
PtuA_Slividans	WP_058325793.1	39.250	507	292	9	1	497	1	501	0.0	830	53.65
PtuA_Slividans	WP_163156320.1	35.192	520	304	11	1	501	1	506	0.0	830	52.31
PtuA_Slividans	WP_046091464.1	38.953	516	293	11	1	501	1	509	0.0	830	56.78
PtuA_Slividans	WP_008986645.1	34.476	525	303	10	1	502	1	507	0.0	830	51.24
PtuA_Slividans	MCX5964435.1	36.952	525	298	10	3	501	5	522	0.0	830	54.10
PtuA_Slividans	WP_054552629.1	38.953	516	293	11	1	501	1	509	0.0	829	56.20
PtuA_Slividans	WP_224855300.1	41.199	517	278	12	1	499	1	509	0.0	829	56.48
PtuA_Slividans	MDC1513196.1	37.911	517	296	10	1	499	1	510	0.0	829	53.00
PtuA_Slividans	WP_097541651.1	37.673	507	300	9	1	497	1	501	0.0	829	53.85
PtuA_Slividans	EAW1174397.1	36.750	517	305	11	1	502	1	510	0.0	829	55.32
PtuA_Slividans	WP_401702875.1	40.077	519	286	11	1	501	1	512	0.0	828	55.49
PtuA_Slividans	WP_203854510.1	43.050	518	269	12	1	500	1	510	0.0	827	57.53
PtuA_Slividans	WP_088636271.1	38.563	529	286	11	1	498	1	521	0.0	827	54.25
PtuA_Slividans	PCJ87450.1	37.002	527	297	9	2	499	4	524	0.0	827	52.94
PtuA_Slividans	WP_221930499.1	38.185	529	293	10	1	501	1	523	0.0	827	52.74
PtuA_Slividans	WP_351744573.1	43.548	496	256	11	23	501	2	490	0.0	827	56.25
PtuA_Slividans	WP_341584097.1	36.399	511	306	10	1	500	1	503	0.0	827	55.58
PtuA_Slividans	WP_237612022.1	36.986	511	304	10	1	501	2	504	0.0	827	56.36
PtuA_Slividans	WP_253868865.1	37.255	510	302	10	1	500	13	514	0.0	826	57.06
PtuA_Slividans	WP_338704069.1	45.325	492	248	11	23	501	4	487	0.0	826	58.33
PtuA_Slividans	WP_317245289.1	44.515	474	239	9	44	500	16	482	0.0	826	56.33
PtuA_Slividans	WP_171327249.1	37.182	511	302	10	1	500	1	503	0.0	826	55.97
PtuA_Slividans	WP_205877294.1	38.910	532	286	11	1	501	81	604	0.0	825	53.76
PtuA_Slividans	NTW88513.1	40.310	516	282	11	1	497	1	509	0.0	825	56.20
PtuA_Slividans	WP_021691891.1	42.692	520	272	11	1	500	1	514	0.0	825	56.54
PtuA_Slividans	WP_178955212.1	37.647	510	300	10	1	500	1	502	0.0	824	54.51
PtuA_Slividans	WP_029686202.1	37.791	516	299	11	1	501	1	509	0.0	824	56.40
PtuA_Slividans	HEY3278207.1	40.927	496	267	11	21	497	4	492	0.0	824	57.66
PtuA_Slividans	MCK5384617.1	38.857	525	288	10	1	498	1	519	0.0	823	55.62
PtuA_Slividans	MFM8442456.1	39.139	534	283	11	1	498	1	528	0.0	823	54.68
PtuA_Slividans	WP_201656066.1	42.315	501	259	11	24	501	3	496	0.0	823	57.09
PtuA_Slividans	WP_049197126.1	35.048	525	301	10	1	502	1	508	0.0	822	53.71
PtuA_Slividans	WP_260781039.1	41.359	515	276	12	1	496	1	508	0.0	822	57.86
PtuA_Slividans	WP_142888693.1	36.292	507	307	9	1	497	1	501	0.0	822	51.87
PtuA_Slividans	MCY7333050.1	37.356	522	298	11	3	501	30	545	0.0	822	53.26
PtuA_Slividans	WP_069189029.1	36.311	515	309	9	1	502	1	509	0.0	822	55.15
PtuA_Slividans	WP_108156196.1	37.232	513	303	10	1	502	1	505	0.0	821	57.50
PtuA_Slividans	WP_356951653.1	41.399	529	275	11	1	501	1	522	0.0	820	55.01
PtuA_Slividans	MBC8549599.1	37.476	515	295	11	2	497	4	510	0.0	820	55.73
PtuA_Slividans	WP_083909521.1	39.608	510	288	9	2	497	3	506	0.0	820	55.69
PtuA_Slividans	WP_160412249.1	33.902	528	315	10	2	502	3	523	0.0	820	52.46
PtuA_Slividans	WP_306136144.1	38.230	531	286	11	3	497	5	529	0.0	820	54.61
PtuA_Slividans	WP_206741677.1	38.476	525	285	11	6	500	2	518	0.0	819	53.90
PtuA_Slividans	WP_098507522.1	39.648	512	287	11	1	497	1	505	0.0	819	56.05
PtuA_Slividans	MFN7767716.1	39.434	530	283	14	1	502	1	520	0.0	819	56.04
PtuA_Slividans	WP_104765050.1	37.791	516	300	9	1	501	1	510	0.0	818	54.26
PtuA_Slividans	MDE1161181.1	40.077	519	286	12	1	501	1	512	0.0	818	56.07
PtuA_Slividans	WP_248957100.1	37.285	523	297	10	3	501	5	520	0.0	818	52.58
PtuA_Slividans	WP_127158145.1	37.232	513	299	12	1	498	1	505	0.0	818	56.34
PtuA_Slividans	MBL8854415.1	37.931	522	292	12	1	498	1	514	0.0	818	54.60
PtuA_Slividans	WP_408013727.1	36.699	515	306	9	1	501	1	509	0.0	818	53.20
PtuA_Slividans	WP_339461162.1	38.012	513	300	9	1	501	1	507	0.0	818	54.39
PtuA_Slividans	WP_282739886.1	38.566	516	296	9	1	501	1	510	0.0	816	55.43
PtuA_Slividans	WP_154610637.1	37.765	519	297	11	1	500	1	512	0.0	816	54.91
PtuA_Slividans	WP_082502712.1	37.938	514	300	9	1	501	1	508	0.0	816	55.06
PtuA_Slividans	WP_177069363.1	36.047	516	309	9	1	501	1	510	0.0	816	53.10
PtuA_Slividans	WP_020481291.1	34.275	531	313	10	1	502	1	524	0.0	816	51.60
PtuA_Slividans	WP_202250517.1	39.412	510	290	9	1	497	1	504	0.0	816	54.71
PtuA_Slividans	WP_187031930.1	38.207	513	294	9	1	497	1	506	0.0	816	53.22
PtuA_Slividans	WP_160738845.1	38.941	529	285	11	1	499	1	521	0.0	815	55.20
PtuA_Slividans	WP_210247412.1	38.521	514	297	10	1	501	1	508	0.0	815	53.11
PtuA_Slividans	MCU4173950.1	42.188	512	272	13	1	500	1	500	0.0	815	58.98
PtuA_Slividans	WP_353728062.1	37.992	508	301	9	1	501	1	501	0.0	815	57.09
PtuA_Slividans	WP_218690658.1	38.623	523	290	10	3	501	5	520	0.0	815	52.01
PtuA_Slividans	WP_306882685.1	38.645	502	284	10	14	498	14	508	0.0	815	52.59
PtuA_Slividans	MBT2969592.1	36.452	513	306	10	1	500	1	506	0.0	814	54.39
PtuA_Slividans	WP_085011944.1	35.728	529	304	10	1	500	1	522	0.0	814	52.17
PtuA_Slividans	WP_166233073.1	38.867	512	293	9	1	499	1	505	0.0	814	56.25
PtuA_Slividans	WP_372901536.1	38.258	528	293	10	1	501	1	522	0.0	814	55.11
PtuA_Slividans	WP_018402792.1	37.864	515	298	11	1	500	1	508	0.0	814	56.12
PtuA_Slividans	WP_341912830.1	37.232	513	302	10	1	500	1	506	0.0	814	54.58
PtuA_Slividans	WP_027330666.1	36.226	530	301	10	1	500	1	523	0.0	813	51.89
PtuA_Slividans	WP_202642666.1	35.441	522	296	10	1	499	1	504	0.0	813	51.34
PtuA_Slividans	WP_209307944.1	38.716	514	294	10	2	501	3	509	0.0	813	54.67
PtuA_Slividans	CAC9601635.1	37.822	505	287	10	14	499	12	508	0.0	813	59.21
PtuA_Slividans	WP_323844103.1	37.524	525	295	10	4	501	6	524	0.0	813	53.52
PtuA_Slividans	WP_058288155.1	37.547	530	296	10	1	501	1	524	0.0	813	54.34
PtuA_Slividans	WP_221049485.1	36.863	510	305	9	1	500	1	503	0.0	813	53.92
PtuA_Slividans	MBM4890243.1	36.667	510	305	10	1	500	1	502	0.0	812	54.71
PtuA_Slividans	WP_394670883.1	37.931	522	291	9	6	500	8	523	0.0	812	54.21
PtuA_Slividans	WP_087870432.1	37.698	504	292	10	12	501	1	496	0.0	812	54.96
PtuA_Slividans	MFN3549179.1	38.679	530	290	10	1	501	47	570	0.0	811	55.09
PtuA_Slividans	WP_163907780.1	37.573	511	301	9	1	499	1	505	0.0	811	53.82
PtuA_Slividans	MDO9161238.1	40.310	516	285	11	1	501	1	508	0.0	811	55.62
PtuA_Slividans	WP_197978032.1	38.150	519	297	11	1	502	1	512	0.0	810	52.60
PtuA_Slividans	WP_413017566.1	35.405	531	293	11	1	499	3	515	0.0	810	50.66
PtuA_Slividans	WP_342200642.1	39.293	509	287	11	1	494	1	502	0.0	810	56.39
PtuA_Slividans	MEQ8427423.1	37.427	513	301	10	1	500	1	506	0.0	809	55.17
PtuA_Slividans	WP_147223659.1	37.695	512	299	9	1	501	1	503	0.0	809	57.62
PtuA_Slividans	WP_331340211.1	38.123	522	290	12	3	501	6	517	0.0	809	56.51
PtuA_Slividans	WP_105433178.1	37.673	507	298	9	1	495	1	501	0.0	808	52.86
PtuA_Slividans	WP_210515794.1	37.165	522	301	10	1	501	1	516	0.0	808	53.64
PtuA_Slividans	WP_252949189.1	34.594	529	311	11	1	501	1	522	0.0	807	51.23
PtuA_Slividans	WP_339635781.1	37.523	533	294	11	1	502	1	525	0.0	807	54.03
PtuA_Slividans	WP_196558722.1	33.966	527	314	10	1	500	1	520	0.0	807	51.04
PtuA_Slividans	WP_215801353.1	37.647	510	301	9	1	500	5	507	0.0	807	55.69
PtuA_Slividans	WP_342856364.1	41.586	517	275	11	1	497	1	510	0.0	807	56.67
PtuA_Slividans	WP_310147364.1	37.282	515	303	10	1	502	53	560	0.0	807	53.59
PtuA_Slividans	WP_372012814.1	40.577	520	280	10	3	500	5	517	0.0	807	55.77
PtuA_Slividans	WP_090725196.1	36.257	513	307	10	1	500	1	506	0.0	807	53.02
PtuA_Slividans	WP_394093887.1	37.791	516	300	10	1	502	2	510	0.0	806	53.88
PtuA_Slividans	WP_336237159.1	38.583	508	298	9	1	501	1	501	0.0	806	56.89
PtuA_Slividans	WP_345844611.1	34.280	528	312	11	1	500	2	522	0.0	806	50.57
PtuA_Slividans	WP_208123658.1	35.472	530	306	10	1	501	1	523	0.0	806	51.32
PtuA_Slividans	WP_215964969.1	34.972	529	309	11	1	501	1	522	0.0	806	51.42
PtuA_Slividans	HEY2068095.1	40.077	519	283	12	1	498	1	512	0.0	805	55.49
PtuA_Slividans	WP_207002190.1	37.285	523	295	11	4	499	6	522	0.0	805	52.96
PtuA_Slividans	TAJ74911.1	36.133	512	307	10	1	499	1	505	0.0	805	51.95
PtuA_Slividans	MCG8053949.1	39.181	513	293	10	1	501	1	506	0.0	805	56.14
PtuA_Slividans	WP_208904544.1	34.601	526	310	10	2	500	3	521	0.0	805	52.28
PtuA_Slividans	WP_225489744.1	34.674	522	300	10	1	499	1	504	0.0	805	52.11
PtuA_Slividans	PCH60213.1	35.853	516	310	11	1	502	1	509	0.0	805	54.65
PtuA_Slividans	WP_035270465.1	34.015	538	310	10	1	500	1	531	0.0	805	51.67
PtuA_Slividans	WP_248720846.1	34.417	523	303	10	1	500	1	506	0.0	805	53.15
PtuA_Slividans	WP_240887721.1	37.549	514	296	10	2	500	3	506	0.0	805	54.28
PtuA_Slividans	WP_003182739.1	35.409	514	312	9	1	500	1	508	0.0	805	52.72
PtuA_Slividans	WP_369583036.1	36.084	521	307	11	1	502	1	514	0.0	804	55.66
PtuA_Slividans	WP_055008710.1	37.209	516	303	9	1	501	1	510	0.0	804	54.65
PtuA_Slividans	MCK5016359.1	38.160	511	294	8	1	497	1	503	0.0	804	56.16
PtuA_Slividans	WP_136396137.1	40.232	517	285	11	1	501	1	509	0.0	804	56.67
PtuA_Slividans	WP_345686631.1	39.845	517	287	12	1	501	1	509	0.0	803	57.25
PtuA_Slividans	MBS1683232.1	39.216	510	290	9	1	497	1	503	0.0	803	55.29
PtuA_Slividans	WP_306724240.1	38.207	513	287	11	7	497	12	516	0.0	803	54.19
PtuA_Slividans	OEU67634.1	35.728	529	304	10	1	500	1	522	0.0	803	51.80
PtuA_Slividans	WP_267542639.1	40.441	544	271	10	1	499	1	536	0.0	803	53.12
PtuA_Slividans	WP_371949165.1	43.353	519	267	13	1	502	1	509	0.0	803	56.84
PtuA_Slividans	HBS26697.1	35.603	514	311	9	1	500	1	508	0.0	803	52.92
PtuA_Slividans	WP_119909391.1	36.433	527	288	11	3	500	5	513	0.0	803	52.18
PtuA_Slividans	MCF6285091.1	40.678	531	279	12	1	502	1	524	0.0	803	55.93
PtuA_Slividans	WP_115298617.1	34.659	528	310	11	1	500	1	521	0.0	803	52.46
PtuA_Slividans	WP_350172262.1	36.986	511	303	9	1	498	1	505	0.0	803	52.84
PtuA_Slividans	WP_124918012.1	35.660	530	296	10	3	502	5	519	0.0	803	51.13
PtuA_Slividans	WP_411180649.1	38.476	525	291	9	2	500	4	522	0.0	803	51.43
PtuA_Slividans	WP_317022967.1	33.826	541	312	10	1	502	1	534	0.0	801	50.65
PtuA_Slividans	WP_074836277.1	38.911	514	295	9	1	501	1	508	0.0	801	54.86
PtuA_Slividans	WP_317970571.1	36.517	534	298	9	1	500	1	527	0.0	801	52.43
PtuA_Slividans	WP_208561542.1	40.388	515	285	11	1	501	1	507	0.0	801	56.12
PtuA_Slividans	WP_318438127.1	38.986	513	283	10	7	497	11	515	0.0	800	55.36
PtuA_Slividans	WP_137012372.1	38.076	499	293	9	3	497	5	491	0.0	800	56.91
PtuA_Slividans	WP_175752484.1	37.182	511	289	12	12	498	10	512	0.0	800	54.21
PtuA_Slividans	WP_227521400.1	33.524	525	315	9	2	499	81	598	0.0	800	50.48
PtuA_Slividans	WP_402709671.1	36.240	516	308	10	1	501	3	512	0.0	800	52.33
PtuA_Slividans	WP_395029338.1	36.364	517	308	9	1	502	3	513	0.0	800	52.03
PtuA_Slividans	WP_199466394.1	34.535	527	310	11	1	499	1	520	0.0	800	51.23
PtuA_Slividans	MDD2356471.1	39.029	515	289	11	1	502	1	503	0.0	799	54.95
PtuA_Slividans	WP_271215534.1	45.349	516	254	11	1	501	1	503	0.0	799	57.95
PtuA_Slividans	WP_044617316.1	35.526	532	306	10	1	502	1	525	0.0	799	52.26
PtuA_Slividans	WP_311196606.1	34.156	527	312	10	2	500	3	522	0.0	799	51.42
PtuA_Slividans	WP_218126933.1	40.077	519	283	9	3	499	5	517	0.0	799	57.23
PtuA_Slividans	HWJ64593.1	45.188	478	241	11	21	486	2	470	0.0	798	58.79
PtuA_Slividans	WP_186134482.1	36.699	515	305	9	1	500	3	511	0.0	798	53.79
PtuA_Slividans	WP_213366363.1	35.922	515	309	10	1	500	1	509	0.0	798	52.82
PtuA_Slividans	MBL4696441.1	37.107	477	281	9	35	498	1	471	0.0	798	55.77
PtuA_Slividans	WP_318238628.1	35.057	522	311	12	1	501	9	523	0.0	798	52.68
PtuA_Slividans	MFA6144036.1	39.883	514	285	12	1	500	1	504	0.0	798	56.03
PtuA_Slividans	WP_215595204.1	41.243	531	275	10	1	501	1	524	0.0	798	54.24
PtuA_Slividans	WP_408369764.1	37.721	509	288	12	12	498	10	511	0.0	798	54.42
PtuA_Slividans	WP_366647046.1	43.462	520	262	12	1	500	1	508	0.0	797	55.58
PtuA_Slividans	WP_164100256.1	33.650	526	315	10	2	500	3	521	0.0	797	51.52
PtuA_Slividans	WP_126508002.1	37.597	516	292	11	8	501	13	520	0.0	797	55.04
PtuA_Slividans	WP_017448818.1	39.293	509	286	11	1	493	1	502	0.0	797	55.80
PtuA_Slividans	WP_216332522.1	37.938	514	294	10	1	497	1	506	0.0	796	54.09
PtuA_Slividans	MFM5579259.1	34.906	530	310	10	1	502	1	523	0.0	796	52.26
PtuA_Slividans	WP_182237513.1	34.340	530	313	11	1	502	2	524	0.0	796	51.32
PtuA_Slividans	WP_296273015.1	38.388	521	294	9	1	500	3	517	0.0	796	52.40
PtuA_Slividans	WP_104015394.1	35.038	528	307	11	1	500	1	520	0.0	796	51.33
PtuA_Slividans	WP_128786305.1	39.961	513	278	11	7	497	12	516	0.0	796	55.56
PtuA_Slividans	MFA9217470.1	36.257	513	307	10	1	500	1	506	0.0	796	55.17
PtuA_Slividans	WP_122254745.1	35.603	514	305	13	1	501	1	501	0.0	796	52.72
PtuA_Slividans	WP_034822818.1	34.026	529	314	11	1	501	1	522	0.0	796	49.91
PtuA_Slividans	WP_120386832.1	35.849	530	304	11	1	501	1	523	0.0	795	51.70
PtuA_Slividans	WP_206167786.1	38.735	506	285	10	15	502	2	500	0.0	795	52.57
PtuA_Slividans	WP_245132150.1	34.216	529	312	11	1	500	1	522	0.0	795	51.80
PtuA_Slividans	WP_037620153.1	39.655	522	284	10	1	500	1	513	0.0	795	54.41
PtuA_Slividans	WP_382353180.1	35.926	540	299	11	1	501	1	532	0.0	795	50.37
PtuA_Slividans	WP_294616034.1	34.848	528	308	12	1	500	1	520	0.0	795	50.95
PtuA_Slividans	WP_222933269.1	37.214	524	297	9	3	500	5	522	0.0	795	52.67
PtuA_Slividans	WP_250937865.1	37.051	529	295	13	1	501	7	525	0.0	795	51.42
PtuA_Slividans	WP_282361076.1	36.660	521	298	10	1	501	1	509	0.0	795	52.78
PtuA_Slividans	WP_203896598.1	42.775	519	264	12	3	500	100	606	0.0	794	55.11
PtuA_Slividans	WP_257958187.1	36.538	520	300	11	1	498	1	512	0.0	794	54.04
PtuA_Slividans	WP_196778224.1	40.430	512	281	12	1	500	1	500	0.0	794	56.45
PtuA_Slividans	WP_379848874.1	38.552	511	294	10	1	498	7	510	0.0	794	57.53
PtuA_Slividans	WP_187821579.1	40.661	514	283	11	1	501	1	505	0.0	794	54.47
PtuA_Slividans	WP_361427090.1	39.655	522	284	10	1	500	1	513	0.0	794	54.79
PtuA_Slividans	MDF3031413.1	35.674	527	305	10	1	500	1	520	0.0	794	51.99
PtuA_Slividans	WP_371371074.1	36.257	513	302	10	1	498	1	503	0.0	794	55.56
PtuA_Slividans	WP_210078547.1	36.122	526	302	10	1	500	1	518	0.0	794	52.28
PtuA_Slividans	WP_271659019.1	36.312	526	284	12	1	495	3	508	0.0	793	50.19
PtuA_Slividans	WP_340430852.1	38.835	515	292	12	1	500	1	507	0.0	793	57.28
PtuA_Slividans	WP_255834877.1	34.674	522	308	10	3	498	4	518	0.0	793	50.38
PtuA_Slividans	EKZ9001013.1	37.786	524	295	12	1	501	3	518	0.0	793	54.77
PtuA_Slividans	CAH7482166.1	35.674	527	294	11	1	500	1	509	0.0	793	53.70
PtuA_Slividans	WP_032134049.1	33.716	522	316	11	1	502	1	512	0.0	793	52.68
PtuA_Slividans	WP_130116228.1	34.815	540	307	10	1	502	1	533	0.0	793	50.93
PtuA_Slividans	WP_205465019.1	37.285	523	289	11	6	500	8	519	0.0	793	52.01
PtuA_Slividans	WP_339982868.1	38.023	526	278	11	3	498	5	512	0.0	793	53.61
PtuA_Slividans	WP_351479592.1	40.661	514	283	11	1	501	1	505	0.0	793	54.47
PtuA_Slividans	WP_083264597.1	34.091	528	313	11	1	500	1	521	0.0	792	49.62
PtuA_Slividans	WP_127156284.1	34.848	528	308	11	1	499	1	521	0.0	792	52.27
PtuA_Slividans	WP_124348337.1	36.243	527	304	10	1	501	1	521	0.0	792	52.75
PtuA_Slividans	WP_375118561.1	43.077	520	268	13	1	501	1	511	0.0	792	57.31
PtuA_Slividans	HAS6251940.1	36.090	532	299	10	2	498	4	529	0.0	792	53.20
PtuA_Slividans	WP_282167112.1	34.019	535	311	12	1	500	1	528	0.0	792	50.28
PtuA_Slividans	WP_035232395.1	33.962	530	313	11	2	502	3	524	0.0	792	52.26
PtuA_Slividans	TDF35019.1	36.622	527	287	11	3	500	5	513	0.0	791	51.42
PtuA_Slividans	PCH99878.1	39.059	489	276	10	24	498	2	482	0.0	791	56.44
PtuA_Slividans	WP_265777986.1	35.853	516	303	13	1	501	1	503	0.0	791	53.29
PtuA_Slividans	WP_066710898.1	44.563	469	235	11	3	453	5	466	0.0	791	56.72
PtuA_Slividans	WP_355984866.1	39.105	514	289	11	1	499	1	505	0.0	791	53.70
PtuA_Slividans	WP_049351068.1	36.240	516	301	11	1	501	1	503	0.0	791	53.49
PtuA_Slividans	WP_021557595.1	34.095	525	312	10	2	499	3	520	0.0	791	50.48
PtuA_Slividans	WP_095647839.1	40.385	520	280	11	3	500	6	517	0.0	791	56.35
PtuA_Slividans	WP_209721658.1	39.114	519	289	10	2	500	7	518	0.0	791	53.95
PtuA_Slividans	WP_264305399.1	33.712	528	315	11	1	500	1	521	0.0	791	52.65
PtuA_Slividans	HEY9827033.1	36.364	528	301	10	1	500	1	521	0.0	791	51.33
PtuA_Slividans	WP_393970423.1	34.286	525	312	10	2	500	3	520	0.0	791	51.05
PtuA_Slividans	WP_395173880.1	37.452	526	298	11	1	502	3	521	0.0	790	53.80
PtuA_Slividans	MCC7702248.1	38.523	501	282	9	20	500	7	501	0.0	790	54.49
PtuA_Slividans	WP_127651680.1	36.133	512	306	10	1	498	1	505	0.0	790	54.88
PtuA_Slividans	HWH31692.1	43.651	504	258	11	2	486	10	506	0.0	790	55.16
PtuA_Slividans	WP_336972217.1	34.757	515	315	9	3	502	5	513	0.0	790	51.46
PtuA_Slividans	WP_398475410.1	37.292	480	282	9	35	501	1	474	0.0	790	55.00
PtuA_Slividans	WP_287160230.1	35.606	528	302	11	1	500	1	518	0.0	790	51.14
PtuA_Slividans	EKW1653667.1	38.627	510	281	9	16	499	17	520	0.0	790	56.08
PtuA_Slividans	PWK30801.1	42.802	521	265	12	1	500	1	509	0.0	790	55.09
PtuA_Slividans	WP_186097597.1	36.090	532	288	11	3	500	5	518	0.0	789	50.19
PtuA_Slividans	WP_204797098.1	38.337	493	272	9	3	469	5	491	0.0	789	53.55
PtuA_Slividans	WP_086599863.1	39.731	521	283	10	1	499	1	512	0.0	789	55.09
PtuA_Slividans	WP_265525558.1	33.081	529	319	10	2	502	3	524	0.0	789	50.66
PtuA_Slividans	WP_219309224.1	33.902	528	314	10	1	500	1	521	0.0	789	50.76
PtuA_Slividans	WP_142131627.1	37.786	524	294	11	3	500	5	522	0.0	789	54.20
PtuA_Slividans	WP_025631587.1	32.955	528	318	11	1	500	1	520	0.0	789	51.33
PtuA_Slividans	WP_209444586.1	42.884	527	262	12	1	500	1	515	0.0	788	55.60
PtuA_Slividans	WP_128202665.1	34.515	536	306	10	1	498	1	529	0.0	788	51.12
PtuA_Slividans	WP_137028219.1	38.677	499	281	11	19	501	20	509	0.0	788	55.51
PtuA_Slividans	WP_086978493.1	36.312	526	301	11	1	500	1	518	0.0	788	53.04
PtuA_Slividans	NLB11395.1	34.933	521	311	11	1	500	1	514	0.0	788	56.05
PtuA_Slividans	WP_329560884.1	43.902	492	254	10	23	498	2	487	0.0	788	57.72
PtuA_Slividans	WP_174869341.1	34.095	525	312	9	2	499	3	520	0.0	788	51.43
PtuA_Slividans	WP_299615311.1	37.218	532	296	11	1	501	1	525	0.0	788	53.20
PtuA_Slividans	WP_383496581.1	46.654	508	257	10	1	501	1	501	0.0	788	61.02
PtuA_Slividans	WP_338517460.1	37.859	523	295	12	1	501	1	515	0.0	788	54.68
PtuA_Slividans	WP_201529329.1	36.381	514	305	9	1	501	1	505	0.0	788	54.47
PtuA_Slividans	MBU1295176.1	34.972	529	308	11	1	501	1	521	0.0	788	50.28
PtuA_Slividans	WP_368607615.1	37.094	523	284	11	3	498	5	509	0.0	788	52.01
PtuA_Slividans	VGM94869.1	35.632	522	302	13	1	501	1	509	0.0	788	52.87
PtuA_Slividans	WP_122266831.1	35.551	526	305	10	1	500	1	518	0.0	788	51.90
PtuA_Slividans	WP_307648476.1	35.606	528	305	10	1	500	1	521	0.0	788	52.08
PtuA_Slividans	WP_086936685.1	35.551	526	305	11	1	500	1	518	0.0	788	51.90
PtuA_Slividans	WP_011158116.1	36.449	535	296	12	1	501	1	525	0.0	788	50.47
PtuA_Slividans	WP_287148955.1	35.795	528	291	12	3	500	5	514	0.0	788	51.14
PtuA_Slividans	MDH4564533.1	38.623	523	287	13	1	500	1	512	0.0	788	52.39
PtuA_Slividans	WP_224240657.1	43.100	529	261	12	1	500	1	518	0.0	787	55.77
PtuA_Slividans	WP_154629586.1	33.776	527	315	9	1	500	1	520	0.0	787	50.66
PtuA_Slividans	WP_377336819.1	34.091	528	313	10	1	500	1	521	0.0	787	49.62
PtuA_Slividans	HMN12768.1	38.168	524	290	10	3	502	8	521	0.0	786	53.05
PtuA_Slividans	WP_273504590.1	38.636	528	291	9	1	501	1	522	0.0	786	53.79
PtuA_Slividans	HIP27113.1	37.378	511	299	12	1	502	1	499	0.0	786	54.40
PtuA_Slividans	WP_180315441.1	38.123	522	289	12	1	500	1	510	0.0	786	54.02
PtuA_Slividans	WP_348464684.1	37.500	512	299	10	1	499	1	504	0.0	786	54.10
PtuA_Slividans	WP_343060141.1	34.971	509	314	10	1	500	1	501	0.0	786	53.24
PtuA_Slividans	MBQ0798300.1	36.106	529	302	10	1	500	1	522	0.0	786	51.23
PtuA_Slividans	MCK6405051.1	36.142	534	289	13	1	500	1	516	0.0	786	50.00
PtuA_Slividans	WP_372350189.1	39.376	513	288	11	1	499	1	504	0.0	786	53.22
PtuA_Slividans	WP_071535171.1	37.853	531	277	12	1	499	3	512	0.0	786	51.04
PtuA_Slividans	WP_211859345.1	36.312	526	288	11	3	499	5	512	0.0	786	51.14
PtuA_Slividans	WP_182681725.1	36.484	529	289	11	3	502	5	515	0.0	785	52.17
PtuA_Slividans	WP_160060991.1	34.906	530	301	12	1	501	1	515	0.0	785	51.89
PtuA_Slividans	WP_369459918.1	40.192	520	285	9	2	501	4	517	0.0	785	55.77
PtuA_Slividans	WP_203243001.1	37.864	515	301	9	1	502	1	509	0.0	785	54.37
PtuA_Slividans	HCI7175061.1	34.758	538	306	10	1	500	1	531	0.0	785	52.04
PtuA_Slividans	WP_365841390.1	40.039	517	285	13	1	501	63	570	0.0	785	54.35
PtuA_Slividans	WP_258534410.1	40.237	507	282	9	6	500	2	499	0.0	785	55.42
PtuA_Slividans	WP_060322899.1	38.004	521	290	12	1	499	1	510	0.0	785	54.13
PtuA_Slividans	WP_182702529.1	34.848	528	308	12	1	500	2	521	0.0	785	50.38
PtuA_Slividans	WP_282643625.1	36.812	527	286	11	3	500	5	513	0.0	785	51.04
PtuA_Slividans	MCB1585076.1	38.685	517	288	11	6	500	7	516	0.0	785	54.93
PtuA_Slividans	WP_197151830.1	35.417	528	293	11	3	500	5	514	0.0	785	49.81
PtuA_Slividans	WP_061166576.1	37.879	528	292	11	1	500	1	520	0.0	785	53.98
PtuA_Slividans	WP_180698318.1	35.161	529	306	12	1	500	1	521	0.0	785	53.31
PtuA_Slividans	WP_138738500.1	36.243	527	291	11	1	500	3	511	0.0	784	52.37
PtuA_Slividans	WP_191922074.1	33.650	526	315	9	2	500	3	521	0.0	784	50.38
PtuA_Slividans	WP_202047179.1	39.615	520	284	11	3	500	6	517	0.0	784	55.58
PtuA_Slividans	WP_263183944.1	36.312	526	287	12	3	498	5	512	0.0	784	51.90
PtuA_Slividans	WP_095366981.1	36.174	528	289	11	3	500	5	514	0.0	784	50.38
PtuA_Slividans	WP_374501730.1	37.992	508	284	10	18	501	3	503	0.0	784	53.35
PtuA_Slividans	WP_379957761.1	37.853	531	290	12	1	501	1	521	0.0	784	51.98
PtuA_Slividans	WP_148519500.1	40.115	521	282	11	3	501	6	518	0.0	783	56.05
PtuA_Slividans	WP_109893013.1	40.996	522	277	11	1	500	1	513	0.0	783	54.98
PtuA_Slividans	WP_253129638.1	38.039	510	293	11	3	500	5	503	0.0	783	54.31
PtuA_Slividans	WP_382979864.1	40.156	513	284	11	1	499	1	504	0.0	783	53.80
PtuA_Slividans	WP_020302034.1	35.606	528	306	10	1	502	1	520	0.0	783	50.38
PtuA_Slividans	WP_211296987.1	35.798	514	309	9	1	499	3	510	0.0	783	52.53
PtuA_Slividans	WP_021559840.1	31.559	526	326	9	2	500	3	521	0.0	783	50.19
PtuA_Slividans	WP_212189683.1	37.885	520	290	12	2	499	6	514	0.0	783	54.81
PtuA_Slividans	WP_113790864.1	36.381	514	304	9	1	501	1	504	0.0	783	51.17
PtuA_Slividans	WP_293399675.1	33.207	527	318	10	1	500	1	520	0.0	783	51.23
PtuA_Slividans	WP_310126182.1	38.447	515	297	9	1	501	1	509	0.0	783	55.34
PtuA_Slividans	WP_416795961.1	36.940	536	293	11	1	501	1	526	0.0	783	50.93
PtuA_Slividans	WP_386829232.1	39.766	513	286	12	1	499	1	504	0.0	783	53.61
PtuA_Slividans	WP_127088292.1	38.931	524	285	11	1	500	1	513	0.0	783	54.58
PtuA_Slividans	WP_338853108.1	37.859	523	295	12	1	501	1	515	0.0	782	55.26
PtuA_Slividans	WP_357907279.1	41.794	524	271	12	2	499	7	522	0.0	782	57.06
PtuA_Slividans	WP_234612143.1	40.154	518	286	11	1	500	1	512	0.0	782	55.02
PtuA_Slividans	WP_181650047.1	39.766	513	286	12	1	499	1	504	0.0	782	54.39
PtuA_Slividans	WP_027834870.1	36.553	528	298	12	1	501	1	518	0.0	782	51.14
PtuA_Slividans	WP_311297414.1	39.884	519	282	11	1	498	1	510	0.0	782	53.95
PtuA_Slividans	MEN9373206.1	36.944	517	297	11	3	500	4	510	0.0	781	52.61
PtuA_Slividans	WP_225589485.1	36.590	522	302	10	1	500	6	520	0.0	781	51.53
PtuA_Slividans	WP_019437122.1	37.333	525	296	9	3	500	5	523	0.0	781	53.33
PtuA_Slividans	OFW87502.1	34.594	529	309	13	2	501	3	523	0.0	781	51.80
PtuA_Slividans	MBP6014778.1	39.038	520	291	11	1	501	1	513	0.0	781	55.96
PtuA_Slividans	WP_234478547.1	40.039	517	285	13	1	501	43	550	0.0	781	54.35
PtuA_Slividans	WP_352888244.1	36.260	524	299	12	1	499	1	514	0.0	781	50.76
PtuA_Slividans	WP_237947220.1	37.500	512	296	12	1	500	1	500	0.0	781	54.69
PtuA_Slividans	WP_342884457.1	36.940	536	290	12	7	500	9	538	0.0	781	52.05
PtuA_Slividans	MDE0156822.1	37.187	519	296	12	1	496	1	512	0.0	781	54.91
PtuA_Slividans	MDO8336169.1	35.863	527	302	11	1	500	1	518	0.0	781	51.23
PtuA_Slividans	WP_329686560.1	42.353	510	274	12	1	497	1	503	0.0	781	56.47
PtuA_Slividans	WP_123822077.1	32.955	528	320	9	2	502	3	523	0.0	780	51.14
PtuA_Slividans	WP_154221947.1	37.079	534	298	10	1	502	1	528	0.0	780	53.75
PtuA_Slividans	WP_371842702.1	40.000	520	282	11	3	500	6	517	0.0	780	57.31
PtuA_Slividans	KAA3506366.1	36.433	527	291	12	1	502	1	508	0.0	780	52.94
PtuA_Slividans	MBP3221560.1	35.798	514	301	14	1	499	1	500	0.0	780	51.56
PtuA_Slividans	WP_113182887.1	35.783	517	298	13	1	497	1	503	0.0	780	51.06
PtuA_Slividans	WP_373101148.1	36.015	522	300	14	1	501	1	509	0.0	780	53.07
PtuA_Slividans	WP_205815503.1	40.396	505	271	11	18	500	18	514	0.0	780	52.48
PtuA_Slividans	WP_400976651.1	41.165	515	281	10	1	501	1	507	0.0	780	54.56
PtuA_Slividans	WP_116328494.1	33.144	528	319	9	2	502	3	523	0.0	780	49.43
PtuA_Slividans	WP_184856967.1	39.563	503	277	10	14	497	18	512	0.0	780	56.06
PtuA_Slividans	WP_348493304.1	34.280	528	311	12	1	500	1	520	0.0	779	50.95
PtuA_Slividans	MBU2068787.1	35.038	528	296	11	2	500	4	513	0.0	779	50.57
PtuA_Slividans	MCJ8325143.1	35.283	513	313	9	1	500	1	507	0.0	779	54.78
PtuA_Slividans	NLW33974.1	38.803	518	288	11	1	499	1	508	0.0	779	55.21
PtuA_Slividans	WP_180001280.1	34.444	540	309	11	1	502	1	533	0.0	779	50.19
PtuA_Slividans	WP_272763439.1	40.385	520	275	12	1	498	1	507	0.0	779	54.04
PtuA_Slividans	WP_062907574.1	38.803	518	286	11	8	502	13	522	0.0	779	55.21
PtuA_Slividans	WP_207779458.1	34.623	517	317	9	1	502	7	517	0.0	779	52.61
PtuA_Slividans	WP_158878840.1	37.573	511	294	11	2	497	3	503	0.0	779	54.60
PtuA_Slividans	EAW30201.1	38.772	521	289	11	3	501	5	517	0.0	779	53.55
PtuA_Slividans	WP_077237576.1	38.956	498	280	11	20	500	23	513	0.0	779	55.42
PtuA_Slividans	WP_075930262.1	35.294	527	306	11	1	500	1	519	0.0	778	52.37
PtuA_Slividans	WP_152184547.1	38.095	504	294	10	1	498	1	492	0.0	778	56.75
PtuA_Slividans	OGN48281.1	38.388	521	287	12	1	500	1	508	0.0	778	53.36
PtuA_Slividans	WP_236268080.1	33.333	528	316	11	2	500	4	524	0.0	778	51.14
PtuA_Slividans	WP_250336332.1	40.856	514	280	11	1	499	1	505	0.0	778	53.50
PtuA_Slividans	WP_253343301.1	36.346	520	302	10	1	501	4	513	0.0	778	51.54
PtuA_Slividans	WP_292149216.1	38.815	523	285	12	1	499	1	512	0.0	778	53.35
PtuA_Slividans	WP_137173008.1	41.748	515	270	14	1	498	1	502	0.0	778	55.73
PtuA_Slividans	WP_080891553.1	33.459	529	317	10	1	501	1	522	0.0	778	50.09
PtuA_Slividans	WP_118775703.1	35.632	522	302	13	1	501	1	509	0.0	778	53.45
PtuA_Slividans	BDT68847.1	35.196	537	290	11	1	500	1	516	0.0	778	49.35
PtuA_Slividans	WP_361840676.1	39.731	521	283	11	1	499	1	512	0.0	778	55.28
PtuA_Slividans	WP_122302634.1	37.072	526	299	9	1	500	3	522	0.0	777	53.23
PtuA_Slividans	WP_320368323.1	38.931	524	286	10	3	502	8	521	0.0	777	53.05
PtuA_Slividans	WP_172434657.1	37.524	525	279	11	1	494	1	507	0.0	777	51.24
PtuA_Slividans	WP_333658477.1	40.392	510	285	10	1	499	1	502	0.0	777	56.08
PtuA_Slividans	WP_145155022.1	34.405	529	300	12	1	500	1	511	0.0	777	50.66
PtuA_Slividans	WP_042304791.1	41.129	496	262	11	26	499	26	513	0.0	777	54.64
PtuA_Slividans	WP_042126166.1	34.345	527	302	12	1	501	1	509	0.0	776	51.99
PtuA_Slividans	WP_346311988.1	34.387	538	308	10	1	500	1	531	0.0	776	51.30
PtuA_Slividans	WP_385183346.1	40.344	523	280	11	1	500	1	514	0.0	776	54.11
PtuA_Slividans	WP_045126484.1	34.015	538	310	10	1	500	1	531	0.0	776	50.74
PtuA_Slividans	WP_395136469.1	35.260	519	307	11	1	498	1	511	0.0	776	52.60
PtuA_Slividans	WP_261315370.1	36.873	518	301	10	3	500	34	545	0.0	776	52.90
PtuA_Slividans	MEE4999183.1	39.417	515	286	11	1	500	1	504	0.0	776	56.12
PtuA_Slividans	WP_163124907.1	37.849	502	283	11	18	498	18	511	0.0	776	54.78
PtuA_Slividans	MFT5420427.1	35.161	529	307	10	1	500	1	522	0.0	776	51.98
PtuA_Slividans	WP_065493377.1	38.361	537	284	12	1	502	1	525	0.0	776	53.07
PtuA_Slividans	WP_167631727.1	34.566	541	306	11	1	500	1	534	0.0	776	50.46
PtuA_Slividans	MEX1211344.1	40.272	514	282	10	2	497	9	515	0.0	775	55.25
PtuA_Slividans	WP_295023589.1	37.849	502	295	10	3	499	5	494	0.0	775	56.77
PtuA_Slividans	WP_248194695.1	35.835	533	300	11	3	499	5	531	0.0	775	52.53
PtuA_Slividans	WP_151050694.1	36.276	521	300	13	1	502	1	508	0.0	775	53.55
PtuA_Slividans	WP_249250600.1	40.278	504	273	10	18	501	2	497	0.0	775	56.75
PtuA_Slividans	WP_223212069.1	38.867	512	290	12	2	499	7	509	0.0	775	55.66
PtuA_Slividans	WP_004397234.1	36.243	527	296	11	3	497	4	522	0.0	775	53.51
PtuA_Slividans	WP_081982432.1	40.038	522	282	10	1	500	1	513	0.0	775	53.26
PtuA_Slividans	MCT4588904.1	38.114	509	296	12	1	498	1	501	0.0	775	56.97
PtuA_Slividans	WP_413570903.1	37.383	535	288	12	1	498	1	525	0.0	774	50.47
PtuA_Slividans	WP_221106813.1	39.658	527	284	12	1	501	1	519	0.0	774	53.32
PtuA_Slividans	MFT3734101.1	37.891	512	296	10	3	498	5	510	0.0	774	53.32
PtuA_Slividans	WP_038050444.1	34.216	529	312	10	1	500	1	522	0.0	774	50.09
PtuA_Slividans	WP_140561606.1	35.728	515	307	12	1	499	1	507	0.0	773	53.98
PtuA_Slividans	WP_096378955.1	35.741	526	299	11	1	500	3	515	0.0	773	51.90
PtuA_Slividans	NOR71337.1	36.084	521	306	9	3	502	5	519	0.0	773	52.78
PtuA_Slividans	WFS17886.1	37.356	522	296	10	3	499	5	520	0.0	773	52.68
PtuA_Slividans	WP_193188989.1	40.267	524	284	12	1	501	1	518	0.0	773	56.68
PtuA_Slividans	WP_350920011.1	40.734	518	278	11	9	501	2	515	0.0	773	55.41
PtuA_Slividans	WP_275790575.1	40.447	492	260	9	35	499	1	486	0.0	773	53.46
PtuA_Slividans	WP_082621588.1	34.109	516	319	9	1	501	3	512	0.0	773	51.74
PtuA_Slividans	MDQ5937404.1	40.494	526	275	11	1	502	1	512	0.0	773	55.13
PtuA_Slividans	WP_151045271.1	34.971	509	311	11	1	498	1	500	0.0	773	52.46
PtuA_Slividans	WP_252410789.1	38.046	481	277	10	35	501	1	474	0.0	772	56.13
PtuA_Slividans	HIP49219.1	39.563	503	290	10	2	499	4	497	0.0	772	58.85
PtuA_Slividans	WP_272834293.1	37.917	480	277	10	36	501	1	473	0.0	772	56.25
PtuA_Slividans	WP_229773229.1	33.208	530	319	11	1	502	3	525	0.0	772	49.43
PtuA_Slividans	WP_202262412.1	37.452	526	295	11	3	500	5	524	0.0	772	54.56
PtuA_Slividans	WP_273848671.1	34.345	527	311	11	2	500	3	522	0.0	772	50.47
PtuA_Slividans	WP_337322168.1	37.333	525	290	12	1	500	1	511	0.0	772	52.76
PtuA_Slividans	MDR1181811.1	40.711	506	274	10	1	493	1	493	0.0	772	56.52
PtuA_Slividans	WP_260893919.1	40.430	512	281	12	1	500	1	500	0.0	772	57.03
PtuA_Slividans	WP_186234255.1	36.862	529	299	10	1	501	1	522	0.0	772	50.66
PtuA_Slividans	WP_211413312.1	37.187	519	299	11	1	499	1	512	0.0	772	54.14
PtuA_Slividans	WP_263115338.1	36.128	501	290	10	23	500	2	495	0.0	771	52.50
PtuA_Slividans	WP_083487959.1	36.704	534	284	12	3	501	5	519	0.0	771	52.62
PtuA_Slividans	WP_073256958.1	35.409	514	312	9	1	500	1	508	0.0	771	52.72
PtuA_Slividans	WP_135802464.1	38.506	522	292	9	3	501	5	520	0.0	771	54.98
PtuA_Slividans	WP_010906562.1	34.100	522	310	12	1	502	1	508	0.0	771	52.49
PtuA_Slividans	WP_316228903.1	38.432	523	291	12	1	499	1	516	0.0	771	53.15
PtuA_Slividans	WP_143959487.1	37.525	509	297	11	1	495	1	502	0.0	771	55.99
PtuA_Slividans	WP_140117461.1	39.406	505	272	10	21	497	2	500	0.0	770	56.24
PtuA_Slividans	WP_045747644.1	39.360	531	285	11	1	501	1	524	0.0	770	53.86
PtuA_Slividans	WP_358076180.1	37.984	516	295	9	1	500	1	507	0.0	770	51.36
PtuA_Slividans	WP_168254726.1	35.067	519	299	11	1	497	1	503	0.0	770	49.33
PtuA_Slividans	MES2387872.1	37.843	510	295	10	1	495	1	503	0.0	770	54.51
PtuA_Slividans	WP_125081095.1	36.106	529	295	11	1	495	1	520	0.0	770	51.98
PtuA_Slividans	WP_291922306.1	35.075	536	290	11	3	501	5	519	0.0	770	49.63
PtuA_Slividans	WP_085828792.1	33.204	515	321	9	1	502	1	505	0.0	769	50.49
PtuA_Slividans	WP_065349969.1	35.294	527	296	11	1	500	3	511	0.0	769	52.18
PtuA_Slividans	WP_393235179.1	39.921	506	260	11	25	500	3	494	0.0	769	53.36
PtuA_Slividans	WP_188068819.1	36.158	531	296	12	1	497	1	522	0.0	769	51.60
PtuA_Slividans	MDD2790627.1	37.177	503	298	10	1	497	1	491	0.0	769	58.05
PtuA_Slividans	WP_333662682.1	37.992	508	293	11	1	495	1	499	0.0	768	56.10
PtuA_Slividans	WP_224209546.1	38.031	518	292	11	1	497	1	510	0.0	768	52.90
PtuA_Slividans	WP_307693485.1	35.150	532	295	10	1	500	3	516	0.0	768	50.56
PtuA_Slividans	WP_166894451.1	35.606	528	304	11	1	500	1	520	0.0	768	50.00
PtuA_Slividans	WP_167765649.1	37.739	522	291	12	1	500	1	510	0.0	768	53.45
PtuA_Slividans	WP_167077146.1	37.572	519	298	10	1	500	1	512	0.0	767	52.60
PtuA_Slividans	WP_265089549.1	37.205	508	299	9	1	497	52	550	0.0	767	52.95
PtuA_Slividans	WP_210235152.1	40.990	505	270	11	19	501	3	501	0.0	767	56.44
PtuA_Slividans	KYO77899.1	40.879	455	250	7	59	501	3	450	0.0	767	55.38
PtuA_Slividans	WP_279829816.1	37.333	525	287	15	2	501	23	530	0.0	767	54.10
PtuA_Slividans	WP_256353425.1	33.523	528	317	9	1	500	1	522	0.0	767	51.33
PtuA_Slividans	WP_122055293.1	35.596	545	286	12	3	500	5	531	0.0	767	51.56
PtuA_Slividans	WP_090677414.1	34.709	533	305	12	1	499	7	530	0.0	767	52.16
PtuA_Slividans	GAB2196459.1	33.837	529	314	10	1	500	1	522	0.0	766	52.17
PtuA_Slividans	WP_303464115.1	37.761	527	292	12	3	500	5	524	0.0	766	55.22
PtuA_Slividans	WP_030487923.1	37.911	517	295	11	1	500	1	508	0.0	766	51.64
PtuA_Slividans	WP_237489749.1	35.294	527	307	10	1	501	1	519	0.0	766	50.85
PtuA_Slividans	WP_140839106.1	34.280	528	310	13	1	500	1	519	0.0	766	52.27
PtuA_Slividans	WP_225999807.1	38.996	518	285	12	1	499	1	506	0.0	766	55.21
PtuA_Slividans	WP_217371672.1	37.765	519	296	11	1	499	1	512	0.0	766	53.95
PtuA_Slividans	WP_123693970.1	35.606	528	306	10	1	501	1	521	0.0	766	52.65
PtuA_Slividans	WP_244731535.1	34.030	526	310	13	1	502	3	515	0.0	766	53.99
PtuA_Slividans	WP_348254468.1	38.748	511	283	10	12	498	1	505	0.0	765	55.58
PtuA_Slividans	WP_239396500.1	42.515	501	267	10	15	501	2	495	0.0	765	59.48
PtuA_Slividans	WP_062835534.1	37.218	532	293	12	1	501	1	522	0.0	765	51.69
PtuA_Slividans	WP_354072081.1	39.885	524	278	13	1	499	43	554	0.0	765	54.20
PtuA_Slividans	WP_294262607.1	35.088	513	309	9	1	499	1	503	0.0	765	52.05
PtuA_Slividans	WP_130805079.1	37.192	527	294	14	1	502	1	515	0.0	765	52.37
PtuA_Slividans	WP_411601078.1	38.314	522	289	14	1	500	3	513	0.0	765	52.87
PtuA_Slividans	WP_345633289.1	83.234	501	84	0	1	501	1	501	0.0	765	88.42
PtuA_Slividans	MEP5765205.1	37.349	498	290	9	18	499	2	493	0.0	765	53.61
PtuA_Slividans	WP_034707863.1	37.232	513	301	10	1	499	1	506	0.0	764	56.53
PtuA_Slividans	WP_204325940.1	39.923	521	284	12	1	498	1	515	0.0	764	55.85
PtuA_Slividans	MEQ9263130.1	39.608	510	286	11	1	499	1	499	0.0	764	57.65
PtuA_Slividans	MFL0805566.1	39.423	520	285	11	3	500	6	517	0.0	764	55.96
PtuA_Slividans	WP_249967919.1	37.451	510	299	12	1	498	1	502	0.0	764	56.27
PtuA_Slividans	WP_349540666.1	34.503	513	315	9	3	500	6	512	0.0	764	51.85
PtuA_Slividans	WP_222854065.1	42.084	499	257	11	24	497	2	493	0.0	764	55.71
PtuA_Slividans	WP_097249373.1	38.402	513	293	11	1	500	1	503	0.0	764	53.22
PtuA_Slividans	WP_186753147.1	33.024	539	303	13	1	501	1	519	0.0	763	48.05
PtuA_Slividans	WP_125945666.1	38.973	526	283	13	1	500	1	514	0.0	763	53.04
PtuA_Slividans	WP_292420265.1	38.593	526	285	13	1	500	1	514	0.0	763	52.66
PtuA_Slividans	WP_267837083.1	38.521	514	284	11	12	500	1	507	0.0	763	53.70
PtuA_Slividans	WP_409025769.1	36.398	522	298	13	1	501	1	509	0.0	763	52.68
PtuA_Slividans	WP_320449523.1	37.160	514	289	13	12	502	1	503	0.0	763	53.11
PtuA_Slividans	WP_126277437.1	46.758	509	254	9	1	501	1	500	0.0	763	61.10
PtuA_Slividans	WP_312737420.1	38.388	521	287	12	2	500	4	512	0.0	762	53.17
PtuA_Slividans	WP_069976291.1	92.629	502	37	0	1	502	1	502	0.0	762	95.42
PtuA_Slividans	WP_389494788.1	40.156	513	286	11	1	499	1	506	0.0	762	54.97
PtuA_Slividans	HUZ51386.1	40.316	506	265	13	14	495	6	498	0.0	762	55.73
PtuA_Slividans	WP_218832111.1	38.023	526	289	10	1	499	1	516	0.0	761	55.13
PtuA_Slividans	WP_145949468.1	37.240	529	291	11	1	497	1	520	0.0	761	53.88
PtuA_Slividans	WP_256247959.1	40.354	508	270	12	18	502	5	502	0.0	761	54.33
PtuA_Slividans	WP_335738141.1	35.038	528	308	12	1	501	1	520	0.0	761	52.65
PtuA_Slividans	WP_343657875.1	36.031	519	296	9	4	497	11	518	0.0	760	53.76
PtuA_Slividans	WP_222652976.1	38.402	513	294	8	2	498	4	510	0.0	760	54.39
PtuA_Slividans	MEW6290343.1	36.381	525	299	13	3	499	10	527	0.0	760	53.14
PtuA_Slividans	MXY54002.1	38.580	521	288	10	1	496	1	514	0.0	760	52.02
PtuA_Slividans	WP_075240074.1	37.670	515	297	11	2	500	4	510	0.0	760	52.43
PtuA_Slividans	MCB2160669.1	37.402	508	294	12	10	501	9	508	0.0	760	56.50
PtuA_Slividans	WP_207769346.1	41.491	523	273	10	2	501	4	516	0.0	760	57.36
PtuA_Slividans	WP_319798028.1	37.228	505	273	11	18	496	2	488	0.0	760	51.68
PtuA_Slividans	WP_329831694.1	36.207	522	304	10	1	500	1	515	0.0	760	51.15
PtuA_Slividans	WP_064037661.1	35.795	528	300	10	1	500	3	519	0.0	760	51.14
PtuA_Slividans	WP_396599858.1	40.079	504	270	10	21	501	7	501	0.0	760	54.37
PtuA_Slividans	WP_386196018.1	41.553	515	274	11	1	499	1	504	0.0	760	55.53
PtuA_Slividans	WP_200947598.1	38.697	522	288	11	1	501	1	511	0.0	760	54.41
PtuA_Slividans	WP_398440018.1	42.270	511	272	10	1	499	1	500	0.0	760	55.77
PtuA_Slividans	WP_320426675.1	37.427	513	298	8	3	498	5	511	0.0	760	54.97
PtuA_Slividans	WP_271671652.1	38.447	515	286	12	1	491	1	508	0.0	759	53.79
PtuA_Slividans	MBD3672001.1	36.882	526	296	13	1	497	8	526	0.0	759	54.56
PtuA_Slividans	WP_081795065.1	38.390	534	276	12	1	497	1	518	0.0	759	53.00
PtuA_Slividans	WP_380010209.1	35.361	526	302	10	1	495	1	519	0.0	759	51.90
PtuA_Slividans	WP_126293372.1	34.857	525	295	11	1	496	1	507	0.0	759	50.86
PtuA_Slividans	WP_343686106.1	37.452	518	298	10	1	499	1	511	0.0	759	54.44
PtuA_Slividans	WP_322493165.1	36.398	522	287	10	3	497	13	516	0.0	758	51.15
PtuA_Slividans	WP_078599976.1	38.359	524	294	12	1	501	1	518	0.0	758	53.63
PtuA_Slividans	WP_125515846.1	81.124	498	92	1	1	498	1	496	0.0	758	86.14
PtuA_Slividans	WP_376335595.1	39.883	514	286	12	1	499	1	506	0.0	758	54.28
PtuA_Slividans	WP_367872993.1	38.815	523	287	14	3	500	10	524	0.0	758	55.45
PtuA_Slividans	WP_206545318.1	37.977	524	296	12	1	501	1	518	0.0	758	54.58
PtuA_Slividans	WP_189569903.1	37.452	518	299	12	2	502	7	516	0.0	758	55.02
PtuA_Slividans	SNQ51820.1	40.232	517	285	11	1	501	8	516	0.0	758	57.64
PtuA_Slividans	WP_156196190.1	37.305	512	300	11	1	498	1	505	0.0	757	56.05
PtuA_Slividans	WP_233391131.1	37.380	519	292	9	3	497	12	521	0.0	757	51.45
PtuA_Slividans	WP_228412442.1	36.417	508	291	8	18	500	22	522	0.0	757	53.74
PtuA_Slividans	HRH76257.1	37.262	526	298	13	1	502	1	518	0.0	756	52.85
PtuA_Slividans	WP_336159140.1	40.856	514	276	11	1	499	1	501	0.0	756	53.89
PtuA_Slividans	MES2011735.1	38.506	522	291	12	2	501	7	520	0.0	756	53.45
PtuA_Slividans	WP_304846014.1	37.380	519	293	11	3	499	8	516	0.0	755	53.76
PtuA_Slividans	WP_124771775.1	37.984	516	295	10	1	500	1	507	0.0	755	51.16
PtuA_Slividans	WP_096409093.1	36.571	525	298	13	1	497	8	525	0.0	755	52.57
PtuA_Slividans	WP_029574895.1	32.904	544	316	11	1	502	1	537	0.0	755	50.37
PtuA_Slividans	WP_248385795.1	36.243	527	301	11	1	500	1	519	0.0	755	51.80
PtuA_Slividans	WP_265409442.1	37.002	527	295	9	1	501	1	516	0.0	755	52.75
PtuA_Slividans	WP_150330819.1	34.297	519	309	11	3	501	6	512	0.0	754	53.56
PtuA_Slividans	WP_081639004.1	35.125	521	306	11	1	501	4	512	0.0	754	54.32
PtuA_Slividans	WP_230695176.1	36.832	524	286	10	3	498	21	527	0.0	754	50.38
PtuA_Slividans	WP_086009357.1	35.429	525	292	12	3	498	5	511	0.0	754	51.43
PtuA_Slividans	WP_373357897.1	38.316	475	277	9	35	500	1	468	0.0	754	56.84
PtuA_Slividans	WP_329719963.1	37.647	510	285	12	12	499	1	499	0.0	753	54.12
PtuA_Slividans	WP_170327947.1	36.914	512	304	9	1	499	1	506	0.0	753	53.71
PtuA_Slividans	WP_223283966.1	39.062	512	288	9	1	499	1	501	0.0	753	53.71
PtuA_Slividans	WP_285680705.1	37.066	518	303	9	1	502	3	513	0.0	753	53.86
PtuA_Slividans	WP_388664832.1	40.900	511	279	9	1	499	1	500	0.0	753	55.58
PtuA_Slividans	MBS1939890.1	36.053	527	299	11	3	498	7	526	0.0	753	53.32
PtuA_Slividans	WP_110565742.1	37.791	516	296	10	1	500	1	507	0.0	753	51.36
PtuA_Slividans	WP_218754340.1	36.699	515	296	12	1	498	1	502	0.0	752	54.76
PtuA_Slividans	WP_339792092.1	35.603	514	311	11	1	501	1	507	0.0	752	54.28
PtuA_Slividans	WP_175302657.1	45.793	511	259	8	1	500	1	504	0.0	752	58.51
PtuA_Slividans	WP_019925204.1	38.697	522	278	12	1	495	1	507	0.0	752	54.79
PtuA_Slividans	WP_019945468.1	35.798	514	307	11	1	499	1	506	0.0	751	53.89
PtuA_Slividans	WP_226552796.1	35.156	512	309	9	1	499	1	502	0.0	751	50.78
PtuA_Slividans	WP_232879150.1	34.030	526	301	11	3	501	4	510	0.0	751	52.09
PtuA_Slividans	MES2641055.1	39.130	529	283	12	1	498	1	521	0.0	751	53.88
PtuA_Slividans	WP_122980028.1	37.209	516	299	9	1	500	1	507	0.0	751	52.13
PtuA_Slividans	WP_210867259.1	35.902	532	300	10	2	498	4	529	0.0	750	52.82
PtuA_Slividans	AWY99610.1	33.268	514	320	10	1	501	1	504	0.0	750	50.19
PtuA_Slividans	WP_126799203.1	34.030	526	311	11	3	499	4	522	0.0	750	51.90
PtuA_Slividans	WP_045793306.1	33.456	544	313	11	1	502	1	537	0.0	750	50.37
PtuA_Slividans	WP_168085316.1	35.674	527	294	12	1	498	1	511	0.0	750	50.66
PtuA_Slividans	WP_249410725.1	34.848	528	296	12	1	498	1	510	0.0	750	50.57
PtuA_Slividans	WP_182655475.1	36.330	534	300	11	1	502	1	526	0.0	750	51.87
PtuA_Slividans	WP_183908697.1	36.484	529	300	11	1	501	1	521	0.0	749	52.93
PtuA_Slividans	WP_203736778.1	39.072	517	278	12	3	498	12	512	0.0	749	53.97
PtuA_Slividans	WP_319992930.1	34.972	529	307	13	2	500	9	530	0.0	749	52.93
PtuA_Slividans	WP_289913335.1	35.526	532	291	13	1	498	1	514	0.0	749	50.56
PtuA_Slividans	WP_152865074.1	37.765	519	290	9	3	497	8	517	0.0	749	51.06
PtuA_Slividans	WP_371696066.1	35.370	540	296	11	3	501	5	532	0.0	749	50.74
PtuA_Slividans	WP_268054358.1	36.133	512	307	9	1	499	1	505	0.0	749	55.27
PtuA_Slividans	WP_094815594.1	36.329	523	298	13	3	497	10	525	0.0	748	53.35
PtuA_Slividans	RVT81636.1	38.922	501	278	11	23	501	2	496	0.0	748	56.09
PtuA_Slividans	MBW4028863.1	41.109	523	269	13	1	494	1	513	0.0	748	52.39
PtuA_Slividans	WP_159832468.1	40.265	529	275	14	1	500	1	517	0.0	748	52.93
PtuA_Slividans	WP_115323009.1	35.521	518	303	14	1	501	1	504	0.0	748	52.51
PtuA_Slividans	WP_225444283.1	34.924	524	310	12	1	500	20	536	0.0	748	52.86
PtuA_Slividans	WP_182736742.1	33.143	525	309	10	1	501	1	507	0.0	748	50.48
PtuA_Slividans	MFP3524868.1	33.719	519	312	11	3	501	6	512	0.0	747	52.99
PtuA_Slividans	WP_185821214.1	36.576	514	302	11	2	499	4	509	0.0	747	53.11
PtuA_Slividans	WP_020846007.1	36.792	530	297	11	1	502	1	520	0.0	747	54.34
PtuA_Slividans	WP_189165202.1	83.800	500	81	0	1	500	1	500	0.0	747	88.60
PtuA_Slividans	WP_218896165.1	39.347	521	281	13	9	501	3	516	0.0	747	52.40
PtuA_Slividans	MCY4559299.1	37.667	523	295	11	1	499	1	516	0.0	747	53.15
PtuA_Slividans	WP_139412030.1	32.700	526	320	9	1	498	1	520	0.0	747	50.76
PtuA_Slividans	WP_232845544.1	39.286	504	270	12	23	500	2	495	0.0	746	52.58
PtuA_Slividans	MFH2065433.1	35.755	523	301	13	3	497	11	526	0.0	746	51.63
PtuA_Slividans	WP_031852563.1	36.595	511	305	11	1	500	1	503	0.0	746	53.42
PtuA_Slividans	WP_224870685.1	38.878	517	286	12	1	501	1	503	0.0	746	54.93
PtuA_Slividans	WP_108338740.1	33.588	524	317	14	1	501	1	516	0.0	746	51.53
PtuA_Slividans	WP_169148649.1	35.250	539	295	12	1	502	1	522	0.0	746	50.09
PtuA_Slividans	WP_386686443.1	38.569	503	281	11	1	487	1	491	0.0	746	54.08
PtuA_Slividans	WP_355301439.1	42.490	506	273	8	1	501	1	493	0.0	746	56.52
PtuA_Slividans	WP_095609940.1	36.667	510	306	10	1	500	1	503	0.0	746	54.71
PtuA_Slividans	HEL5401829.1	35.019	514	309	13	3	500	5	509	0.0	746	51.56
PtuA_Slividans	MBV7434194.1	36.398	522	295	13	1	500	1	507	0.0	745	54.41
PtuA_Slividans	WP_414206464.1	36.561	506	301	9	9	501	12	510	0.0	745	55.53
PtuA_Slividans	WP_161632412.1	37.426	505	271	11	21	498	2	488	0.0	745	52.67
PtuA_Slividans	WP_211448377.1	35.922	515	309	12	2	502	29	536	0.0	745	54.37
PtuA_Slividans	NDU85380.1	36.590	522	296	12	3	496	11	525	0.0	745	54.41
PtuA_Slividans	SFQ64490.1	40.000	525	277	13	3	499	2	516	0.0	745	54.29
PtuA_Slividans	WP_236780243.1	35.514	535	291	12	3	502	5	520	0.0	745	50.47
PtuA_Slividans	WP_103379210.1	34.594	529	298	9	1	501	1	509	0.0	745	51.80
PtuA_Slividans	WP_379201696.1	38.848	538	278	14	1	501	1	524	0.0	745	50.93
PtuA_Slividans	WP_413613235.1	37.137	517	295	12	1	496	1	508	0.0	745	53.19
PtuA_Slividans	WP_191149747.1	35.203	517	303	11	2	498	5	509	0.0	745	53.58
PtuA_Slividans	WP_063758985.1	39.645	507	282	9	5	499	2	496	0.0	744	54.44
PtuA_Slividans	WP_108194936.1	34.302	516	312	12	1	497	1	508	0.0	744	52.33
PtuA_Slividans	WP_108819736.1	33.268	514	320	9	1	501	1	504	0.0	744	50.39
PtuA_Slividans	MDO9333733.1	38.123	522	290	14	1	500	1	511	0.0	744	53.07
PtuA_Slividans	WP_176369706.1	40.962	520	266	14	9	494	5	517	0.0	744	53.85
PtuA_Slividans	WP_093733416.1	34.489	519	314	10	1	499	1	513	0.0	744	50.67
PtuA_Slividans	WP_078351627.1	34.942	518	313	12	1	502	1	510	0.0	744	53.28
PtuA_Slividans	WP_346493649.1	37.255	510	291	11	14	502	5	506	0.0	743	51.76
PtuA_Slividans	WP_410013946.1	33.658	514	319	11	1	500	2	507	0.0	743	53.70
PtuA_Slividans	WP_108759076.1	35.338	532	304	12	1	500	1	524	0.0	743	51.69
PtuA_Slividans	WP_080418998.1	39.808	520	282	11	1	500	1	509	0.0	743	54.42
PtuA_Slividans	WP_315859819.1	39.521	501	268	12	25	500	2	492	0.0	743	54.69
PtuA_Slividans	WP_163819613.1	39.038	520	290	13	1	502	1	511	0.0	743	51.35
PtuA_Slividans	WP_069701665.1	38.996	518	283	13	1	499	1	504	0.0	742	54.63
PtuA_Slividans	MBU0623177.1	36.553	528	293	13	3	498	2	519	0.0	742	50.95
PtuA_Slividans	WP_136226696.1	80.116	518	85	1	1	500	1	518	0.0	742	84.36
PtuA_Slividans	WP_389329590.1	37.137	517	298	10	1	500	1	507	0.0	742	53.00
PtuA_Slividans	WP_100630801.1	37.786	524	292	12	1	501	1	513	0.0	742	55.53
PtuA_Slividans	WP_386748581.1	39.844	512	284	9	1	499	1	501	0.0	742	55.47
PtuA_Slividans	WP_210010779.1	36.122	526	299	13	1	501	1	514	0.0	742	50.76
PtuA_Slividans	WP_078814668.1	38.346	532	278	13	3	493	7	529	0.0	741	51.88
PtuA_Slividans	WP_147873468.1	83.665	502	82	0	1	502	1	502	0.0	741	87.25
PtuA_Slividans	WP_368029155.1	38.163	490	287	9	3	488	5	482	0.0	741	56.33
PtuA_Slividans	WP_224372474.1	39.608	510	269	10	20	501	8	506	0.0	741	51.96
PtuA_Slividans	WP_102946597.1	37.524	517	294	11	1	496	1	509	0.0	741	52.22
PtuA_Slividans	WP_386961253.1	40.583	515	271	12	1	495	1	500	0.0	741	54.56
PtuA_Slividans	WP_258467771.1	77.246	501	111	1	1	501	1	498	0.0	741	83.23
PtuA_Slividans	WP_248391006.1	37.725	501	293	11	14	502	22	515	0.0	741	55.69
PtuA_Slividans	WP_236669849.1	39.604	505	285	9	5	499	2	496	0.0	741	55.25
PtuA_Slividans	WP_359853664.1	42.885	506	271	8	1	501	1	493	0.0	741	57.11
PtuA_Slividans	WP_210477102.1	38.286	525	286	13	3	499	2	516	0.0	741	53.52
PtuA_Slividans	WP_035603245.1	36.329	523	298	12	3	497	11	526	0.0	741	52.96
PtuA_Slividans	WP_370154277.1	38.783	526	283	14	1	499	1	514	0.0	740	54.37
PtuA_Slividans	WP_226180667.1	41.279	516	275	11	1	498	7	512	0.0	740	53.88
PtuA_Slividans	WP_218537771.1	38.207	513	294	9	3	498	5	511	0.0	740	52.44
PtuA_Slividans	WP_359737552.1	74.850	501	122	2	1	501	1	497	0.0	740	82.83
PtuA_Slividans	WP_168945569.1	39.652	517	279	11	1	494	1	507	0.0	739	53.77
PtuA_Slividans	WP_365420364.1	42.050	478	256	11	35	499	1	470	0.0	739	57.74
PtuA_Slividans	WP_249990771.1	34.690	516	310	12	1	498	1	507	0.0	739	54.07
PtuA_Slividans	WP_379012963.1	35.078	516	312	9	1	500	1	509	0.0	739	53.68
PtuA_Slividans	WP_245905396.1	38.791	513	284	10	12	500	1	507	0.0	739	54.39
PtuA_Slividans	WP_386153686.1	40.042	477	268	11	35	501	1	469	0.0	739	54.93
PtuA_Slividans	WP_093936777.1	42.885	506	271	8	1	501	1	493	0.0	738	56.52
PtuA_Slividans	WP_331330457.1	37.094	523	291	10	1	495	1	513	0.0	738	54.30
PtuA_Slividans	WP_392075912.1	41.715	513	275	10	2	499	15	518	0.0	738	55.56
PtuA_Slividans	WP_415664101.1	33.591	518	314	11	1	499	1	507	0.0	738	51.35
PtuA_Slividans	WP_111377048.1	35.146	515	308	12	1	498	1	506	0.0	737	53.01
PtuA_Slividans	WP_361657407.1	78.613	519	93	1	1	501	1	519	0.0	737	83.43
PtuA_Slividans	WP_382930842.1	79.042	501	105	0	1	501	1	501	0.0	737	86.03
PtuA_Slividans	WP_279925942.1	43.564	505	267	8	1	501	1	491	0.0	737	55.84
PtuA_Slividans	WP_044872474.1	38.710	527	283	14	3	499	2	518	0.0	736	53.89
PtuA_Slividans	WP_269290103.1	43.676	506	267	8	1	501	1	493	0.0	736	56.32
PtuA_Slividans	WP_278020843.1	38.298	517	293	11	1	499	1	509	0.0	736	54.55
PtuA_Slividans	WP_273416080.1	35.171	526	294	11	3	500	5	511	0.0	736	51.33
PtuA_Slividans	WP_197076211.1	37.214	481	281	9	35	500	1	475	0.0	735	54.05
PtuA_Slividans	WP_080364164.1	35.019	514	313	11	1	501	1	506	0.0	735	53.50
PtuA_Slividans	WP_217654671.1	39.394	528	280	13	3	500	16	533	0.0	735	54.17
PtuA_Slividans	WP_087822701.1	35.385	520	304	10	2	501	5	512	0.0	735	51.92
PtuA_Slividans	WP_197686058.1	35.271	516	309	9	1	500	1	507	0.0	735	49.42
PtuA_Slividans	WP_413975271.1	37.476	515	297	12	3	501	5	510	0.0	734	52.62
PtuA_Slividans	WP_198091070.1	35.496	524	302	14	1	501	1	511	0.0	734	55.15
PtuA_Slividans	MDO9360674.1	36.952	525	291	12	1	499	1	511	0.0	734	54.29
PtuA_Slividans	WP_060681308.1	37.500	512	292	12	1	497	1	499	0.0	734	55.86
PtuA_Slividans	WP_347233978.1	81.888	519	76	1	1	501	1	519	0.0	734	86.13
PtuA_Slividans	WP_404641426.1	37.687	467	270	8	47	501	2	459	0.0	733	56.96
PtuA_Slividans	WP_136222861.1	40.856	514	279	10	2	499	5	509	0.0	733	54.86
PtuA_Slividans	WP_085396426.1	34.375	512	315	10	2	500	3	506	0.0	733	53.32
PtuA_Slividans	WP_301375930.1	37.575	503	296	10	1	497	1	491	0.0	733	54.87
PtuA_Slividans	WP_378155124.1	35.000	540	295	13	1	495	1	529	0.0	733	49.07
PtuA_Slividans	WP_054049578.1	40.117	511	289	10	1	501	1	504	0.0	733	53.62
PtuA_Slividans	WP_279215128.1	36.742	528	293	13	3	498	69	587	0.0	733	50.57
PtuA_Slividans	WP_317541962.1	37.113	485	271	14	38	501	1	472	0.0	733	53.20
PtuA_Slividans	WP_121268596.1	36.106	529	302	10	1	501	1	521	0.0	733	52.36
PtuA_Slividans	WP_145397485.1	34.808	520	314	9	1	501	1	514	0.0	733	49.23
PtuA_Slividans	WP_086740498.1	39.619	525	274	14	1	494	1	513	0.0	732	52.95
PtuA_Slividans	WP_186681075.1	39.766	513	288	11	1	501	1	504	0.0	732	53.80
PtuA_Slividans	MCS4635035.1	34.216	491	289	10	2	465	3	486	0.0	732	49.90
PtuA_Slividans	WP_069918184.1	77.246	501	104	3	1	500	1	492	0.0	732	83.43
PtuA_Slividans	MEW6436956.1	39.122	524	276	15	1	494	1	511	0.0	732	52.29
PtuA_Slividans	WP_357749841.1	36.750	517	300	11	1	500	1	507	0.0	731	51.06
PtuA_Slividans	WP_409077918.1	39.698	529	277	13	3	499	2	520	0.0	731	52.17
PtuA_Slividans	HEX4022173.1	39.734	526	278	13	1	497	1	516	0.0	731	53.04
PtuA_Slividans	WP_195004741.1	39.848	527	270	11	1	494	1	513	0.0	731	52.94
PtuA_Slividans	WP_160288084.1	37.547	530	289	13	3	500	2	521	0.0	730	54.15
PtuA_Slividans	CUI02210.1	39.400	467	252	7	60	501	4	464	0.0	730	56.10
PtuA_Slividans	WP_385995665.1	38.067	507	292	8	5	499	2	498	0.0	730	52.47
PtuA_Slividans	WP_233372048.1	36.832	524	294	13	3	498	2	516	0.0	730	51.15
PtuA_Slividans	WP_217449662.1	37.833	526	287	13	3	498	16	531	0.0	730	52.28
PtuA_Slividans	MDD5384271.1	35.888	535	298	11	3	499	14	541	0.0	730	50.84
PtuA_Slividans	WP_379471753.1	40.230	522	270	14	1	495	1	507	0.0	730	54.98
PtuA_Slividans	WP_072269693.1	34.623	517	312	10	2	500	3	511	0.0	730	53.19
PtuA_Slividans	WP_231904324.1	34.765	489	283	12	1	461	1	481	0.0	730	50.92
PtuA_Slividans	WP_079244304.1	39.612	515	272	12	14	500	5	508	0.0	730	54.76
PtuA_Slividans	MBL0086255.1	37.849	502	277	11	10	486	2	493	0.0	729	52.19
PtuA_Slividans	WP_126198901.1	38.636	528	273	11	3	495	2	513	0.0	729	53.98
PtuA_Slividans	WP_357133939.1	38.476	538	282	13	1	501	1	526	0.0	729	52.97
PtuA_Slividans	WP_007245235.1	34.608	523	292	12	6	498	8	510	0.0	729	50.10
PtuA_Slividans	WP_092909648.1	38.264	507	267	12	1	486	1	482	0.0	729	55.82
PtuA_Slividans	WP_332674200.1	37.002	527	288	13	1	494	1	516	0.0	729	51.80
PtuA_Slividans	HCT77517.1	44.024	502	256	9	10	499	2	490	0.0	729	56.77
PtuA_Slividans	MDR2000115.1	38.330	527	284	13	3	498	2	518	0.0	729	52.37
PtuA_Slividans	WP_261725573.1	74.950	499	118	1	1	499	1	492	0.0	729	82.97
PtuA_Slividans	WP_247372427.1	36.382	492	274	10	38	497	1	485	0.0	729	51.83
PtuA_Slividans	WP_108526186.1	38.447	528	283	13	3	498	2	519	0.0	728	53.41
PtuA_Slividans	WP_274082500.1	38.258	528	284	13	3	498	2	519	0.0	728	54.73
PtuA_Slividans	WP_398152268.1	38.783	526	287	10	1	500	1	517	0.0	728	52.47
PtuA_Slividans	WP_227971627.1	37.524	517	292	11	1	500	1	503	0.0	727	53.38
PtuA_Slividans	WP_250522749.1	41.815	507	259	14	19	494	15	516	0.0	727	54.64
PtuA_Slividans	WP_148800448.1	33.771	533	298	12	6	498	18	535	0.0	726	52.35
PtuA_Slividans	WP_365369614.1	43.217	516	264	12	1	502	1	501	0.0	726	55.81
PtuA_Slividans	WP_335855354.1	34.766	512	312	11	2	500	3	505	0.0	726	52.54
PtuA_Slividans	RZK44474.1	38.561	542	278	12	1	494	1	535	0.0	726	53.14
PtuA_Slividans	WP_310345488.1	35.917	529	297	13	3	498	2	521	0.0	726	51.61
PtuA_Slividans	WP_312841353.1	36.553	528	294	13	3	498	2	520	0.0	726	50.38
PtuA_Slividans	WP_200577627.1	33.592	515	321	11	2	502	5	512	0.0	726	53.59
PtuA_Slividans	WP_307666627.1	42.074	511	269	12	2	499	5	501	0.0	726	54.01
PtuA_Slividans	WP_312282339.1	34.064	502	310	11	2	489	5	499	0.0	726	53.59
PtuA_Slividans	WP_251753347.1	38.280	465	268	9	46	498	2	459	0.0	726	55.05
PtuA_Slividans	WP_376342874.1	40.234	512	282	10	1	499	1	501	0.0	726	54.69
PtuA_Slividans	WP_305786491.1	36.346	520	294	11	1	500	1	503	0.0	725	50.58
PtuA_Slividans	WP_194617398.1	35.659	516	304	12	1	498	1	506	0.0	725	53.68
PtuA_Slividans	WP_198666134.1	38.031	518	291	13	3	501	2	508	0.0	725	53.47
PtuA_Slividans	HCI1915381.1	36.484	529	293	14	3	499	2	519	0.0	725	50.47
PtuA_Slividans	WP_339429120.1	37.595	524	290	15	1	500	1	511	0.0	725	52.10
PtuA_Slividans	PHQ85533.1	39.000	500	277	12	21	501	18	508	0.0	724	54.60
PtuA_Slividans	WP_135749994.1	35.317	521	308	11	1	500	1	513	0.0	724	55.09
PtuA_Slividans	WP_252717565.1	35.934	487	268	9	49	498	18	497	0.0	724	51.75
PtuA_Slividans	WP_231607786.1	40.974	493	266	10	22	499	3	485	0.0	724	54.36
PtuA_Slividans	WP_357310291.1	42.801	507	258	11	1	501	1	481	0.0	724	55.62
PtuA_Slividans	MDP7223353.1	34.990	523	306	14	3	499	7	521	0.0	723	54.88
PtuA_Slividans	HDR2553072.1	39.171	434	250	8	73	500	1	426	0.0	723	58.06
PtuA_Slividans	WP_218156592.1	34.082	534	309	13	1	500	3	527	0.0	723	51.31
PtuA_Slividans	MFN0141305.1	36.641	524	300	13	1	500	1	516	0.0	723	52.48
PtuA_Slividans	WP_062609662.1	40.307	521	257	13	18	494	15	525	0.0	723	52.59
PtuA_Slividans	WP_166133967.1	34.690	516	311	13	1	499	1	507	0.0	723	52.13
PtuA_Slividans	WP_132982034.1	34.652	531	308	13	1	500	1	523	0.0	722	52.92
PtuA_Slividans	WP_122282304.1	38.356	511	298	10	1	501	1	504	0.0	722	53.03
PtuA_Slividans	WP_394947211.1	39.544	526	273	16	1	494	1	513	0.0	722	52.66
PtuA_Slividans	WP_366917756.1	39.034	497	277	11	22	500	4	492	0.0	722	53.72
PtuA_Slividans	WP_042506680.1	37.045	494	291	8	18	498	15	501	0.0	722	53.64
PtuA_Slividans	WP_332373351.1	40.000	515	268	13	11	494	8	512	0.0	722	53.01
PtuA_Slividans	WP_276464374.1	35.350	529	305	11	1	500	1	521	0.0	722	54.82
PtuA_Slividans	WP_411683640.1	35.098	510	311	10	3	500	4	505	0.0	721	53.92
PtuA_Slividans	WP_131585449.1	40.310	516	284	9	1	500	1	508	0.0	721	52.52
PtuA_Slividans	WP_031453380.1	34.175	515	313	12	1	498	1	506	0.0	721	53.01
PtuA_Slividans	MDR2997534.1	39.360	531	284	11	3	500	166	691	0.0	721	53.67
PtuA_Slividans	WP_326687256.1	40.684	526	271	14	1	501	1	510	0.0	721	53.42
PtuA_Slividans	WP_025146474.1	38.086	512	296	9	1	501	1	502	0.0	720	54.49
PtuA_Slividans	WP_033901921.1	36.792	530	293	13	3	500	2	521	0.0	720	52.64
PtuA_Slividans	WP_216845575.1	38.788	495	257	11	26	497	5	476	0.0	720	53.13
PtuA_Slividans	WP_088375339.1	36.944	517	295	11	1	500	1	503	0.0	720	52.42
PtuA_Slividans	WP_035407632.1	35.603	514	304	11	1	499	1	502	0.0	719	55.25
PtuA_Slividans	QKW31242.1	40.546	513	275	12	5	499	2	502	0.0	719	53.22
PtuA_Slividans	WP_319852270.1	34.570	512	316	10	2	502	3	506	0.0	719	54.69
PtuA_Slividans	WP_201542493.1	35.632	522	305	12	1	501	1	512	0.0	719	52.87
PtuA_Slividans	WP_392224322.1	39.089	527	286	10	1	501	1	518	0.0	719	50.66
PtuA_Slividans	WP_121376713.1	33.981	515	318	11	1	501	1	507	0.0	719	51.65
PtuA_Slividans	WP_192345342.1	38.941	529	281	13	3	499	2	520	0.0	719	51.98
PtuA_Slividans	WP_402750786.1	60.246	488	185	3	1	487	1	480	0.0	719	72.34
PtuA_Slividans	WP_318353137.1	39.504	524	279	14	1	502	1	508	0.0	718	53.63
PtuA_Slividans	WP_119127197.1	33.021	533	307	12	1	502	2	515	0.0	718	47.84
PtuA_Slividans	WP_089267504.1	39.489	509	272	15	1	484	1	498	0.0	718	53.83
PtuA_Slividans	WP_133990938.1	38.889	522	286	13	1	499	1	512	0.0	718	54.98
PtuA_Slividans	WP_258459985.1	36.622	527	300	10	1	500	1	520	0.0	718	54.27
PtuA_Slividans	WP_261641537.1	34.834	511	314	10	2	501	3	505	0.0	718	55.38
PtuA_Slividans	WP_325918566.1	37.429	529	290	13	3	500	2	520	0.0	718	51.23
PtuA_Slividans	WP_364644115.1	39.884	519	274	12	1	495	1	505	0.0	717	54.53
PtuA_Slividans	WP_334147218.1	39.417	515	276	14	1	495	1	499	0.0	716	55.15
PtuA_Slividans	WP_219467845.1	35.238	525	303	11	1	500	1	513	0.0	716	50.29
PtuA_Slividans	WP_076239762.1	39.370	508	292	9	1	501	1	499	0.0	716	54.13
PtuA_Slividans	RPT56609.1	36.484	529	292	14	3	499	71	587	0.0	716	50.66
PtuA_Slividans	WP_350425989.1	34.436	514	316	11	1	501	1	506	0.0	715	54.67
PtuA_Slividans	WP_272518080.1	36.566	495	293	11	18	498	24	511	0.0	715	53.94
PtuA_Slividans	WP_348292259.1	38.889	504	280	13	17	501	14	508	0.0	715	54.37
PtuA_Slividans	WP_088744094.1	33.895	534	310	11	1	500	1	525	0.0	715	49.44
PtuA_Slividans	WP_290326636.1	36.433	527	301	10	1	500	1	520	0.0	715	53.51
PtuA_Slividans	WP_087933568.1	34.122	507	314	10	6	500	7	505	0.0	715	52.86
PtuA_Slividans	WP_280359709.1	40.085	469	249	11	53	500	2	459	0.0	715	53.30
PtuA_Slividans	WP_401044880.1	58.402	488	194	4	1	487	1	480	0.0	715	70.08
PtuA_Slividans	WP_266157245.1	39.122	501	281	9	17	499	22	516	0.0	714	55.49
PtuA_Slividans	WP_080952301.1	37.009	535	288	15	1	500	1	521	0.0	714	49.91
PtuA_Slividans	WP_379575264.1	38.550	524	288	11	3	498	167	684	0.0	714	52.67
PtuA_Slividans	WP_080944554.1	35.115	524	304	14	1	501	1	511	0.0	714	54.58
PtuA_Slividans	WP_405376991.1	37.374	495	290	8	18	499	15	502	0.0	714	54.55
PtuA_Slividans	WP_191578333.1	36.981	530	295	11	1	501	1	520	0.0	714	52.08
PtuA_Slividans	WP_282914308.1	35.783	517	303	11	1	499	1	506	0.0	714	55.13
PtuA_Slividans	WP_406754724.1	36.454	502	293	9	18	500	15	509	0.0	713	53.59
PtuA_Slividans	WP_253208465.1	38.520	527	289	10	1	501	1	518	0.0	713	51.04
PtuA_Slividans	WP_207461788.1	39.768	518	277	12	3	496	21	527	0.0	713	52.12
PtuA_Slividans	WP_189780035.1	55.467	503	212	5	1	501	1	493	0.0	713	65.81
PtuA_Slividans	WP_124352450.1	37.115	520	296	13	1	499	1	510	0.0	713	53.27
PtuA_Slividans	WP_282712730.1	34.630	514	311	13	1	497	1	506	0.0	713	52.53
PtuA_Slividans	WP_339160121.1	36.667	510	300	10	1	494	1	503	0.0	713	52.94
PtuA_Slividans	WP_256484560.1	36.822	516	298	10	1	499	1	505	0.0	712	58.14
PtuA_Slividans	WP_204510482.1	33.462	520	293	11	18	498	29	534	0.0	712	52.88
PtuA_Slividans	WP_291914739.1	36.952	525	293	13	3	498	2	517	0.0	712	52.00
PtuA_Slividans	WP_362628099.1	40.619	517	275	12	4	499	5	510	0.0	711	53.77
PtuA_Slividans	WP_365495989.1	40.771	493	267	10	22	499	3	485	0.0	711	54.16
PtuA_Slividans	PZQ60369.1	37.500	520	286	11	2	495	22	528	0.0	711	52.31
PtuA_Slividans	WP_013208819.1	38.213	526	282	14	1	494	1	515	0.0	711	51.71
PtuA_Slividans	WP_366677351.1	40.607	527	279	13	1	501	1	519	0.0	711	52.75
PtuA_Slividans	WP_260963610.1	35.352	512	306	11	1	499	1	500	0.0	711	51.37
PtuA_Slividans	WP_346746273.1	34.902	510	287	11	20	498	31	526	0.0	711	53.92
PtuA_Slividans	WP_342132361.1	36.873	518	297	10	7	501	8	518	0.0	710	53.09
PtuA_Slividans	WP_239837506.1	35.029	511	313	11	1	500	1	503	0.0	710	53.62
PtuA_Slividans	WP_161077854.1	33.461	523	314	11	1	497	1	515	0.0	710	50.29
PtuA_Slividans	WP_317289971.1	36.768	495	293	8	18	499	15	502	0.0	709	54.75
PtuA_Slividans	WP_366975419.1	39.731	521	287	11	3	502	5	519	0.0	709	54.89
PtuA_Slividans	WP_198414483.1	40.123	486	259	10	35	497	1	477	0.0	709	55.56
PtuA_Slividans	WP_342207361.1	37.160	514	293	11	1	500	1	498	0.0	709	55.45
PtuA_Slividans	WP_368911886.1	40.381	525	268	13	1	493	1	512	0.0	709	52.95
PtuA_Slividans	QQM04086.1	37.609	460	259	9	60	501	4	453	0.0	709	51.96
PtuA_Slividans	WP_009959101.1	36.416	519	295	11	2	494	10	519	0.0	709	52.60
PtuA_Slividans	WP_029555518.1	39.469	527	277	15	3	498	2	517	0.0	709	53.32
PtuA_Slividans	WP_319958470.1	35.094	530	304	10	2	501	4	523	0.0	708	54.34
PtuA_Slividans	WP_272625968.1	34.924	524	303	13	1	498	5	516	0.0	708	50.00
PtuA_Slividans	WP_412265809.1	37.255	510	293	8	13	501	9	512	0.0	708	55.49
PtuA_Slividans	WP_171147693.1	40.655	519	273	10	1	502	1	501	0.0	708	54.53
PtuA_Slividans	WP_103566799.1	34.698	513	287	12	20	498	31	529	0.0	708	54.39
PtuA_Slividans	WP_146816909.1	36.791	511	302	11	1	501	3	502	0.0	707	53.03
PtuA_Slividans	WP_081737501.1	36.381	514	294	12	10	500	9	512	0.0	707	53.31
PtuA_Slividans	WP_155232174.1	34.286	525	310	9	1	498	1	517	0.0	707	53.52
PtuA_Slividans	WP_338887219.1	39.540	435	250	7	72	500	2	429	0.0	707	57.93
PtuA_Slividans	WP_060902581.1	59.836	488	187	3	1	487	1	480	0.0	707	73.36
PtuA_Slividans	WP_264579475.1	37.428	521	287	11	2	496	4	511	0.0	706	52.40
PtuA_Slividans	WP_007596196.1	36.822	535	287	12	1	494	6	530	0.0	706	51.59
PtuA_Slividans	WP_229819955.1	40.748	481	261	12	35	500	1	472	0.0	706	56.55
PtuA_Slividans	WP_390676415.1	41.165	515	275	9	1	501	1	501	0.0	706	56.12
PtuA_Slividans	MEZ8967477.1	34.398	532	311	13	1	501	1	525	0.0	706	50.56
PtuA_Slividans	WP_017454876.1	33.272	544	303	12	1	502	1	526	0.0	706	46.88
PtuA_Slividans	WP_278124742.1	36.484	529	294	11	1	500	1	516	0.0	706	50.66
PtuA_Slividans	WP_217068541.1	40.234	512	262	15	6	484	3	503	0.0	706	52.73
PtuA_Slividans	WP_149200210.1	37.807	529	286	14	3	499	2	519	0.0	706	51.98
PtuA_Slividans	MBN8218444.1	37.500	512	286	11	2	486	7	511	0.0	706	55.27
PtuA_Slividans	WP_048033544.1	35.409	514	306	11	1	499	1	503	0.0	705	55.25
PtuA_Slividans	WP_017235517.1	37.251	451	257	9	66	498	1	443	0.0	704	53.44
PtuA_Slividans	WP_267416862.1	38.356	511	268	12	21	502	2	494	0.0	704	54.60
PtuA_Slividans	WP_410977339.1	31.402	535	324	11	1	500	1	527	0.0	704	49.72
PtuA_Slividans	WP_103634411.1	33.137	510	290	11	25	498	3	497	0.0	704	53.92
PtuA_Slividans	WP_026171821.1	37.931	522	291	10	1	497	1	514	0.0	704	52.30
PtuA_Slividans	WP_136891548.1	38.067	507	293	11	1	499	1	494	0.0	704	54.64
PtuA_Slividans	HKI43136.1	41.895	475	242	11	1	449	1	467	0.0	704	55.79
PtuA_Slividans	WP_387794225.1	39.376	513	287	9	1	499	1	503	0.0	704	55.36
PtuA_Slividans	TCM68450.1	34.019	535	309	11	1	498	1	528	0.0	703	51.78
PtuA_Slividans	WP_386663122.1	71.429	504	129	7	1	500	1	493	0.0	703	78.37
PtuA_Slividans	WP_230199637.1	39.100	422	240	7	91	501	1	416	0.0	703	57.11
PtuA_Slividans	WP_261971801.1	37.429	529	294	11	1	498	1	523	0.0	703	53.88
PtuA_Slividans	WP_124665576.1	39.002	441	252	7	71	500	5	439	0.0	703	55.33
PtuA_Slividans	WP_402722424.1	39.417	515	284	11	1	499	1	503	0.0	703	55.34
PtuA_Slividans	WP_329127196.1	55.010	489	210	4	1	487	1	481	0.0	703	66.87
PtuA_Slividans	WP_187047355.1	34.652	531	301	12	1	499	1	517	0.0	703	52.73
PtuA_Slividans	WP_218599196.1	35.758	495	298	8	18	499	15	502	0.0	702	54.95
PtuA_Slividans	MCX6952973.1	41.233	519	278	10	3	502	5	515	0.0	702	52.60
PtuA_Slividans	TFA86246.1	34.137	498	307	11	17	500	13	503	0.0	702	55.62
PtuA_Slividans	HTM67351.1	38.386	508	295	10	1	498	1	500	0.0	702	53.94
PtuA_Slividans	MEP6067354.1	37.924	501	285	11	18	501	15	506	0.0	701	55.69
PtuA_Slividans	WP_014069715.1	33.761	545	310	10	1	502	2	538	0.0	701	50.09
PtuA_Slividans	WP_197368293.1	34.924	524	303	13	1	498	5	516	0.0	701	49.62
PtuA_Slividans	MCY4060484.1	38.494	478	261	9	49	500	1	471	0.0	701	53.14
PtuA_Slividans	WP_215097636.1	39.130	529	287	12	3	501	166	689	0.0	701	53.88
PtuA_Slividans	WP_164465840.1	35.182	523	307	12	1	500	1	514	0.0	700	50.29
PtuA_Slividans	HKN75381.1	38.783	526	288	12	1	501	1	517	0.0	700	52.66
PtuA_Slividans	WP_221898570.1	39.007	423	238	8	92	501	3	418	0.0	700	56.50
PtuA_Slividans	WP_241478696.1	37.372	487	279	10	6	474	8	486	0.0	700	53.59
PtuA_Slividans	RYF26337.1	34.047	514	313	12	1	497	1	505	0.0	700	51.75
PtuA_Slividans	WP_009169732.1	33.849	517	308	13	1	501	1	499	0.0	699	52.80
PtuA_Slividans	WP_288684250.1	37.965	511	290	12	1	499	1	496	0.0	699	53.42
PtuA_Slividans	WP_319707893.1	82.183	449	78	1	53	501	2	448	0.0	699	86.19
PtuA_Slividans	WP_316551501.1	39.759	415	236	8	70	478	1	407	0.0	698	58.55
PtuA_Slividans	MBF1036080.1	35.067	519	313	10	1	501	1	513	0.0	698	53.95
PtuA_Slividans	WP_052235153.1	37.240	529	284	15	2	494	6	522	0.0	698	51.98
PtuA_Slividans	WP_366358508.1	38.447	528	291	11	3	501	168	690	0.0	698	51.70
PtuA_Slividans	NOT14750.1	39.739	536	279	15	1	502	1	526	0.0	698	52.80
PtuA_Slividans	MFA6900573.1	39.474	456	253	8	60	499	4	452	0.0	698	56.14
PtuA_Slividans	WP_234337357.1	39.417	515	282	10	5	499	2	506	0.0	698	54.76
PtuA_Slividans	WP_231738817.1	35.490	510	290	11	24	501	3	505	0.0	697	50.20
PtuA_Slividans	WP_162680599.1	33.781	521	311	15	1	499	1	509	0.0	697	52.98
PtuA_Slividans	WP_166296988.1	36.952	525	294	13	1	499	1	514	0.0	697	52.76
PtuA_Slividans	WP_374817320.1	39.072	517	279	12	1	494	1	504	0.0	697	52.80
PtuA_Slividans	WP_247453867.1	36.100	518	278	14	1	484	1	499	0.0	697	50.39
PtuA_Slividans	WP_157276294.1	37.320	485	279	11	35	502	1	477	0.0	697	53.20
PtuA_Slividans	WP_378512186.1	38.857	525	284	12	5	500	40	556	0.0	697	52.19
PtuA_Slividans	WP_114867344.1	33.771	533	315	13	1	502	1	526	0.0	696	48.03
PtuA_Slividans	WP_253542138.1	39.122	524	278	14	3	496	10	522	0.0	696	51.34
PtuA_Slividans	MCH5260239.1	34.556	518	307	10	1	499	1	505	0.0	696	53.86
PtuA_Slividans	WP_358096710.1	36.782	522	298	13	1	502	1	510	0.0	696	52.49
PtuA_Slividans	WP_133343051.1	39.087	504	282	11	14	501	4	498	0.0	696	54.96
PtuA_Slividans	WP_121359244.1	41.912	408	219	6	106	501	1	402	0.0	695	56.13
PtuA_Slividans	WP_402414471.1	35.907	518	305	9	1	498	1	511	0.0	695	52.90
PtuA_Slividans	WP_216257880.1	40.438	502	277	12	2	494	6	494	0.0	695	53.59
PtuA_Slividans	WP_343165547.1	39.293	481	255	11	1	455	1	470	0.0	695	52.39
PtuA_Slividans	NCP18833.1	35.214	514	298	12	3	498	5	501	0.0	694	52.33
PtuA_Slividans	WP_115517245.1	39.808	520	279	12	1	494	1	512	0.0	694	55.38
PtuA_Slividans	WP_357810325.1	40.504	516	281	11	1	498	1	508	0.0	694	54.46
PtuA_Slividans	MQS17632.1	60.816	490	180	5	1	487	1	481	0.0	694	71.84
PtuA_Slividans	WP_063857009.1	36.852	521	297	10	1	497	1	513	0.0	693	53.17
PtuA_Slividans	WP_225797784.1	81.015	453	86	0	48	500	2	454	0.0	693	85.21
PtuA_Slividans	WP_071352972.1	36.628	516	295	13	1	499	1	501	0.0	692	55.81
PtuA_Slividans	WP_301905718.1	39.575	518	283	12	1	498	1	508	0.0	692	54.44
PtuA_Slividans	WP_225578549.1	38.969	485	267	10	35	501	1	474	0.0	692	54.43
PtuA_Slividans	WP_359412895.1	62.970	505	175	4	1	501	1	497	0.0	692	74.46
PtuA_Slividans	WP_355019081.1	39.884	519	276	10	1	497	4	508	0.0	691	53.37
PtuA_Slividans	WP_304509166.1	37.475	491	275	15	18	494	17	489	0.0	691	56.01
PtuA_Slividans	WP_351097849.1	38.580	521	286	12	1	500	1	508	0.0	690	51.82
PtuA_Slividans	WP_289943472.1	36.147	545	295	12	1	498	1	539	0.0	690	49.72
PtuA_Slividans	WP_013722618.1	37.899	533	279	13	3	494	4	525	0.0	690	50.47
PtuA_Slividans	WP_381320478.1	38.374	529	284	12	1	501	1	515	0.0	690	51.04
PtuA_Slividans	NWN89592.1	39.960	503	281	13	1	493	5	496	0.0	689	54.87


