# blastp
# Iteration: 7
# Query: PD-T4_4A_ECOR58
# RID: X0SKY9ST016
# Database: nr_cluster_seq
# Fields: query acc.ver, subject acc.ver, % identity, alignment length, mismatches, gap opens, q. start, q. end, s. start, s. end, evalue, bit score, % positives
# 1002 hits found
PD-T4_4A_ECOR58	MBI2779089.1	41.542	467	266	4	1	466	1	461	0.0	683	59.10
PD-T4_4A_ECOR58	MBE3144113.1	41.469	463	264	4	5	466	1	457	0.0	683	60.69
PD-T4_4A_ECOR58	MDO9048913.1	43.041	467	260	4	1	466	1	462	0.0	680	60.39
PD-T4_4A_ECOR58	NEP13539.1	41.542	467	266	4	1	466	1	461	0.0	679	60.81
PD-T4_4A_ECOR58	TAN71942.1	41.756	467	265	4	1	466	1	461	0.0	678	58.24
PD-T4_4A_ECOR58	MBW4642297.1	41.542	467	266	4	1	466	1	461	0.0	677	59.96
PD-T4_4A_ECOR58	MFA5923252.1	41.756	467	265	4	1	466	1	461	0.0	676	60.81
PD-T4_4A_ECOR58	WP_205228199.1	41.756	467	265	4	1	466	1	461	0.0	674	60.17
PD-T4_4A_ECOR58	WP_249102865.1	41.845	466	264	4	2	466	4	463	0.0	674	62.02
PD-T4_4A_ECOR58	MBE9050289.1	41.239	468	267	5	1	466	1	462	0.0	673	61.54
PD-T4_4A_ECOR58	WP_340092793.1	40.899	467	269	4	1	466	1	461	0.0	671	60.81
PD-T4_4A_ECOR58	MDZ4785174.1	41.756	467	265	4	1	466	1	461	0.0	670	59.96
PD-T4_4A_ECOR58	WP_192218968.1	41.970	467	264	4	1	466	1	461	0.0	670	60.81
PD-T4_4A_ECOR58	MCW5205519.1	41.756	467	265	4	1	466	1	461	0.0	669	60.17
PD-T4_4A_ECOR58	WP_096830787.1	41.542	467	261	5	1	466	1	456	0.0	668	60.81
PD-T4_4A_ECOR58	WP_297445180.1	41.113	467	268	4	1	466	1	461	0.0	668	58.46
PD-T4_4A_ECOR58	WP_323274792.1	41.328	467	267	4	1	466	1	461	0.0	668	61.46
PD-T4_4A_ECOR58	MEY3759110.1	40.899	467	269	4	1	466	1	461	0.0	668	60.39
PD-T4_4A_ECOR58	MBP6733429.1	42.888	464	258	4	1	463	1	458	0.0	668	57.76
PD-T4_4A_ECOR58	OQX26364.1	41.756	467	265	4	1	466	1	461	0.0	667	58.24
PD-T4_4A_ECOR58	NER92956.1	42.612	467	261	4	1	466	1	461	0.0	666	62.10
PD-T4_4A_ECOR58	WP_293649375.1	42.612	467	261	4	1	466	1	461	0.0	665	60.81
PD-T4_4A_ECOR58	WP_087147239.1	41.756	467	265	4	1	466	1	461	0.0	665	58.24
PD-T4_4A_ECOR58	WP_343411369.1	41.113	467	267	5	1	465	1	461	0.0	665	59.31
PD-T4_4A_ECOR58	WP_275521936.1	41.756	467	265	4	1	466	1	461	0.0	665	60.60
PD-T4_4A_ECOR58	WP_096582214.1	40.685	467	270	4	1	466	1	461	0.0	665	60.17
PD-T4_4A_ECOR58	OQW91651.1	41.542	467	268	3	1	466	1	463	0.0	665	60.39
PD-T4_4A_ECOR58	WP_179048349.1	40.899	467	269	4	1	466	1	461	0.0	665	59.96
PD-T4_4A_ECOR58	HPG01350.1	43.469	467	257	4	1	466	1	461	0.0	665	60.17
PD-T4_4A_ECOR58	WP_289020496.1	41.328	467	267	4	1	466	1	461	0.0	664	60.60
PD-T4_4A_ECOR58	WP_323287885.1	40.257	467	274	3	1	466	1	463	0.0	664	61.03
PD-T4_4A_ECOR58	WP_073596277.1	40.899	467	269	4	1	466	1	461	0.0	663	61.88
PD-T4_4A_ECOR58	QSJ17957.1	40.899	467	269	4	1	466	1	461	0.0	662	60.39
PD-T4_4A_ECOR58	MDD3695183.1	40.899	467	269	4	1	466	1	461	0.0	662	59.74
PD-T4_4A_ECOR58	WP_044210502.1	41.542	467	266	4	1	466	1	461	0.0	662	60.39
PD-T4_4A_ECOR58	WP_323211739.1	40.598	468	269	5	1	465	1	462	0.0	662	60.47
PD-T4_4A_ECOR58	MEW5856148.1	41.505	465	265	4	1	464	1	459	0.0	661	60.43
PD-T4_4A_ECOR58	WP_285468298.1	41.845	466	264	4	1	465	1	460	0.0	661	59.87
PD-T4_4A_ECOR58	MDP1558006.1	40.351	456	265	4	12	466	2	451	0.0	661	58.33
PD-T4_4A_ECOR58	WP_190556760.1	40.426	470	270	5	1	466	1	464	0.0	660	60.43
PD-T4_4A_ECOR58	RWX42832.1	40.471	467	271	4	1	466	1	461	0.0	660	58.89
PD-T4_4A_ECOR58	BAY16958.1	40.471	467	271	4	1	466	1	461	0.0	660	60.81
PD-T4_4A_ECOR58	CAK8723760.1	40.257	467	272	4	1	466	1	461	0.0	659	60.17
PD-T4_4A_ECOR58	MBU7581909.1	41.328	467	267	4	1	466	1	461	0.0	659	60.17
PD-T4_4A_ECOR58	WP_015208585.1	40.471	467	271	4	1	466	1	461	0.0	659	60.60
PD-T4_4A_ECOR58	WP_334844898.1	42.184	467	263	4	1	466	1	461	0.0	659	60.60
PD-T4_4A_ECOR58	MDD2316831.1	40.685	467	270	4	1	466	1	461	0.0	658	60.39
PD-T4_4A_ECOR58	WP_090672183.1	41.202	466	267	4	1	465	1	460	0.0	658	60.09
PD-T4_4A_ECOR58	WP_374826116.1	40.899	467	269	4	1	466	1	461	0.0	658	60.81
PD-T4_4A_ECOR58	MEI7831780.1	42.398	467	262	4	1	466	1	461	0.0	658	58.24
PD-T4_4A_ECOR58	MCX5862617.1	42.128	470	262	5	1	466	1	464	0.0	658	59.57
PD-T4_4A_ECOR58	MEI7868141.1	41.113	467	268	4	1	466	1	461	0.0	657	59.74
PD-T4_4A_ECOR58	WP_193967125.1	41.970	467	264	4	1	466	1	461	0.0	657	61.03
PD-T4_4A_ECOR58	MBT3308044.1	41.631	466	264	5	1	465	1	459	0.0	657	58.37
PD-T4_4A_ECOR58	MDR3555652.1	41.113	467	268	4	1	466	1	461	0.0	657	59.96
PD-T4_4A_ECOR58	WP_017712714.1	41.113	467	268	4	1	466	1	461	0.0	656	59.31
PD-T4_4A_ECOR58	WP_193951007.1	39.957	468	273	5	1	466	1	462	0.0	656	60.26
PD-T4_4A_ECOR58	NEP40365.1	41.328	467	267	4	1	466	1	461	0.0	655	60.81
PD-T4_4A_ECOR58	WP_083619941.1	40.685	467	270	4	1	466	1	461	0.0	655	60.39
PD-T4_4A_ECOR58	MBU0700991.1	41.328	467	265	6	1	466	1	459	0.0	655	58.46
PD-T4_4A_ECOR58	MBP8278906.1	40.471	467	271	4	1	466	1	461	0.0	655	59.96
PD-T4_4A_ECOR58	MDD4963130.1	41.791	469	268	5	1	466	1	467	0.0	655	57.57
PD-T4_4A_ECOR58	WP_168538592.1	39.186	467	279	3	1	466	1	463	0.0	654	59.74
PD-T4_4A_ECOR58	MCX6578704.1	39.829	467	274	4	1	466	1	461	0.0	652	58.03
PD-T4_4A_ECOR58	WP_089091871.1	40.638	470	269	6	1	466	1	464	0.0	651	60.21
PD-T4_4A_ECOR58	WP_406876195.1	38.758	467	279	4	1	466	1	461	0.0	651	59.10
PD-T4_4A_ECOR58	WP_200326527.1	40.213	470	271	5	1	466	1	464	0.0	650	59.36
PD-T4_4A_ECOR58	MDQ7073619.1	41.113	467	268	4	1	466	1	461	0.0	650	60.17
PD-T4_4A_ECOR58	HEY9852166.1	40.471	467	271	4	1	466	1	461	0.0	650	61.03
PD-T4_4A_ECOR58	SPD74538.1	41.026	468	268	5	1	466	1	462	0.0	649	58.55
PD-T4_4A_ECOR58	WP_190690925.1	40.471	467	271	4	1	466	1	461	0.0	648	60.17
PD-T4_4A_ECOR58	WP_323312445.1	38.608	474	282	3	1	466	1	473	0.0	648	59.07
PD-T4_4A_ECOR58	MEB3149217.1	39.957	468	273	5	1	466	1	462	0.0	648	59.19
PD-T4_4A_ECOR58	NOR49087.1	41.113	467	268	4	1	466	1	461	0.0	648	59.31
PD-T4_4A_ECOR58	MFN6367954.1	40.043	467	274	4	1	466	1	462	0.0	648	60.81
PD-T4_4A_ECOR58	VFN02249.1	42.735	468	261	5	1	466	1	463	0.0	648	59.40
PD-T4_4A_ECOR58	WP_028324798.1	41.239	468	267	5	1	466	1	462	0.0	647	58.76
PD-T4_4A_ECOR58	WP_377477251.1	41.026	468	263	6	1	466	1	457	0.0	647	60.26
PD-T4_4A_ECOR58	HPA57321.1	42.827	467	260	4	1	466	1	461	0.0	647	61.03
PD-T4_4A_ECOR58	HIK12482.1	38.758	467	280	4	1	465	1	463	0.0	647	58.46
PD-T4_4A_ECOR58	MDY7007405.1	42.094	468	262	6	1	466	1	461	0.0	646	59.40
PD-T4_4A_ECOR58	WP_368007038.1	41.314	472	265	6	1	466	1	466	0.0	645	59.53
PD-T4_4A_ECOR58	WP_015168679.1	41.113	467	268	4	1	466	1	461	0.0	645	60.60
PD-T4_4A_ECOR58	MEO5363794.1	40.899	467	268	4	1	466	1	460	0.0	645	59.53
PD-T4_4A_ECOR58	WP_293115249.1	42.004	469	262	6	1	466	1	462	0.0	644	59.28
PD-T4_4A_ECOR58	MEO5357245.1	43.041	467	258	5	1	465	1	461	0.0	644	61.24
PD-T4_4A_ECOR58	BAZ33220.1	39.316	468	276	5	1	466	1	462	0.0	644	60.26
PD-T4_4A_ECOR58	WP_332864064.1	41.239	468	267	5	1	466	1	462	0.0	644	58.76
PD-T4_4A_ECOR58	WP_199246100.1	40.085	469	273	5	1	465	1	465	0.0	644	58.00
PD-T4_4A_ECOR58	MFO2514394.1	42.366	465	261	4	1	464	1	459	0.0	644	60.86
PD-T4_4A_ECOR58	WP_071248884.1	40.638	470	269	5	1	466	1	464	0.0	643	60.00
PD-T4_4A_ECOR58	HBO3135816.1	40.899	467	269	4	1	466	1	461	0.0	643	60.60
PD-T4_4A_ECOR58	OEU64519.1	40.471	467	271	4	1	466	1	461	0.0	643	58.46
PD-T4_4A_ECOR58	MDE2889023.1	40.899	467	271	3	1	466	1	463	0.0	643	58.67
PD-T4_4A_ECOR58	OPY02296.1	41.239	468	267	5	1	467	1	461	0.0	643	60.90
PD-T4_4A_ECOR58	MCY4382355.1	41.614	471	266	4	1	466	1	467	0.0	643	59.02
PD-T4_4A_ECOR58	WP_353929734.1	38.841	466	278	4	1	465	1	460	0.0	642	57.30
PD-T4_4A_ECOR58	NEQ99338.1	42.094	468	263	5	1	466	1	462	0.0	642	59.40
PD-T4_4A_ECOR58	RLC16144.1	40.471	467	271	4	1	466	1	461	0.0	642	59.10
PD-T4_4A_ECOR58	WP_202223601.1	43.497	469	255	6	1	466	1	462	0.0	642	58.85
PD-T4_4A_ECOR58	MDJ0796735.1	39.744	468	274	5	1	466	1	462	0.0	642	60.04
PD-T4_4A_ECOR58	VFJ77009.1	41.756	467	265	4	1	466	1	461	0.0	642	60.60
PD-T4_4A_ECOR58	WP_254566618.1	40.466	472	269	6	1	466	2	467	0.0	642	59.75
PD-T4_4A_ECOR58	WP_204369137.1	41.845	466	265	3	1	466	6	465	0.0	641	57.94
PD-T4_4A_ECOR58	WP_190370853.1	40.471	467	271	4	1	466	1	461	0.0	641	59.96
PD-T4_4A_ECOR58	WP_254014740.1	38.758	467	279	4	1	466	1	461	0.0	640	58.24
PD-T4_4A_ECOR58	WP_133512045.1	41.328	467	265	5	1	466	1	459	0.0	639	58.03
PD-T4_4A_ECOR58	HJH29415.1	41.416	466	266	4	1	465	1	460	0.0	639	59.23
PD-T4_4A_ECOR58	WP_322641924.1	40.899	467	269	4	1	466	1	461	0.0	639	60.60
PD-T4_4A_ECOR58	MBF0408760.1	41.328	467	267	4	1	466	1	461	0.0	639	59.10
PD-T4_4A_ECOR58	MCA9981033.1	39.785	465	273	4	1	464	1	459	0.0	638	58.49
PD-T4_4A_ECOR58	MBN2207894.1	40.471	467	271	5	1	466	1	461	0.0	638	57.60
PD-T4_4A_ECOR58	MEI6708071.1	39.485	466	274	4	1	466	1	458	0.0	637	60.52
PD-T4_4A_ECOR58	MDE3256339.1	40.977	471	269	4	1	466	1	467	0.0	637	59.02
PD-T4_4A_ECOR58	MCE1185045.1	40.471	467	271	4	1	466	1	461	0.0	637	60.39
PD-T4_4A_ECOR58	VFJ94218.1	42.259	478	263	5	1	466	1	477	0.0	636	57.95
PD-T4_4A_ECOR58	OQW94170.1	39.278	471	273	5	1	466	1	463	0.0	636	59.66
PD-T4_4A_ECOR58	WP_124975954.1	40.685	467	270	4	1	466	1	461	0.0	636	59.10
PD-T4_4A_ECOR58	WP_012594620.1	39.270	466	276	4	1	465	1	460	0.0	636	58.58
PD-T4_4A_ECOR58	MBS9384386.1	39.829	467	276	3	1	466	1	463	0.0	636	59.53
PD-T4_4A_ECOR58	MBK8509627.1	40.043	467	272	5	1	465	1	461	0.0	636	58.03
PD-T4_4A_ECOR58	HAI68749.1	42.060	466	261	5	1	465	1	458	0.0	636	59.01
PD-T4_4A_ECOR58	MBN2326941.1	42.308	468	261	5	1	466	1	461	0.0	635	59.83
PD-T4_4A_ECOR58	WP_293138795.1	41.113	467	267	5	1	466	1	460	0.0	635	59.96
PD-T4_4A_ECOR58	WP_287737348.1	41.578	469	264	5	1	466	1	462	0.0	634	58.64
PD-T4_4A_ECOR58	MEI6427483.1	40.899	467	269	4	1	466	1	461	0.0	634	61.46
PD-T4_4A_ECOR58	MCY4150468.1	42.275	466	261	5	1	465	1	459	0.0	633	61.37
PD-T4_4A_ECOR58	MBT8419896.1	41.632	478	266	5	1	466	1	477	0.0	633	58.79
PD-T4_4A_ECOR58	NUM36954.1	40.426	470	274	4	1	466	1	468	0.0	633	57.87
PD-T4_4A_ECOR58	TAE56147.1	39.914	466	266	4	1	465	1	453	0.0	633	58.15
PD-T4_4A_ECOR58	WP_334938206.1	39.619	472	273	5	1	466	1	466	0.0	633	58.90
PD-T4_4A_ECOR58	TGO02418.1	42.094	468	258	6	1	466	1	457	0.0	631	59.62
PD-T4_4A_ECOR58	WP_287241006.1	41.667	468	266	5	1	466	1	463	0.0	630	58.76
PD-T4_4A_ECOR58	MBN1983182.1	40.343	466	271	4	1	465	2	461	0.0	630	58.58
PD-T4_4A_ECOR58	WP_300507818.1	41.756	467	265	4	1	466	1	461	0.0	630	61.67
PD-T4_4A_ECOR58	MDE0332005.1	40.552	471	271	4	1	466	1	467	0.0	629	57.32
PD-T4_4A_ECOR58	WP_271971585.1	40.938	469	267	5	1	466	1	462	0.0	629	58.85
PD-T4_4A_ECOR58	OQY19080.1	39.957	468	273	5	1	466	1	462	0.0	629	58.76
PD-T4_4A_ECOR58	WP_373547764.1	39.316	468	277	5	1	466	1	463	0.0	628	56.84
PD-T4_4A_ECOR58	MBX3639535.1	42.275	466	262	4	1	465	1	460	0.0	627	60.30
PD-T4_4A_ECOR58	MDR1484592.1	41.631	466	264	5	1	465	1	459	0.0	627	61.80
PD-T4_4A_ECOR58	MBF0294011.1	38.841	466	278	4	1	465	1	460	0.0	626	58.15
PD-T4_4A_ECOR58	WP_054464108.1	40.558	466	270	4	1	465	1	460	0.0	625	60.52
PD-T4_4A_ECOR58	RJP25405.1	41.756	467	264	5	1	465	1	461	0.0	625	58.46
PD-T4_4A_ECOR58	MBC2699999.1	39.957	468	273	5	1	466	1	462	0.0	624	56.84
PD-T4_4A_ECOR58	MBW2084104.1	40.899	467	268	5	1	466	1	460	0.0	624	58.89
PD-T4_4A_ECOR58	WP_323292282.1	41.542	467	266	4	1	466	1	461	0.0	624	60.60
PD-T4_4A_ECOR58	MEM1168087.1	41.578	469	265	6	1	465	1	464	0.0	623	58.64
PD-T4_4A_ECOR58	MBC6420005.1	38.689	473	277	6	1	466	1	467	0.0	623	57.08
PD-T4_4A_ECOR58	HZX86087.1	80.942	467	89	0	1	467	1	467	0.0	623	89.72
PD-T4_4A_ECOR58	WP_293062697.1	41.702	470	265	6	1	466	1	465	0.0	623	59.15
PD-T4_4A_ECOR58	MBF0179070.1	39.056	466	277	4	1	465	1	460	0.0	623	58.80
PD-T4_4A_ECOR58	KAF5418883.1	40.385	468	271	5	1	466	1	462	0.0	623	57.91
PD-T4_4A_ECOR58	MCX6040572.1	38.034	468	282	6	1	465	1	463	0.0	622	55.13
PD-T4_4A_ECOR58	MDE0012649.1	39.659	469	273	5	1	466	1	462	0.0	622	56.50
PD-T4_4A_ECOR58	NUN60291.1	69.165	467	144	0	1	467	1	467	0.0	621	83.30
PD-T4_4A_ECOR58	MCY3769026.1	40.812	468	271	3	1	466	1	464	0.0	620	56.41
PD-T4_4A_ECOR58	KAF5424157.1	40.389	463	267	5	1	461	1	456	0.0	619	57.45
PD-T4_4A_ECOR58	BDG66177.1	41.756	467	265	4	1	466	1	461	0.0	618	59.96
PD-T4_4A_ECOR58	XGV86807.1	38.116	467	282	4	1	466	1	461	0.0	617	57.17
PD-T4_4A_ECOR58	MBS0351697.1	40.830	458	265	4	1	457	1	453	0.0	616	59.61
PD-T4_4A_ECOR58	MCE7916649.1	74.304	467	119	1	1	467	1	466	0.0	615	84.80
PD-T4_4A_ECOR58	MEM9542488.1	39.700	466	277	3	1	466	1	462	0.0	615	57.51
PD-T4_4A_ECOR58	WP_339584154.1	81.156	467	88	0	1	467	1	467	0.0	615	89.29
PD-T4_4A_ECOR58	WP_200091113.1	83.512	467	77	0	1	467	1	467	0.0	615	90.79
PD-T4_4A_ECOR58	MDR0338497.1	40.257	467	271	5	1	466	1	460	0.0	615	58.89
PD-T4_4A_ECOR58	MXV76597.1	38.806	469	277	5	1	466	1	462	0.0	613	55.01
PD-T4_4A_ECOR58	MCY3867946.1	37.815	476	281	6	1	466	1	471	0.0	613	55.04
PD-T4_4A_ECOR58	RKZ36619.1	40.043	467	272	4	1	466	1	460	0.0	613	58.89
PD-T4_4A_ECOR58	RFP53684.1	38.330	467	281	4	1	466	1	461	0.0	612	56.96
PD-T4_4A_ECOR58	MEA1999199.1	41.026	468	267	5	1	466	1	461	0.0	612	58.12
PD-T4_4A_ECOR58	MYC77333.1	39.829	467	276	3	1	466	1	463	0.0	611	57.39
PD-T4_4A_ECOR58	WP_416236239.1	41.328	467	268	4	1	465	1	463	0.0	611	59.31
PD-T4_4A_ECOR58	WP_413924589.1	66.098	469	157	2	1	467	1	469	0.0	611	78.89
PD-T4_4A_ECOR58	RUQ39564.1	78.373	467	97	1	1	467	1	463	0.0	610	87.58
PD-T4_4A_ECOR58	WP_109040178.1	78.158	467	98	1	1	467	1	463	0.0	610	87.58
PD-T4_4A_ECOR58	HMW22586.1	77.516	467	105	0	1	467	1	467	0.0	608	88.65
PD-T4_4A_ECOR58	RZN35881.1	40.812	468	268	5	1	466	1	461	0.0	608	57.91
PD-T4_4A_ECOR58	NOS90044.1	38.854	471	275	6	1	466	1	463	0.0	608	57.96
PD-T4_4A_ECOR58	MBS1940636.1	70.450	467	138	0	1	467	1	467	0.0	608	83.51
PD-T4_4A_ECOR58	MCP4107753.1	38.972	467	276	4	1	466	1	459	0.0	607	57.39
PD-T4_4A_ECOR58	MBN8449414.1	77.944	467	103	0	1	467	1	467	0.0	606	88.22
PD-T4_4A_ECOR58	VFJ42307.1	41.667	468	255	6	1	466	1	452	0.0	606	57.48
PD-T4_4A_ECOR58	MDE0554864.1	37.838	481	279	7	1	466	1	476	0.0	605	53.64
PD-T4_4A_ECOR58	MDZ7924046.1	64.606	469	162	4	1	467	1	467	0.0	605	76.76
PD-T4_4A_ECOR58	MEM8639710.1	37.259	467	286	4	1	466	1	461	0.0	605	56.32
PD-T4_4A_ECOR58	WP_171886651.1	99.143	467	4	0	1	467	1	467	0.0	605	99.36
PD-T4_4A_ECOR58	OYY37709.1	64.179	469	166	2	1	467	1	469	0.0	605	79.74
PD-T4_4A_ECOR58	MDE2644407.1	40.257	467	272	5	1	465	1	462	0.0	603	57.17
PD-T4_4A_ECOR58	MCY4569102.1	39.741	463	269	5	3	462	5	460	0.0	603	55.94
PD-T4_4A_ECOR58	WP_304511855.1	42.612	467	260	5	1	466	1	460	0.0	603	60.39
PD-T4_4A_ECOR58	MBL0717044.1	42.184	467	262	5	1	466	1	460	0.0	601	60.39
PD-T4_4A_ECOR58	WP_187758522.1	41.328	467	269	4	1	465	1	464	0.0	600	59.53
PD-T4_4A_ECOR58	MDE2644247.1	39.103	468	277	5	1	466	1	462	0.0	599	58.33
PD-T4_4A_ECOR58	MDE0207780.1	39.957	468	274	4	1	466	1	463	0.0	599	57.05
PD-T4_4A_ECOR58	MBX3178476.1	42.704	466	263	2	1	466	1	462	0.0	599	61.16
PD-T4_4A_ECOR58	WP_126389280.1	40.085	469	276	4	1	467	1	466	0.0	597	59.28
PD-T4_4A_ECOR58	NLG01398.1	38.806	469	278	5	1	466	1	463	0.0	597	56.93
PD-T4_4A_ECOR58	MCY4233380.1	38.758	467	279	5	1	465	1	462	0.0	596	56.75
PD-T4_4A_ECOR58	MDM8516082.1	39.914	466	274	4	1	464	1	462	0.0	596	57.94
PD-T4_4A_ECOR58	MDE0016354.1	38.758	467	276	5	1	466	1	458	0.0	596	56.96
PD-T4_4A_ECOR58	WP_103921454.1	38.544	467	278	4	1	466	1	459	0.0	595	57.17
PD-T4_4A_ECOR58	MCY4225354.1	38.462	468	279	6	1	465	1	462	0.0	594	55.98
PD-T4_4A_ECOR58	WP_017304020.1	38.675	468	282	4	1	466	1	465	0.0	593	58.97
PD-T4_4A_ECOR58	MBC8473127.1	42.827	467	257	5	1	465	10	468	0.0	592	60.39
PD-T4_4A_ECOR58	MDR1661789.1	70.878	467	133	3	1	467	1	464	0.0	592	83.94
PD-T4_4A_ECOR58	MYB94403.1	38.758	467	276	4	1	466	1	458	0.0	592	55.25
PD-T4_4A_ECOR58	RKU09868.1	36.887	469	279	5	1	466	1	455	0.0	591	54.16
PD-T4_4A_ECOR58	WP_306709439.1	80.300	467	92	0	1	467	1	467	0.0	591	89.72
PD-T4_4A_ECOR58	MDE0400805.1	38.034	468	270	5	1	466	1	450	0.0	590	55.13
PD-T4_4A_ECOR58	PZV27609.1	37.421	473	285	4	1	466	1	469	0.0	590	56.87
PD-T4_4A_ECOR58	MEB3121705.1	37.421	473	285	4	1	466	1	469	0.0	588	56.03
PD-T4_4A_ECOR58	WP_058530823.1	38.841	466	278	4	1	465	1	460	0.0	587	58.37
PD-T4_4A_ECOR58	MEZ5671265.1	40.187	428	248	5	2	427	3	424	0.0	587	57.48
PD-T4_4A_ECOR58	MDM8566675.1	39.400	467	274	5	2	466	3	462	0.0	587	57.60
PD-T4_4A_ECOR58	MCY3999200.1	37.607	468	283	6	1	465	1	462	0.0	586	55.98
PD-T4_4A_ECOR58	WP_264672793.1	67.308	468	152	1	1	467	1	468	0.0	586	83.55
PD-T4_4A_ECOR58	VFK31065.1	38.347	472	270	5	1	466	1	457	0.0	586	54.87
PD-T4_4A_ECOR58	WP_310643559.1	73.987	469	120	1	1	467	1	469	0.0	585	85.29
PD-T4_4A_ECOR58	MFN7835166.1	63.694	471	166	5	1	467	1	470	0.0	585	77.92
PD-T4_4A_ECOR58	WP_003252836.1	71.581	468	132	1	1	467	1	468	0.0	585	84.19
PD-T4_4A_ECOR58	SMN01449.1	39.957	468	272	5	1	465	1	462	0.0	585	56.20
PD-T4_4A_ECOR58	MEB3191075.1	38.983	472	278	4	1	466	1	468	0.0	584	58.47
PD-T4_4A_ECOR58	MYA57921.1	38.511	470	272	6	1	466	1	457	0.0	583	54.47
PD-T4_4A_ECOR58	MDQ6962986.1	40.685	467	268	5	1	466	1	459	0.0	583	57.60
PD-T4_4A_ECOR58	MCY4672239.1	40.043	467	271	6	1	464	1	461	0.0	583	59.31
PD-T4_4A_ECOR58	WP_205113928.1	37.179	468	285	5	1	465	1	462	0.0	582	56.41
PD-T4_4A_ECOR58	MDD2934107.1	59.110	472	185	4	1	467	1	469	0.0	581	73.94
PD-T4_4A_ECOR58	MCL5123677.1	38.758	467	278	5	1	465	1	461	0.0	581	57.17
PD-T4_4A_ECOR58	MCK5720779.1	40.773	466	268	4	2	466	9	467	0.0	581	59.44
PD-T4_4A_ECOR58	MDM8539923.1	38.298	470	280	6	1	466	1	464	0.0	581	60.00
PD-T4_4A_ECOR58	WP_265286511.1	63.753	469	168	2	1	467	1	469	0.0	581	78.04
PD-T4_4A_ECOR58	MCY3740394.1	37.473	467	276	6	1	466	1	452	0.0	581	56.53
PD-T4_4A_ECOR58	WP_312266612.1	60.600	467	173	4	1	466	1	457	0.0	581	76.66
PD-T4_4A_ECOR58	WP_246148422.1	81.920	448	81	0	20	467	3	450	0.0	579	89.73
PD-T4_4A_ECOR58	MCY3723844.1	37.527	469	286	4	1	466	1	465	0.0	579	54.58
PD-T4_4A_ECOR58	RKU31167.1	37.045	467	278	6	1	466	1	452	0.0	579	54.39
PD-T4_4A_ECOR58	WP_265257621.1	59.062	469	175	4	1	467	1	454	0.0	579	74.63
PD-T4_4A_ECOR58	MCY4170668.1	38.578	464	279	4	1	463	1	459	0.0	578	55.17
PD-T4_4A_ECOR58	WP_094760410.1	36.638	464	287	5	1	462	1	459	0.0	578	55.82
PD-T4_4A_ECOR58	MDR1888083.1	63.169	467	160	3	1	467	1	455	0.0	578	77.09
PD-T4_4A_ECOR58	KAB2907981.1	40.257	467	271	5	1	465	1	461	0.0	577	58.89
PD-T4_4A_ECOR58	MDE0468478.1	36.831	467	285	5	1	466	1	458	0.0	576	55.67
PD-T4_4A_ECOR58	MBF0302148.1	35.394	469	294	6	1	466	1	463	0.0	575	54.80
PD-T4_4A_ECOR58	MDD2816987.1	38.105	475	276	6	1	464	1	468	0.0	573	56.42
PD-T4_4A_ECOR58	MDR2164486.1	59.871	466	178	3	1	465	1	458	0.0	573	75.75
PD-T4_4A_ECOR58	WP_338848774.1	66.167	467	152	2	1	467	2	462	0.0	572	78.59
PD-T4_4A_ECOR58	MBK7000029.1	54.701	468	208	4	1	467	1	465	0.0	571	72.44
PD-T4_4A_ECOR58	MDE0446418.1	37.473	467	269	4	1	466	1	445	0.0	570	52.89
PD-T4_4A_ECOR58	MDE0325291.1	37.849	465	275	6	3	464	5	458	0.0	569	55.27
PD-T4_4A_ECOR58	MFM7368273.1	39.467	413	242	5	3	413	1	407	0.0	569	59.56
PD-T4_4A_ECOR58	MBQ9244040.1	40.812	468	271	5	1	466	1	464	0.0	569	57.48
PD-T4_4A_ECOR58	MBY0378711.1	36.786	473	286	6	1	466	1	467	0.0	568	54.76
PD-T4_4A_ECOR58	MBA5248967.1	38.013	463	279	3	1	463	1	455	0.0	567	57.24
PD-T4_4A_ECOR58	WP_237092090.1	59.743	467	176	4	1	466	1	456	0.0	566	77.30
PD-T4_4A_ECOR58	PIE03506.1	40.043	467	273	4	1	466	1	461	0.0	566	58.46
PD-T4_4A_ECOR58	WP_205771957.1	59.743	467	177	4	1	466	1	457	0.0	566	76.66
PD-T4_4A_ECOR58	WP_024022441.1	37.393	468	284	5	1	465	1	462	0.0	565	56.41
PD-T4_4A_ECOR58	MDF2843123.1	38.889	468	279	4	1	466	1	463	0.0	565	58.33
PD-T4_4A_ECOR58	WP_202763478.1	38.280	465	278	4	1	463	1	458	0.0	565	58.06
PD-T4_4A_ECOR58	MEO6862677.1	39.756	410	240	4	21	429	1	404	0.0	565	60.49
PD-T4_4A_ECOR58	MBF0178804.1	36.481	466	281	5	1	465	1	452	0.0	565	55.15
PD-T4_4A_ECOR58	MBF0192752.1	39.362	470	276	6	1	467	1	464	0.0	564	58.09
PD-T4_4A_ECOR58	MCE2400883.1	35.760	467	293	4	1	464	1	463	0.0	564	53.75
PD-T4_4A_ECOR58	WP_223894201.1	58.209	469	182	4	1	466	1	458	0.0	564	75.05
PD-T4_4A_ECOR58	NER92961.1	39.952	413	241	4	55	466	1	407	0.0	564	59.56
PD-T4_4A_ECOR58	MBI3775453.1	54.487	468	210	3	1	467	1	466	0.0	564	74.79
PD-T4_4A_ECOR58	WP_109427114.1	59.315	467	175	4	1	464	1	455	0.0	563	76.66
PD-T4_4A_ECOR58	MDP8237802.1	39.829	467	266	6	1	466	1	453	0.0	562	57.17
PD-T4_4A_ECOR58	NLK20244.1	36.111	468	293	4	1	466	1	464	0.0	562	54.70
PD-T4_4A_ECOR58	MCC5878133.1	35.470	468	293	5	1	465	1	462	0.0	561	52.56
PD-T4_4A_ECOR58	WP_303086875.1	57.692	468	183	4	1	465	1	456	0.0	561	77.56
PD-T4_4A_ECOR58	WP_139659345.1	38.280	465	277	4	1	463	1	457	0.0	560	57.42
PD-T4_4A_ECOR58	WP_018652888.1	60.470	468	172	5	1	465	1	458	0.0	560	76.50
PD-T4_4A_ECOR58	MCL1808812.1	38.004	471	282	7	1	467	1	465	0.0	559	56.26
PD-T4_4A_ECOR58	MCL1791774.1	36.596	470	289	4	1	465	1	466	0.0	559	56.38
PD-T4_4A_ECOR58	WP_090716745.1	36.695	466	284	5	1	463	1	458	0.0	558	56.44
PD-T4_4A_ECOR58	MDR0489680.1	36.538	468	288	7	1	465	1	462	0.0	558	55.13
PD-T4_4A_ECOR58	MEY2911768.1	39.379	419	249	3	49	466	1	415	0.0	557	58.47
PD-T4_4A_ECOR58	MCF7810426.1	39.186	467	269	6	1	466	1	453	0.0	555	57.82
PD-T4_4A_ECOR58	WP_374334606.1	53.178	472	216	2	1	467	1	472	0.0	555	70.55
PD-T4_4A_ECOR58	WP_279491308.1	52.137	468	211	6	1	467	1	456	0.0	554	70.09
PD-T4_4A_ECOR58	WP_304907678.1	55.011	469	207	4	1	467	1	467	0.0	553	75.48
PD-T4_4A_ECOR58	WP_295653698.1	62.017	466	166	4	1	465	1	456	0.0	551	77.04
PD-T4_4A_ECOR58	MCG6553099.1	37.124	466	283	6	1	465	1	457	0.0	550	58.15
PD-T4_4A_ECOR58	WP_160531173.1	58.798	466	181	4	1	465	1	456	0.0	550	76.61
PD-T4_4A_ECOR58	MCL1875102.1	37.687	467	280	8	1	465	1	458	0.0	550	54.82
PD-T4_4A_ECOR58	MCB0739284.1	36.136	440	276	3	1	439	1	436	0.0	549	53.41
PD-T4_4A_ECOR58	MBF0095844.1	34.047	467	289	4	1	466	1	449	0.0	549	51.82
PD-T4_4A_ECOR58	WP_066115650.1	37.554	466	268	4	1	465	1	444	0.0	548	55.15
PD-T4_4A_ECOR58	MBF0163811.1	37.313	469	285	6	1	467	1	462	0.0	547	56.72
PD-T4_4A_ECOR58	MCC7491829.1	34.047	467	300	5	1	465	1	461	0.0	544	53.32
PD-T4_4A_ECOR58	WP_127030080.1	35.684	468	294	6	2	465	3	467	0.0	544	57.48
PD-T4_4A_ECOR58	MDP2363964.1	37.021	470	289	6	1	465	1	468	0.0	541	57.45
PD-T4_4A_ECOR58	WP_287715548.1	41.500	400	224	5	1	397	1	393	0.0	541	58.75
PD-T4_4A_ECOR58	WP_185673849.1	39.355	465	275	4	1	464	1	459	0.0	541	59.35
PD-T4_4A_ECOR58	MDR1689350.1	34.549	466	287	5	2	465	12	461	0.0	541	52.79
PD-T4_4A_ECOR58	HJJ53890.1	36.076	474	284	7	1	465	1	464	0.0	538	54.85
PD-T4_4A_ECOR58	TXH68158.1	39.872	469	276	5	2	467	3	468	0.0	536	59.70
PD-T4_4A_ECOR58	MEY4569298.1	36.975	476	285	7	1	465	1	472	0.0	536	53.99
PD-T4_4A_ECOR58	MDP1558255.1	35.319	470	298	5	1	466	1	468	0.0	534	54.89
PD-T4_4A_ECOR58	WP_227806838.1	35.886	457	286	5	12	466	2	453	0.0	534	56.02
PD-T4_4A_ECOR58	TXI37868.1	34.468	470	302	5	1	466	1	468	0.0	532	55.32
PD-T4_4A_ECOR58	SIL53251.1	37.339	466	287	5	1	464	1	463	0.0	531	57.30
PD-T4_4A_ECOR58	MEO6422873.1	36.809	470	290	6	1	465	1	468	0.0	531	57.23
PD-T4_4A_ECOR58	MDO8437304.1	37.234	470	288	6	1	465	1	468	0.0	531	56.81
PD-T4_4A_ECOR58	MDX9700965.1	37.021	470	289	6	1	465	1	468	0.0	528	55.74
PD-T4_4A_ECOR58	BAP56931.1	34.698	464	280	8	1	460	1	445	0.0	528	54.09
PD-T4_4A_ECOR58	MCL2362548.1	36.730	471	288	4	1	465	1	467	0.0	528	56.69
PD-T4_4A_ECOR58	WP_272077022.1	38.756	418	244	5	54	466	2	412	0.0	528	55.74
PD-T4_4A_ECOR58	WP_062559827.1	36.247	469	292	6	1	465	1	466	0.0	528	54.80
PD-T4_4A_ECOR58	MFM2056747.1	40.552	471	275	3	1	467	1	470	0.0	527	61.15
PD-T4_4A_ECOR58	MCX7097961.1	36.538	468	291	6	1	464	1	466	0.0	527	58.33
PD-T4_4A_ECOR58	MDI9335877.1	36.518	471	290	5	1	464	1	469	0.0	526	55.63
PD-T4_4A_ECOR58	WP_300010800.1	36.247	469	291	7	1	464	1	466	0.0	526	56.93
PD-T4_4A_ECOR58	MDD5717297.1	38.085	470	285	5	1	466	1	468	0.0	526	57.23
PD-T4_4A_ECOR58	MBP5544137.1	37.419	465	283	6	1	463	1	459	0.0	526	54.62
PD-T4_4A_ECOR58	MCL2163785.1	34.755	469	297	7	1	465	1	464	0.0	524	51.81
PD-T4_4A_ECOR58	MFM2111580.1	36.383	470	293	4	1	465	1	469	0.0	524	56.81
PD-T4_4A_ECOR58	MDR2970854.1	41.085	387	221	4	1	386	1	381	0.0	522	59.69
PD-T4_4A_ECOR58	WP_409868088.1	41.489	376	216	2	92	466	1	373	0.0	522	60.90
PD-T4_4A_ECOR58	WP_195344748.1	35.043	468	294	5	1	463	1	463	1.14e-180	523	57.26
PD-T4_4A_ECOR58	MBF0565155.1	35.608	469	277	5	1	465	1	448	1.51e-180	522	53.52
PD-T4_4A_ECOR58	MDO9142369.1	34.615	468	298	6	2	465	3	466	1.73e-180	523	54.49
PD-T4_4A_ECOR58	MBQ0141717.1	35.745	470	289	6	1	464	1	463	1.25e-179	520	54.26
PD-T4_4A_ECOR58	WP_162420267.1	45.435	471	245	4	1	467	1	463	1.32e-179	521	63.48
PD-T4_4A_ECOR58	WP_322305795.1	35.546	467	297	4	1	464	1	466	2.38e-179	520	56.53
PD-T4_4A_ECOR58	WP_337241184.1	32.340	470	292	7	1	465	1	449	5.26e-179	518	51.06
PD-T4_4A_ECOR58	WP_292923187.1	37.313	469	283	6	1	466	1	461	8.88e-179	518	57.57
PD-T4_4A_ECOR58	MBP9742893.1	35.861	488	283	9	1	464	1	482	1.33e-178	519	55.12
PD-T4_4A_ECOR58	WP_035345506.1	46.072	471	244	4	1	467	1	465	1.82e-178	518	64.33
PD-T4_4A_ECOR58	WP_206611706.1	75.648	386	94	0	6	391	18	403	2.90e-178	515	88.08
PD-T4_4A_ECOR58	WP_290526123.1	31.847	471	294	7	1	465	1	450	3.06e-178	516	51.17
PD-T4_4A_ECOR58	NJO15555.1	32.976	467	285	9	1	460	1	446	4.15e-178	516	53.53
PD-T4_4A_ECOR58	WP_014770311.1	38.429	471	283	6	1	466	1	469	4.65e-178	517	56.05
PD-T4_4A_ECOR58	RIZ68867.1	35.256	468	295	6	2	465	3	466	6.70e-178	516	55.98
PD-T4_4A_ECOR58	MCV9354732.1	100.000	388	0	0	1	388	1	388	2.02e-177	512	100.00
PD-T4_4A_ECOR58	MDD9974371.1	38.422	393	233	4	19	409	2	387	4.51e-177	511	56.74
PD-T4_4A_ECOR58	WP_151741171.1	34.328	469	300	7	1	465	1	465	5.20e-177	514	55.22
PD-T4_4A_ECOR58	WP_271373023.1	33.475	469	306	6	1	465	1	467	6.56e-177	514	54.16
PD-T4_4A_ECOR58	MCF0220405.1	35.256	468	294	5	1	464	1	463	7.10e-177	513	53.21
PD-T4_4A_ECOR58	MFK5971118.1	34.764	466	281	9	1	461	1	448	2.70e-176	512	53.43
PD-T4_4A_ECOR58	WP_133511069.1	31.780	472	295	7	1	466	1	451	4.13e-176	511	52.54
PD-T4_4A_ECOR58	WP_130239569.1	31.702	470	295	7	1	465	1	449	1.21e-175	510	49.79
PD-T4_4A_ECOR58	HWD19413.1	34.591	477	295	6	1	465	1	472	2.07e-175	510	56.18
PD-T4_4A_ECOR58	NLO18878.1	32.623	469	306	5	1	463	1	465	3.28e-175	509	52.24
PD-T4_4A_ECOR58	MCX7088092.1	30.851	470	296	8	1	465	1	446	3.70e-175	509	48.94
PD-T4_4A_ECOR58	MBP0022076.1	33.983	462	286	6	1	460	1	445	4.52e-175	509	53.90
PD-T4_4A_ECOR58	WP_349647651.1	33.405	464	284	9	1	460	1	443	8.75e-175	508	56.03
PD-T4_4A_ECOR58	WP_301181689.1	32.128	470	293	7	1	465	1	449	1.21e-174	507	49.36
PD-T4_4A_ECOR58	MCK9395918.1	28.723	470	304	8	1	465	1	444	1.63e-174	507	47.66
PD-T4_4A_ECOR58	MBI9032490.1	35.181	469	294	6	1	465	1	463	3.34e-174	507	57.57
PD-T4_4A_ECOR58	WP_041212888.1	32.484	471	291	7	1	465	1	450	3.42e-174	506	51.17
PD-T4_4A_ECOR58	HAO21440.1	31.613	465	293	8	1	460	1	445	8.58e-174	505	52.47
PD-T4_4A_ECOR58	WP_369621941.1	31.423	471	296	7	1	465	1	450	8.92e-174	505	51.38
PD-T4_4A_ECOR58	MCR4318090.1	32.245	490	293	10	1	464	1	477	1.11e-173	506	50.00
PD-T4_4A_ECOR58	MCB2262797.1	30.720	472	302	6	1	466	1	453	1.27e-173	505	51.48
PD-T4_4A_ECOR58	WP_081484162.1	36.559	465	272	7	1	464	2	444	1.28e-173	505	53.76
PD-T4_4A_ECOR58	NLW19089.1	34.402	468	298	6	1	466	1	461	1.97e-173	504	54.70
PD-T4_4A_ECOR58	WP_353314290.1	34.755	469	278	10	1	461	1	449	2.59e-173	504	55.44
PD-T4_4A_ECOR58	MFA7241491.1	25.474	475	317	8	2	464	15	464	3.54e-173	504	44.63
PD-T4_4A_ECOR58	MCB5260850.1	32.762	467	305	6	1	465	1	460	4.23e-173	504	51.39
PD-T4_4A_ECOR58	WP_083620830.1	31.983	469	291	8	1	460	1	450	4.68e-173	504	52.24
PD-T4_4A_ECOR58	WP_254031035.1	32.196	469	290	8	1	460	1	450	1.13e-172	502	51.60
PD-T4_4A_ECOR58	MFM6308186.1	40.650	369	214	3	1	368	1	365	1.18e-172	499	59.62
PD-T4_4A_ECOR58	WP_124327564.1	32.911	474	288	8	1	465	1	453	2.17e-172	502	51.90
PD-T4_4A_ECOR58	MCP4702336.1	32.976	467	287	9	1	460	1	448	4.12e-172	501	52.03
PD-T4_4A_ECOR58	WP_237222695.1	35.193	466	297	5	2	463	4	468	4.77e-172	502	54.29
PD-T4_4A_ECOR58	MEY3881324.1	30.213	470	297	8	1	465	1	444	1.57e-171	499	48.09
PD-T4_4A_ECOR58	MCK5719396.1	27.623	467	307	8	1	462	1	441	1.85e-171	499	47.32
PD-T4_4A_ECOR58	MDM8567505.1	34.979	466	280	9	1	461	1	448	2.55e-171	499	54.51
PD-T4_4A_ECOR58	OQY49051.1	33.261	463	285	9	1	460	1	442	2.60e-171	499	57.24
PD-T4_4A_ECOR58	MBI1748294.1	28.298	470	310	8	1	462	1	451	3.37e-171	499	50.43
PD-T4_4A_ECOR58	MDP3331920.1	29.149	470	302	8	1	465	1	444	4.84e-171	498	47.45
PD-T4_4A_ECOR58	MBF0612563.1	34.958	472	296	4	2	466	5	472	5.10e-171	499	52.33
PD-T4_4A_ECOR58	HLP58225.1	28.390	472	311	8	1	464	1	453	5.75e-171	498	49.15
PD-T4_4A_ECOR58	WP_184301660.1	36.306	471	287	7	1	465	1	464	5.79e-171	499	53.29
PD-T4_4A_ECOR58	MBX9835605.1	28.721	477	299	11	2	464	17	466	9.73e-171	499	46.75
PD-T4_4A_ECOR58	MDD2661825.1	31.635	471	295	7	1	465	1	450	1.77e-170	497	50.96
PD-T4_4A_ECOR58	WP_197547880.1	33.547	468	287	9	1	466	1	446	1.77e-170	497	54.27
PD-T4_4A_ECOR58	MEE0889723.1	36.034	469	289	5	1	463	1	464	2.02e-170	497	57.78
PD-T4_4A_ECOR58	WP_103920614.1	30.638	470	293	10	1	464	1	443	2.30e-170	496	49.36
PD-T4_4A_ECOR58	WP_143226729.1	28.721	477	299	10	2	464	18	467	2.34e-170	497	47.17
PD-T4_4A_ECOR58	MFM6199417.1	43.582	335	185	2	133	466	2	333	2.41e-170	492	62.69
PD-T4_4A_ECOR58	WP_252178144.1	31.064	470	297	8	1	463	1	450	7.42e-170	495	52.34
PD-T4_4A_ECOR58	MCX6583291.1	28.178	472	312	8	1	464	1	453	1.19e-169	495	47.67
PD-T4_4A_ECOR58	WP_187758848.1	41.085	387	224	3	81	465	5	389	1.36e-169	492	59.69
PD-T4_4A_ECOR58	WP_228162659.1	33.049	469	307	6	1	465	10	475	1.67e-168	492	59.28
PD-T4_4A_ECOR58	WP_262600787.1	30.556	468	297	8	1	461	1	447	2.16e-168	491	51.92
PD-T4_4A_ECOR58	MEN9867961.1	34.335	466	301	3	1	466	1	461	2.64e-168	492	51.93
PD-T4_4A_ECOR58	MCL2824909.1	40.899	467	272	2	1	466	1	464	3.80e-168	491	58.03
PD-T4_4A_ECOR58	KPA17755.1	31.635	471	295	7	1	465	1	450	4.89e-168	491	49.47
PD-T4_4A_ECOR58	WP_207692390.1	32.947	431	276	5	1	425	1	424	5.10e-168	490	53.13
PD-T4_4A_ECOR58	HMA64311.1	43.875	351	190	3	116	465	1	345	5.98e-168	486	62.96
PD-T4_4A_ECOR58	WP_349648544.1	28.511	470	305	8	1	465	1	444	8.98e-168	490	48.09
PD-T4_4A_ECOR58	WP_317144677.1	31.915	470	293	8	1	463	1	450	1.15e-167	490	51.91
PD-T4_4A_ECOR58	KPA17787.1	40.431	371	215	3	95	464	12	377	1.18e-167	487	61.99
PD-T4_4A_ECOR58	MEI6543881.1	29.661	472	305	7	1	466	1	451	2.56e-167	489	49.79
PD-T4_4A_ECOR58	MEN9502688.1	33.548	465	232	6	1	464	1	389	4.38e-167	485	50.75
PD-T4_4A_ECOR58	WP_300052081.1	27.044	477	308	10	2	464	17	467	4.43e-167	489	45.28
PD-T4_4A_ECOR58	MDT3739964.1	34.672	473	287	7	1	467	1	457	5.44e-167	488	54.55
PD-T4_4A_ECOR58	WP_353572784.1	30.316	475	304	7	1	465	1	458	5.52e-167	488	51.79
PD-T4_4A_ECOR58	WP_094966195.1	38.723	470	274	6	1	466	1	460	5.96e-167	488	57.87
PD-T4_4A_ECOR58	HLP62346.1	39.607	356	208	4	1	355	1	350	7.39e-167	484	56.46
PD-T4_4A_ECOR58	NEP39176.1	33.623	461	287	6	1	460	18	460	9.92e-167	488	54.01
PD-T4_4A_ECOR58	WGZ90935.1	33.902	469	287	8	1	464	1	451	1.30e-166	487	54.16
PD-T4_4A_ECOR58	MBD3842739.1	33.262	469	287	9	3	466	4	451	1.81e-166	487	53.73
PD-T4_4A_ECOR58	MBK8816384.1	28.662	471	304	9	1	465	1	445	1.81e-166	487	47.77
PD-T4_4A_ECOR58	WP_005161849.1	34.542	469	301	6	1	465	1	467	3.03e-166	487	57.14
PD-T4_4A_ECOR58	WP_093069260.1	30.380	474	302	7	1	466	1	454	4.18e-166	486	52.32
PD-T4_4A_ECOR58	MFK5976378.1	32.906	468	290	9	1	466	1	446	4.28e-166	485	53.42
PD-T4_4A_ECOR58	MCI5164267.1	43.871	310	171	1	157	466	2	308	5.68e-166	480	64.52
PD-T4_4A_ECOR58	WP_324237115.1	44.898	343	185	2	125	466	2	341	1.07e-165	480	61.52
PD-T4_4A_ECOR58	MBL6986026.1	28.145	469	308	8	1	465	1	444	1.25e-165	484	44.99
PD-T4_4A_ECOR58	WP_064323381.1	39.103	468	273	5	1	465	1	459	1.36e-165	484	56.62
PD-T4_4A_ECOR58	OAD20217.1	29.149	470	302	8	1	465	1	444	1.43e-165	484	48.09
PD-T4_4A_ECOR58	HAO21438.1	31.933	476	294	9	1	467	1	455	1.77e-165	484	52.52
PD-T4_4A_ECOR58	MDJ0511754.1	31.458	480	299	7	1	467	1	463	1.85e-165	484	51.67
PD-T4_4A_ECOR58	HLP91295.1	27.505	469	308	9	2	464	5	447	2.36e-165	484	47.33
PD-T4_4A_ECOR58	MDM8569267.1	28.085	470	307	8	1	465	1	444	2.46e-165	484	48.09
PD-T4_4A_ECOR58	WP_168359109.1	27.719	469	307	9	2	464	5	447	2.79e-165	484	47.33
PD-T4_4A_ECOR58	MCK5717397.1	27.601	471	307	9	1	465	1	443	3.83e-165	483	47.77
PD-T4_4A_ECOR58	WP_020847525.1	33.405	467	287	8	2	466	3	447	7.48e-165	482	54.18
PD-T4_4A_ECOR58	MEN9864857.1	26.427	473	311	9	2	464	8	453	2.73e-164	482	45.24
PD-T4_4A_ECOR58	MBS1139191.1	28.361	476	301	10	2	464	17	465	2.83e-164	482	46.43
PD-T4_4A_ECOR58	RKZ68258.1	28.085	470	307	8	1	465	1	444	5.22e-164	480	47.66
PD-T4_4A_ECOR58	MBE6506800.1	31.579	475	304	8	1	464	1	465	8.47e-164	480	52.00
PD-T4_4A_ECOR58	WP_236499672.1	32.403	466	237	7	1	464	1	390	1.67e-163	477	47.64
PD-T4_4A_ECOR58	NOQ64791.1	28.723	470	305	8	1	465	1	445	3.60e-163	478	46.60
PD-T4_4A_ECOR58	WP_371574609.1	36.214	486	283	9	1	464	1	481	4.32e-163	479	52.88
PD-T4_4A_ECOR58	WP_295452446.1	26.415	477	311	10	2	464	18	468	4.79e-163	479	45.49
PD-T4_4A_ECOR58	WP_374241719.1	26.875	480	308	9	2	464	7	460	4.93e-163	479	44.17
PD-T4_4A_ECOR58	WP_338719858.1	28.390	472	301	9	2	463	8	452	5.52e-163	478	45.76
PD-T4_4A_ECOR58	WP_324558689.1	26.834	477	309	10	2	464	17	467	8.37e-163	478	45.70
PD-T4_4A_ECOR58	RLC04972.1	44.706	340	184	2	128	466	5	341	2.63e-162	472	62.35
PD-T4_4A_ECOR58	HAN73974.1	45.545	303	162	1	164	466	1	300	3.24e-162	470	66.34
PD-T4_4A_ECOR58	WP_367027459.1	26.850	473	307	9	3	463	17	462	3.59e-162	477	44.61
PD-T4_4A_ECOR58	WP_284099997.1	29.106	481	294	10	3	463	11	464	4.71e-162	476	45.95
PD-T4_4A_ECOR58	WP_108700205.1	29.684	475	304	8	1	466	1	454	6.35e-162	475	50.11
PD-T4_4A_ECOR58	MFM7880434.1	45.758	330	174	2	138	466	10	335	6.83e-162	470	63.94
PD-T4_4A_ECOR58	MEI7451480.1	49.153	295	146	2	173	466	1	292	6.94e-162	469	67.12
PD-T4_4A_ECOR58	WP_193939188.1	27.331	472	309	10	2	464	5	451	7.23e-162	475	46.19
PD-T4_4A_ECOR58	OQY46073.1	28.139	462	301	8	1	458	1	435	8.86e-162	474	47.19
PD-T4_4A_ECOR58	WP_166299536.1	28.211	475	303	10	2	464	15	463	9.52e-162	475	48.00
PD-T4_4A_ECOR58	WP_086212217.1	28.992	476	297	11	3	464	11	459	1.40e-161	475	47.69
PD-T4_4A_ECOR58	TAE61769.1	27.292	469	309	9	2	464	5	447	2.95e-161	474	46.27
PD-T4_4A_ECOR58	MCY4305722.1	28.452	478	299	10	2	463	3	453	3.21e-161	474	44.77
PD-T4_4A_ECOR58	WP_168504541.1	27.907	473	305	10	2	464	5	451	3.46e-161	474	46.93
PD-T4_4A_ECOR58	WP_338846667.1	38.034	468	272	7	1	467	1	451	3.63e-161	473	53.63
PD-T4_4A_ECOR58	WP_288403101.1	28.571	476	299	11	3	464	11	459	2.13e-160	472	46.01
PD-T4_4A_ECOR58	MFN5871244.1	47.297	296	153	1	171	466	1	293	2.18e-160	465	65.54
PD-T4_4A_ECOR58	HAI70433.1	33.836	464	260	9	1	460	1	421	2.22e-160	470	50.86
PD-T4_4A_ECOR58	MDJ0730879.1	33.333	474	289	7	1	463	1	458	2.37e-160	472	52.53
PD-T4_4A_ECOR58	WP_124330269.1	29.122	467	304	8	2	463	3	447	2.52e-160	471	51.82
PD-T4_4A_ECOR58	WP_008272463.1	30.894	492	294	8	1	463	1	475	2.76e-160	472	49.80
PD-T4_4A_ECOR58	WP_078921454.1	31.974	466	239	8	1	464	1	390	2.82e-160	469	48.28
PD-T4_4A_ECOR58	WP_317311380.1	27.311	476	305	11	3	464	11	459	4.50e-160	471	46.01
PD-T4_4A_ECOR58	MDQ3813772.1	28.112	466	305	7	1	462	1	440	5.55e-160	470	46.78
PD-T4_4A_ECOR58	MCL1877518.1	40.155	386	221	5	1	380	1	382	8.98e-160	467	57.51
PD-T4_4A_ECOR58	HMS56166.1	33.190	464	294	9	3	462	19	470	2.71e-159	469	54.09
PD-T4_4A_ECOR58	WP_168524817.1	26.891	476	307	11	3	464	11	459	2.75e-159	469	47.48
PD-T4_4A_ECOR58	WP_322339883.1	27.389	471	315	7	1	465	1	450	2.91e-159	468	46.28
PD-T4_4A_ECOR58	MFM7908885.1	40.449	356	202	5	1	353	1	349	3.09e-159	464	57.30
PD-T4_4A_ECOR58	MDE2677549.1	28.931	477	297	9	3	461	15	467	6.45e-159	468	46.54
PD-T4_4A_ECOR58	WP_230658067.1	31.702	470	309	6	1	466	1	462	6.55e-159	468	52.34
PD-T4_4A_ECOR58	WP_172340248.1	29.424	469	303	7	1	462	1	448	6.75e-159	467	46.70
PD-T4_4A_ECOR58	MYC96851.1	25.979	485	311	10	2	461	52	513	1.32e-158	469	45.15
PD-T4_4A_ECOR58	MFM8297010.1	40.169	356	205	4	59	413	1	349	1.38e-158	462	57.02
PD-T4_4A_ECOR58	MCI0653758.1	46.595	279	146	1	185	463	1	276	1.53e-158	460	65.59
PD-T4_4A_ECOR58	EIN5961232.1	26.681	476	308	11	3	464	11	459	5.88e-158	465	46.85
PD-T4_4A_ECOR58	MDE0041577.1	26.042	480	310	11	3	461	12	467	7.42e-158	465	45.42
PD-T4_4A_ECOR58	WP_323303015.1	32.135	473	293	7	1	462	1	456	1.75e-157	464	51.16
PD-T4_4A_ECOR58	MCX6152614.1	32.068	474	292	7	1	466	1	452	1.98e-157	464	50.84
PD-T4_4A_ECOR58	HIP33285.1	29.247	465	304	7	2	466	3	442	7.93e-157	462	53.12
PD-T4_4A_ECOR58	MDD9851119.1	26.166	493	314	11	1	466	1	470	1.09e-156	462	43.61
PD-T4_4A_ECOR58	MDR1515560.1	29.851	469	312	8	1	464	1	457	1.12e-156	462	46.91
PD-T4_4A_ECOR58	WP_063319923.1	32.388	423	276	4	1	420	1	416	1.45e-156	460	51.54
PD-T4_4A_ECOR58	WP_194057630.1	28.330	473	303	10	2	464	5	451	1.62e-156	462	47.36
PD-T4_4A_ECOR58	MEI7868634.1	30.172	464	295	5	2	464	20	455	1.85e-156	461	48.49
PD-T4_4A_ECOR58	WP_323929572.1	27.731	476	303	11	3	464	11	459	1.88e-156	462	46.85
PD-T4_4A_ECOR58	WP_216018476.1	28.025	471	310	8	1	464	1	449	2.17e-156	461	46.28
PD-T4_4A_ECOR58	KIM13381.1	30.638	470	298	10	3	465	4	452	2.77e-156	461	50.21
PD-T4_4A_ECOR58	MDE0154477.1	27.615	478	301	10	2	461	3	453	4.54e-156	460	43.72
PD-T4_4A_ECOR58	MDR1020415.1	29.851	469	313	7	1	465	1	457	7.75e-156	460	47.55
PD-T4_4A_ECOR58	MDE0183907.1	25.000	480	315	10	3	461	11	466	1.09e-155	460	45.21
PD-T4_4A_ECOR58	MBX9598428.1	34.990	483	290	9	1	464	1	478	1.51e-155	460	50.31
PD-T4_4A_ECOR58	MDE2816568.1	27.423	485	305	11	1	461	12	473	1.89e-155	460	45.98
PD-T4_4A_ECOR58	MDE2716423.1	26.096	479	308	11	2	461	13	464	9.37e-155	457	44.47
PD-T4_4A_ECOR58	NLO20286.1	29.598	473	303	7	1	465	1	451	1.02e-154	457	49.05
PD-T4_4A_ECOR58	MDE0449495.1	28.008	482	296	9	1	461	1	452	1.04e-154	457	45.64
PD-T4_4A_ECOR58	WP_341740274.1	46.853	286	144	2	181	466	1	278	1.75e-154	449	67.83
PD-T4_4A_ECOR58	MDE0223214.1	25.996	477	312	10	1	461	1	452	2.23e-154	456	44.03
PD-T4_4A_ECOR58	WP_151078899.1	28.270	474	311	9	1	466	1	453	2.44e-154	457	49.16
PD-T4_4A_ECOR58	MDD9859853.1	26.050	476	310	12	1	461	1	449	2.51e-154	456	45.17
PD-T4_4A_ECOR58	WP_209173539.1	27.907	473	312	6	1	466	1	451	2.60e-154	455	45.67
PD-T4_4A_ECOR58	MCY4357952.1	28.099	484	303	11	3	461	15	478	3.42e-154	456	48.55
PD-T4_4A_ECOR58	MDP1615369.1	25.527	474	318	9	1	463	1	450	4.02e-154	455	44.94
PD-T4_4A_ECOR58	MEN9848653.1	34.466	412	256	6	59	466	1	402	5.85e-154	453	51.94
PD-T4_4A_ECOR58	WP_171940487.1	26.964	471	309	9	2	463	8	452	7.51e-154	455	45.44
PD-T4_4A_ECOR58	MDD9859851.1	25.361	485	319	12	1	466	1	461	7.52e-154	455	44.33
PD-T4_4A_ECOR58	MCY4482408.1	27.463	477	305	11	1	461	1	452	7.74e-154	455	44.44
PD-T4_4A_ECOR58	WP_267449775.1	25.996	477	311	10	3	465	17	465	1.09e-153	455	47.59
PD-T4_4A_ECOR58	MDD9864529.1	28.189	486	307	11	1	466	1	464	1.11e-153	455	44.24
PD-T4_4A_ECOR58	RKZ83134.1	31.466	464	273	9	1	460	1	423	1.22e-153	453	49.78
PD-T4_4A_ECOR58	WP_401033059.1	31.317	463	295	7	2	463	5	445	1.41e-153	454	51.19
PD-T4_4A_ECOR58	MCK9238387.1	27.004	474	311	9	1	463	1	450	1.93e-153	454	45.57
PD-T4_4A_ECOR58	HUX53002.1	28.571	476	310	8	1	466	1	456	2.47e-153	453	45.80
PD-T4_4A_ECOR58	MCP4651905.1	26.096	479	324	9	1	465	1	463	3.20e-153	453	45.51
PD-T4_4A_ECOR58	WP_249097893.1	29.979	477	302	10	1	465	1	457	4.31e-153	453	47.80
PD-T4_4A_ECOR58	WP_085211301.1	27.623	467	306	8	2	463	17	456	1.11e-152	452	43.68
PD-T4_4A_ECOR58	MBE0471665.1	25.793	473	316	8	1	463	1	448	1.94e-152	451	45.67
PD-T4_4A_ECOR58	WP_296672512.1	25.159	473	321	9	1	465	1	448	2.27e-152	451	42.28
PD-T4_4A_ECOR58	WP_077271449.1	25.786	477	312	11	3	465	17	465	2.46e-152	452	48.22
PD-T4_4A_ECOR58	WP_186727871.1	29.979	477	302	10	1	465	1	457	3.13e-152	450	48.43
PD-T4_4A_ECOR58	MDE0023701.1	28.931	477	296	12	1	460	1	451	5.01e-152	450	46.75
PD-T4_4A_ECOR58	HIE01769.1	28.205	468	295	8	1	459	1	436	5.72e-152	449	45.30
PD-T4_4A_ECOR58	WP_083313114.1	28.711	512	318	8	1	466	1	511	5.80e-152	452	46.29
PD-T4_4A_ECOR58	MBW1650066.1	28.423	482	306	13	1	466	1	459	9.41e-152	449	46.27
PD-T4_4A_ECOR58	MBL8473922.1	25.949	474	317	9	1	465	1	449	1.25e-151	449	43.67
PD-T4_4A_ECOR58	WP_035735430.1	27.975	479	305	9	2	467	3	454	1.91e-151	449	47.39
PD-T4_4A_ECOR58	WP_190381711.1	48.789	289	144	1	178	466	2	286	2.56e-151	442	66.09
PD-T4_4A_ECOR58	MCE5305668.1	28.330	473	309	7	1	465	1	451	2.93e-151	448	46.09
PD-T4_4A_ECOR58	MCD4787654.1	28.690	481	304	13	1	466	1	457	5.66e-151	447	46.36
PD-T4_4A_ECOR58	NLI57338.1	26.931	479	316	7	3	465	4	464	6.69e-151	448	45.09
PD-T4_4A_ECOR58	HIP13071.1	28.178	472	302	8	2	463	3	447	7.50e-151	447	46.61
PD-T4_4A_ECOR58	KAF5426604.1	44.516	310	167	2	153	461	1	306	1.44e-150	441	62.58
PD-T4_4A_ECOR58	MFT5916527.1	30.538	465	300	6	1	463	1	444	2.20e-150	445	51.61
PD-T4_4A_ECOR58	MDE5874207.1	30.085	472	304	7	1	465	1	453	2.71e-150	445	49.36
PD-T4_4A_ECOR58	RKZ51386.1	29.114	474	293	9	1	465	1	440	4.91e-150	444	46.20
PD-T4_4A_ECOR58	WP_335956810.1	27.731	476	303	11	3	464	11	459	6.26e-150	445	47.06
PD-T4_4A_ECOR58	MCK4521485.1	28.481	474	312	8	1	466	1	455	6.71e-150	445	48.73
PD-T4_4A_ECOR58	WP_282913959.1	26.415	477	309	12	3	465	17	465	7.46e-150	445	47.59
PD-T4_4A_ECOR58	MDE6536732.1	23.941	472	333	10	1	465	1	453	1.12e-149	444	44.49
PD-T4_4A_ECOR58	HFU75782.1	26.582	474	304	7	2	466	3	441	1.72e-149	443	43.46
PD-T4_4A_ECOR58	MFI3223273.1	34.475	438	279	7	32	464	1	435	2.69e-149	442	54.79
PD-T4_4A_ECOR58	WP_394610230.1	100.000	318	0	0	150	467	1	318	2.94e-149	438	100.00
PD-T4_4A_ECOR58	WP_151105209.1	31.405	484	298	7	1	462	1	472	3.01e-149	444	48.55
PD-T4_4A_ECOR58	MEN9864609.1	24.490	490	312	8	1	463	10	468	3.19e-149	444	41.84
PD-T4_4A_ECOR58	WP_023321023.1	25.577	477	313	10	3	465	17	465	5.89e-149	443	47.38
PD-T4_4A_ECOR58	MCH5323170.1	30.894	492	295	8	1	462	1	477	9.58e-149	443	49.19
PD-T4_4A_ECOR58	MDE2999912.1	25.880	483	312	11	1	461	14	472	1.34e-148	442	45.96
PD-T4_4A_ECOR58	WP_170933764.1	26.834	477	314	9	2	466	3	456	1.46e-148	442	46.33
PD-T4_4A_ECOR58	WP_220391919.1	23.729	472	334	10	1	465	1	453	2.97e-148	440	43.01
PD-T4_4A_ECOR58	MCY4081371.1	26.526	475	305	11	3	461	14	460	3.23e-148	441	44.63
PD-T4_4A_ECOR58	WP_314643200.1	28.599	514	316	9	1	466	1	511	5.44e-148	442	45.14
PD-T4_4A_ECOR58	WP_302798519.1	24.153	472	332	9	1	465	1	453	6.38e-148	440	44.28
PD-T4_4A_ECOR58	WP_279177061.1	30.642	483	303	9	1	462	1	472	8.68e-148	440	48.45
PD-T4_4A_ECOR58	RKZ71611.1	26.216	473	312	8	2	463	3	449	9.05e-148	439	43.76
PD-T4_4A_ECOR58	KYF86401.1	25.355	493	320	10	1	465	1	473	9.25e-148	440	42.60
PD-T4_4A_ECOR58	WP_220271893.1	30.461	499	294	9	1	465	1	480	1.73e-147	439	48.10
PD-T4_4A_ECOR58	WP_346461454.1	27.368	475	305	11	3	465	17	463	5.84e-147	438	45.89
PD-T4_4A_ECOR58	WP_270213142.1	23.729	472	334	9	1	465	1	453	6.25e-147	437	42.80
PD-T4_4A_ECOR58	WP_286348575.1	28.810	479	305	10	1	467	1	455	7.19e-147	437	44.26
PD-T4_4A_ECOR58	MEI6343123.1	28.480	467	306	7	1	465	1	441	8.94e-147	436	45.82
PD-T4_4A_ECOR58	WP_162982171.1	29.878	492	300	11	1	461	1	478	1.56e-146	438	45.73
PD-T4_4A_ECOR58	MEN9481255.1	25.370	473	320	9	1	465	1	448	2.30e-146	436	43.76
PD-T4_4A_ECOR58	TAH20118.1	30.085	472	288	10	1	466	1	436	2.36e-146	435	49.58
PD-T4_4A_ECOR58	MDE0020997.1	29.025	472	291	11	2	458	8	450	2.45e-146	436	46.40
PD-T4_4A_ECOR58	WP_117178555.1	28.694	467	311	7	1	465	1	447	3.90e-146	435	48.18
PD-T4_4A_ECOR58	WP_100263142.1	25.424	472	326	9	1	465	1	453	4.25e-146	435	43.64
PD-T4_4A_ECOR58	MDE0105261.1	26.947	475	304	10	4	461	26	474	4.56e-146	436	44.00
PD-T4_4A_ECOR58	PIY08885.1	23.567	471	340	7	1	465	1	457	4.71e-146	435	42.68
PD-T4_4A_ECOR58	MDD9868803.1	26.122	490	313	11	1	466	1	465	4.72e-146	435	45.31
PD-T4_4A_ECOR58	WP_318545032.1	28.298	470	309	7	1	462	1	450	5.86e-146	434	49.15
PD-T4_4A_ECOR58	WP_341280703.1	29.175	473	305	8	3	465	4	456	1.07e-145	434	44.40
PD-T4_4A_ECOR58	WP_180880406.1	25.212	472	319	10	1	464	1	446	1.10e-145	434	44.49
PD-T4_4A_ECOR58	MXV84494.1	44.792	288	155	2	180	466	1	285	1.25e-145	427	63.54
PD-T4_4A_ECOR58	WP_112064523.1	31.656	477	295	9	1	462	1	461	1.47e-145	434	48.43
PD-T4_4A_ECOR58	MCX7112249.1	26.709	468	311	8	1	465	1	439	1.48e-145	433	43.38
PD-T4_4A_ECOR58	MFT5667530.1	22.388	469	344	8	1	463	1	455	1.56e-145	433	40.09
PD-T4_4A_ECOR58	WP_144673247.1	30.642	483	303	9	1	462	1	472	1.89e-145	434	49.28
PD-T4_4A_ECOR58	MBF0311327.1	38.043	368	223	2	98	465	1	363	2.08e-145	430	55.71
PD-T4_4A_ECOR58	WP_108911117.1	30.061	489	304	8	1	462	1	478	2.24e-145	434	49.08
PD-T4_4A_ECOR58	WP_169704609.1	25.319	470	324	8	1	465	1	448	2.51e-145	433	44.47
PD-T4_4A_ECOR58	WP_393921446.1	29.959	484	305	9	1	462	1	472	2.63e-145	434	48.14
PD-T4_4A_ECOR58	MDE0141552.1	24.444	495	323	12	1	466	1	473	2.74e-145	433	40.20
PD-T4_4A_ECOR58	WP_337205040.1	31.612	484	297	9	1	462	1	472	2.74e-145	433	49.59
PD-T4_4A_ECOR58	MBT9543937.1	30.977	481	299	9	1	466	1	463	4.48e-145	433	49.06
PD-T4_4A_ECOR58	WP_115056340.1	29.098	488	292	8	10	462	1	469	5.21e-145	433	47.13
PD-T4_4A_ECOR58	MDP2831961.1	25.159	473	321	9	1	465	1	448	5.45e-145	432	43.76
PD-T4_4A_ECOR58	OQX02488.1	28.511	470	306	8	1	463	1	447	1.11e-144	431	46.17
PD-T4_4A_ECOR58	WP_075715147.1	25.738	474	319	10	1	463	1	452	1.18e-144	431	47.47
PD-T4_4A_ECOR58	WP_124850760.1	30.380	474	302	7	1	462	1	458	1.41e-144	431	47.89
PD-T4_4A_ECOR58	MEA2017156.1	28.025	471	302	8	3	463	4	447	1.46e-144	431	45.65
PD-T4_4A_ECOR58	WP_376860806.1	22.718	471	344	7	1	465	1	457	1.96e-144	431	41.61
PD-T4_4A_ECOR58	WP_005605761.1	26.514	479	307	12	2	464	9	458	2.11e-144	431	45.09
PD-T4_4A_ECOR58	KHD05049.1	29.185	466	290	11	1	465	1	427	2.67e-144	429	47.00
PD-T4_4A_ECOR58	MXZ22198.1	25.403	496	323	12	1	466	1	479	2.69e-144	431	40.93
PD-T4_4A_ECOR58	HRF57916.1	39.164	383	227	5	89	466	4	385	4.17e-144	427	58.75
PD-T4_4A_ECOR58	WP_005872601.1	31.158	475	297	9	1	462	1	458	5.54e-144	430	48.21
PD-T4_4A_ECOR58	RKZ50193.1	28.306	484	290	12	1	466	1	445	6.02e-144	429	45.25
PD-T4_4A_ECOR58	WP_034288165.1	30.000	480	297	11	1	462	1	459	6.05e-144	430	48.75
PD-T4_4A_ECOR58	WP_215477824.1	27.696	473	301	10	1	465	1	440	6.71e-144	429	45.88
PD-T4_4A_ECOR58	MDR0615334.1	30.342	468	310	7	1	464	1	456	1.40e-143	428	47.22
PD-T4_4A_ECOR58	MCY4440840.1	24.842	475	307	10	17	461	2	456	1.87e-143	428	44.63
PD-T4_4A_ECOR58	WP_170229993.1	28.448	464	288	10	1	462	1	422	1.95e-143	427	44.83
PD-T4_4A_ECOR58	MFK5971453.1	29.185	466	295	10	1	466	1	431	2.42e-143	427	46.35
PD-T4_4A_ECOR58	MDD3488376.1	23.256	473	337	10	1	465	1	455	3.83e-143	427	42.28
PD-T4_4A_ECOR58	WP_300718572.1	31.006	487	298	9	1	462	1	474	4.13e-143	428	50.51
PD-T4_4A_ECOR58	MYH27357.1	26.653	484	307	10	3	461	14	474	4.65e-143	428	45.25
PD-T4_4A_ECOR58	WP_172379513.1	26.105	475	317	10	1	463	1	453	4.74e-143	427	46.74
PD-T4_4A_ECOR58	WP_293151243.1	39.349	338	195	6	1	335	1	331	6.38e-143	422	56.80
PD-T4_4A_ECOR58	WP_309734931.1	42.593	324	180	3	147	466	1	322	7.51e-143	422	61.11
PD-T4_4A_ECOR58	WP_253153442.1	31.847	471	288	9	3	465	4	449	8.85e-143	426	50.53
PD-T4_4A_ECOR58	WP_080975271.1	27.626	514	321	10	1	466	1	511	9.46e-143	428	44.94
PD-T4_4A_ECOR58	MBF0401338.1	29.792	480	300	12	1	466	1	457	9.53e-143	427	46.67
PD-T4_4A_ECOR58	MBP8800726.1	27.406	478	313	6	1	465	1	457	1.12e-142	426	46.65
PD-T4_4A_ECOR58	MDM8555174.1	24.618	524	311	11	1	466	1	498	1.49e-142	427	41.79
PD-T4_4A_ECOR58	MDX9748168.1	23.679	473	335	10	1	465	1	455	1.81e-142	426	41.65
PD-T4_4A_ECOR58	MBW1615178.1	29.337	392	271	4	1	390	1	388	2.28e-142	423	50.77
PD-T4_4A_ECOR58	WP_027305343.1	31.303	476	290	10	1	462	1	453	2.40e-142	425	48.95
PD-T4_4A_ECOR58	WP_051420568.1	30.526	475	300	9	1	462	1	458	2.66e-142	425	50.95
PD-T4_4A_ECOR58	WP_303944833.1	27.593	511	320	9	1	465	1	507	4.20e-142	433	43.64
PD-T4_4A_ECOR58	WP_200962862.1	27.539	512	321	9	1	466	1	508	6.20e-142	426	43.75
PD-T4_4A_ECOR58	WP_210217582.1	26.998	463	310	7	3	463	16	452	1.07e-141	424	45.36
PD-T4_4A_ECOR58	MDI9363962.1	24.204	471	336	8	1	465	1	456	1.15e-141	424	45.22
PD-T4_4A_ECOR58	MYC24284.1	24.848	495	321	12	1	466	18	490	1.46e-141	425	40.81
PD-T4_4A_ECOR58	MDM8535483.1	42.208	308	174	2	160	466	1	305	1.66e-141	417	62.99
PD-T4_4A_ECOR58	MDO9512892.1	23.355	471	340	8	1	465	1	456	1.88e-141	423	41.83
PD-T4_4A_ECOR58	WP_193706178.1	21.444	471	349	8	1	465	1	456	2.55e-141	423	41.61
PD-T4_4A_ECOR58	WP_158537843.1	22.930	471	341	9	1	465	1	455	2.94e-141	423	40.76
PD-T4_4A_ECOR58	MCY4263019.1	26.752	471	297	11	17	466	1	444	4.70e-141	422	45.86
PD-T4_4A_ECOR58	WP_141754949.1	26.408	515	329	10	1	466	1	514	5.15e-141	424	45.24
PD-T4_4A_ECOR58	WP_260949735.1	23.454	469	337	9	1	463	1	453	6.22e-141	422	44.99
PD-T4_4A_ECOR58	WP_323346195.1	25.370	473	330	10	1	465	1	458	6.43e-141	422	43.97
PD-T4_4A_ECOR58	WP_300674605.1	30.223	493	297	9	1	462	1	477	9.28e-141	422	49.29
PD-T4_4A_ECOR58	WP_171502911.1	31.635	471	291	9	3	465	4	451	1.01e-140	421	51.38
PD-T4_4A_ECOR58	MCU0467922.1	25.745	470	321	6	1	466	1	446	1.21e-140	420	45.32
PD-T4_4A_ECOR58	MDR0705559.1	29.000	500	296	9	1	466	1	475	1.70e-140	421	46.20
PD-T4_4A_ECOR58	WP_153822985.1	28.233	464	289	9	1	462	1	422	2.54e-140	419	44.40
PD-T4_4A_ECOR58	RKZ52818.1	26.667	480	313	9	1	465	1	456	2.58e-140	420	44.38
PD-T4_4A_ECOR58	WP_223439553.1	24.628	471	334	8	1	465	1	456	2.65e-140	420	40.98
PD-T4_4A_ECOR58	MDR3196306.1	30.818	477	298	9	1	465	1	457	2.75e-140	420	47.38
PD-T4_4A_ECOR58	WP_108375905.1	23.779	471	326	10	1	464	1	445	2.98e-140	420	41.83
PD-T4_4A_ECOR58	TKC93046.1	28.448	464	288	10	1	462	234	655	3.25e-140	427	44.83
PD-T4_4A_ECOR58	MCU0793006.1	27.813	471	307	9	1	464	1	445	3.90e-140	420	45.01
PD-T4_4A_ECOR58	MCY3901926.1	28.283	495	286	16	2	461	6	466	4.38e-140	420	44.44
PD-T4_4A_ECOR58	MDM8542745.1	25.388	516	309	9	1	463	1	493	4.49e-140	421	41.86
PD-T4_4A_ECOR58	MBP3208247.1	28.216	482	305	10	1	458	1	465	5.38e-140	420	49.38
PD-T4_4A_ECOR58	MFS8067271.1	26.096	479	315	10	1	462	1	457	5.99e-140	420	44.26
PD-T4_4A_ECOR58	WP_340551689.1	37.771	323	194	4	1	322	1	317	6.34e-140	414	58.51
PD-T4_4A_ECOR58	WP_089081183.1	23.941	472	337	9	1	466	1	456	7.03e-140	419	41.74
PD-T4_4A_ECOR58	WP_294643617.1	26.488	521	323	12	1	464	1	518	9.54e-140	421	45.11
PD-T4_4A_ECOR58	EMR3467877.1	40.933	386	223	3	1	383	1	384	1.02e-139	416	58.03
PD-T4_4A_ECOR58	WP_058387172.1	27.564	468	312	7	1	463	1	446	1.07e-139	418	46.79
PD-T4_4A_ECOR58	HCE8854653.1	39.089	417	246	5	1	413	1	413	1.20e-139	417	57.07
PD-T4_4A_ECOR58	WP_347019367.1	32.623	469	286	9	3	465	4	448	1.98e-139	418	51.17
PD-T4_4A_ECOR58	WP_066509956.1	22.293	471	345	8	1	465	1	456	2.02e-139	418	42.25
PD-T4_4A_ECOR58	WP_123249979.1	26.653	484	307	10	1	464	1	456	2.53e-139	418	44.21
PD-T4_4A_ECOR58	WP_273326019.1	29.263	475	303	8	1	465	1	452	3.07e-139	417	45.26
PD-T4_4A_ECOR58	GGC89244.1	24.262	474	335	10	1	465	1	459	3.09e-139	418	41.35
PD-T4_4A_ECOR58	WP_241292597.1	25.420	476	325	7	1	466	1	456	3.40e-139	417	43.70
PD-T4_4A_ECOR58	WP_081712932.1	23.918	439	296	9	36	463	1	412	4.92e-139	415	44.19
PD-T4_4A_ECOR58	WP_070677446.1	27.344	512	323	9	1	466	1	509	5.51e-139	418	44.53
PD-T4_4A_ECOR58	WP_066328199.1	23.992	471	336	9	1	465	1	455	6.82e-139	417	44.16
PD-T4_4A_ECOR58	WP_094167321.1	27.813	471	311	7	1	466	1	447	6.84e-139	416	45.86
PD-T4_4A_ECOR58	WP_371700084.1	24.224	483	329	8	1	466	1	463	7.30e-139	417	43.06
PD-T4_4A_ECOR58	WP_246098561.1	25.478	471	319	8	3	465	4	450	9.87e-139	416	43.31
PD-T4_4A_ECOR58	WP_225489956.1	33.333	381	248	6	89	465	2	380	1.42e-138	413	53.28
PD-T4_4A_ECOR58	WP_325289725.1	24.524	473	331	11	1	465	1	455	1.63e-138	416	44.19
PD-T4_4A_ECOR58	WP_221532047.1	29.697	495	297	8	1	462	1	477	2.08e-138	417	49.09
PD-T4_4A_ECOR58	WP_238251331.1	23.992	471	331	9	1	463	1	452	2.25e-138	415	41.83
PD-T4_4A_ECOR58	WP_338790904.1	26.423	492	312	9	1	461	1	473	2.88e-138	416	47.56
PD-T4_4A_ECOR58	KAF0589748.1	30.085	472	294	10	1	453	1	455	3.07e-138	415	50.00
PD-T4_4A_ECOR58	WP_120955790.1	32.135	473	287	8	1	461	1	451	3.10e-138	415	47.78
PD-T4_4A_ECOR58	WP_369013853.1	25.159	473	331	10	1	465	1	458	4.06e-138	415	43.13
PD-T4_4A_ECOR58	MYC97262.1	24.547	497	322	12	1	466	10	484	4.26e-138	416	40.04
PD-T4_4A_ECOR58	MBK8444832.1	26.042	480	315	13	1	465	1	455	4.37e-138	415	44.79
PD-T4_4A_ECOR58	MYD30935.1	24.381	525	310	12	2	461	13	515	6.29e-138	417	42.10
PD-T4_4A_ECOR58	MCZ0945348.1	29.274	468	283	11	14	461	4	443	7.26e-138	414	45.09
PD-T4_4A_ECOR58	MFA7380706.1	26.539	471	317	6	1	466	8	454	1.11e-137	413	43.74
PD-T4_4A_ECOR58	NTW33760.1	25.902	471	320	7	1	466	1	447	1.16e-137	413	45.22
PD-T4_4A_ECOR58	MBQ7820468.1	23.467	473	336	10	1	465	1	455	1.16e-137	413	43.13
PD-T4_4A_ECOR58	HPV15283.1	32.984	382	248	4	1	381	1	375	2.09e-137	410	52.62
PD-T4_4A_ECOR58	WP_089744222.1	22.505	471	343	9	1	465	1	455	3.27e-137	412	43.10
PD-T4_4A_ECOR58	WP_343608181.1	23.567	471	338	9	1	465	1	455	4.02e-137	412	43.52
PD-T4_4A_ECOR58	WP_169752461.1	29.424	486	304	11	1	464	1	469	4.08e-137	413	47.74
PD-T4_4A_ECOR58	WP_064714231.1	27.601	471	312	7	1	466	1	447	6.96e-137	411	46.71
PD-T4_4A_ECOR58	WP_202716711.1	26.170	470	316	10	3	465	26	471	8.01e-137	412	44.68
PD-T4_4A_ECOR58	WP_394964872.1	29.039	489	312	7	1	465	1	478	1.20e-136	412	46.22
PD-T4_4A_ECOR58	MXZ20184.1	24.074	486	322	12	2	462	6	469	1.33e-136	412	42.59
PD-T4_4A_ECOR58	WP_099507010.1	30.126	478	298	9	1	462	1	458	1.44e-136	411	48.95
PD-T4_4A_ECOR58	WP_142692549.1	30.591	474	299	9	2	461	8	465	1.79e-136	411	47.26
PD-T4_4A_ECOR58	MEI7424264.1	27.176	471	314	7	1	466	1	447	1.93e-136	410	44.59
PD-T4_4A_ECOR58	MDE0123385.1	25.000	496	315	11	2	465	24	494	2.24e-136	412	43.75
PD-T4_4A_ECOR58	MDR3220524.1	28.157	483	310	7	1	466	1	463	2.45e-136	410	45.34
PD-T4_4A_ECOR58	MEW5887234.1	23.890	473	325	11	1	464	1	447	2.79e-136	410	42.49
PD-T4_4A_ECOR58	WP_281326625.1	26.724	464	294	10	1	462	1	420	6.72e-136	408	42.03
PD-T4_4A_ECOR58	MDE0506914.1	28.325	406	261	9	3	387	14	410	7.47e-136	407	46.55
PD-T4_4A_ECOR58	WP_376758984.1	24.949	489	323	11	1	465	1	469	7.92e-136	409	41.31
PD-T4_4A_ECOR58	MFN0050253.1	26.709	468	315	9	1	462	1	446	9.90e-136	408	43.59
PD-T4_4A_ECOR58	KAB2906895.1	27.991	468	309	7	1	463	1	445	9.99e-136	408	46.58
PD-T4_4A_ECOR58	WP_034961487.1	27.021	470	307	8	1	462	1	442	1.00e-135	408	46.38
PD-T4_4A_ECOR58	MFM8332805.1	29.730	407	262	7	2	393	15	412	1.11e-135	407	46.44
PD-T4_4A_ECOR58	MCB9312148.1	26.115	471	319	7	1	466	1	447	1.32e-135	408	44.80
PD-T4_4A_ECOR58	MDR1269713.1	27.038	503	308	12	1	465	1	482	2.37e-135	408	45.92
PD-T4_4A_ECOR58	WP_170119568.1	27.742	465	311	7	4	465	5	447	3.28e-135	407	46.24
PD-T4_4A_ECOR58	MDR0611672.1	30.000	490	293	8	1	465	1	465	3.43e-135	407	46.12
PD-T4_4A_ECOR58	WP_313269812.1	23.142	471	339	10	1	465	1	454	3.47e-135	407	43.10
PD-T4_4A_ECOR58	MBK9184955.1	26.226	469	308	9	1	465	1	435	3.83e-135	406	43.07
PD-T4_4A_ECOR58	OQY01470.1	27.010	485	313	13	1	466	1	463	8.19e-135	407	45.77
PD-T4_4A_ECOR58	MDR1289996.1	29.792	480	297	11	1	466	1	454	8.35e-135	406	48.96
PD-T4_4A_ECOR58	MDR2438959.1	29.645	479	302	10	1	466	1	457	8.54e-135	406	48.23
PD-T4_4A_ECOR58	RKZ52570.1	26.395	466	263	6	1	466	1	386	1.89e-134	403	42.49
PD-T4_4A_ECOR58	HCG8627331.1	27.105	487	310	11	1	466	1	463	2.08e-134	405	45.17
PD-T4_4A_ECOR58	MCE2930641.1	30.498	482	304	10	1	465	1	468	2.77e-134	405	47.10
PD-T4_4A_ECOR58	MBO7101522.1	21.822	472	343	10	1	465	1	453	2.88e-134	405	42.37
PD-T4_4A_ECOR58	WP_123482246.1	29.211	469	305	6	1	462	1	449	3.95e-134	404	46.27
PD-T4_4A_ECOR58	MBF0182033.1	26.708	483	316	11	1	466	1	462	1.03e-133	403	45.34
PD-T4_4A_ECOR58	WP_304206784.1	26.383	470	309	10	1	465	1	438	1.24e-133	403	44.26
PD-T4_4A_ECOR58	MCK6591323.1	24.632	475	318	11	1	465	1	445	1.63e-133	402	42.53
PD-T4_4A_ECOR58	WP_302729851.1	26.050	476	315	10	2	465	3	453	1.73e-133	403	42.86
PD-T4_4A_ECOR58	MBR1575544.1	21.822	472	345	8	1	465	1	455	2.40e-133	403	40.89
PD-T4_4A_ECOR58	WP_329729610.1	24.540	489	324	11	1	465	1	468	2.51e-133	403	42.13
PD-T4_4A_ECOR58	HSO00423.1	25.257	487	320	12	1	465	1	465	2.68e-133	403	43.53
PD-T4_4A_ECOR58	WP_235242227.1	26.793	474	306	11	1	465	1	442	4.12e-133	402	44.30
PD-T4_4A_ECOR58	WP_005022574.1	27.197	478	314	7	1	462	1	460	4.61e-133	402	46.65
PD-T4_4A_ECOR58	MBK6338516.1	22.737	475	344	10	1	465	1	462	5.79e-133	402	40.42
PD-T4_4A_ECOR58	MDR0705561.1	29.532	491	296	12	1	466	1	466	6.67e-133	402	48.27
PD-T4_4A_ECOR58	WP_353571904.1	28.792	389	260	8	1	384	1	377	6.98e-133	398	49.87
PD-T4_4A_ECOR58	WP_322576949.1	23.454	469	326	10	1	464	1	441	8.20e-133	402	41.15
PD-T4_4A_ECOR58	WP_336689733.1	22.246	472	345	9	1	465	1	457	9.86e-133	401	42.16
PD-T4_4A_ECOR58	MEO5353701.1	27.197	478	319	12	1	466	1	461	1.87e-132	400	46.44
PD-T4_4A_ECOR58	MCC6557209.1	25.101	494	314	10	1	462	1	470	3.08e-132	400	41.70
PD-T4_4A_ECOR58	MCU0687672.1	24.444	495	319	9	1	462	1	473	4.55e-132	400	40.00
PD-T4_4A_ECOR58	MBM2813932.1	24.313	473	334	7	1	463	1	459	4.71e-132	399	43.55
PD-T4_4A_ECOR58	WP_295144093.1	29.876	482	303	11	1	462	1	467	5.42e-132	400	48.76
PD-T4_4A_ECOR58	MDR2756324.1	29.814	483	302	9	1	465	1	464	5.67e-132	399	46.17
PD-T4_4A_ECOR58	MBK7299025.1	26.237	465	307	8	1	463	1	431	6.22e-132	398	43.66
PD-T4_4A_ECOR58	OQY51612.1	28.176	433	285	9	1	415	1	425	6.76e-132	398	45.73
PD-T4_4A_ECOR58	WP_114999199.1	27.778	468	309	7	1	463	1	444	8.64e-132	398	47.65
PD-T4_4A_ECOR58	MCY4025073.1	26.598	485	306	12	3	461	14	474	8.91e-132	399	43.92
PD-T4_4A_ECOR58	MCC7429756.1	24.520	469	273	9	1	465	1	392	9.58e-132	396	40.94
PD-T4_4A_ECOR58	NUM72273.1	25.581	473	320	8	1	463	1	451	1.44e-131	398	44.19
PD-T4_4A_ECOR58	MBO7220566.1	23.941	472	334	10	1	465	1	454	1.87e-131	398	41.10
PD-T4_4A_ECOR58	SMM98468.1	24.842	475	293	13	1	462	1	424	1.88e-131	397	44.63
PD-T4_4A_ECOR58	WP_201821668.1	27.708	480	304	10	3	465	6	459	2.02e-131	398	46.46
PD-T4_4A_ECOR58	MBR3771542.1	23.707	464	323	9	1	462	1	435	3.36e-131	397	42.89
PD-T4_4A_ECOR58	WP_098028384.1	27.754	472	312	7	1	467	1	448	3.47e-131	397	47.03
PD-T4_4A_ECOR58	WP_375190992.1	26.115	471	319	7	1	466	1	447	3.51e-131	397	45.86
PD-T4_4A_ECOR58	VFN05482.1	45.385	260	141	1	208	466	21	280	4.56e-131	390	61.92
PD-T4_4A_ECOR58	WP_235245614.1	26.752	471	309	10	1	465	1	441	6.38e-131	396	44.37
PD-T4_4A_ECOR58	MCD8556015.1	21.702	470	340	9	1	463	1	449	9.54e-131	396	41.70
PD-T4_4A_ECOR58	MEZ4952337.1	24.740	481	322	11	1	465	1	457	1.24e-130	395	43.04
PD-T4_4A_ECOR58	WP_210225662.1	42.958	284	148	4	183	464	97	368	1.39e-130	392	61.62
PD-T4_4A_ECOR58	WP_177180658.1	24.516	465	319	9	1	463	1	435	1.72e-130	395	46.45
PD-T4_4A_ECOR58	WP_102304273.1	25.309	486	322	10	1	466	1	465	1.91e-130	395	44.44
PD-T4_4A_ECOR58	WP_237794247.1	23.617	470	334	11	1	463	1	452	2.43e-130	395	41.70
PD-T4_4A_ECOR58	WP_321256485.1	29.424	486	305	9	1	462	1	472	2.50e-130	396	48.15
PD-T4_4A_ECOR58	WP_104641344.1	29.461	482	300	8	1	461	1	463	2.82e-130	395	45.64
PD-T4_4A_ECOR58	WP_002656684.1	23.404	470	339	9	1	462	1	457	2.89e-130	395	40.85
PD-T4_4A_ECOR58	WP_261484823.1	24.784	464	327	6	1	463	1	443	2.98e-130	394	46.55
PD-T4_4A_ECOR58	WP_166551342.1	24.694	490	324	9	1	465	1	470	3.18e-130	395	43.47
PD-T4_4A_ECOR58	WP_104636963.1	29.835	486	295	9	1	462	1	464	4.03e-130	395	45.06
PD-T4_4A_ECOR58	WP_318119447.1	24.644	491	321	9	1	466	1	467	4.08e-130	395	42.16
PD-T4_4A_ECOR58	MFN8361482.1	24.034	466	325	9	1	462	1	441	4.36e-130	394	43.99
PD-T4_4A_ECOR58	WP_269484837.1	28.298	470	298	6	1	462	1	439	7.35e-130	393	48.30
PD-T4_4A_ECOR58	WP_289262909.1	28.846	468	298	7	1	462	1	439	3.33e-129	392	46.15
PD-T4_4A_ECOR58	MDR0338279.1	27.893	484	305	10	1	466	1	458	3.67e-129	392	46.69
PD-T4_4A_ECOR58	TAH22180.1	27.505	469	297	12	1	465	1	430	4.35e-129	391	44.56
PD-T4_4A_ECOR58	MDR3196304.1	27.778	486	302	11	1	466	1	457	1.02e-128	391	44.86
PD-T4_4A_ECOR58	HAI38716.1	24.122	427	311	6	1	421	1	420	1.19e-128	389	41.22
PD-T4_4A_ECOR58	WP_087579542.1	29.449	472	304	10	1	462	1	453	1.22e-128	391	47.88
PD-T4_4A_ECOR58	WP_159317138.1	39.362	376	216	5	95	466	2	369	1.23e-128	387	57.18
PD-T4_4A_ECOR58	WP_314300223.1	21.535	469	348	8	1	463	1	455	1.62e-128	390	40.72
PD-T4_4A_ECOR58	MCY4413321.1	24.792	480	314	13	17	466	2	464	1.91e-128	390	38.75
PD-T4_4A_ECOR58	WP_109742355.1	27.389	471	312	7	1	466	1	446	2.00e-128	390	45.22
PD-T4_4A_ECOR58	MDE0630976.1	26.626	492	307	13	1	462	1	468	2.69e-128	390	44.92
PD-T4_4A_ECOR58	WP_163356639.1	26.271	472	299	12	1	465	1	430	3.82e-128	388	43.01
PD-T4_4A_ECOR58	MFN7529341.1	26.842	380	248	8	91	464	1	356	6.82e-128	385	46.84
PD-T4_4A_ECOR58	MBR6041126.1	19.497	477	342	13	1	465	1	447	6.96e-128	388	38.36
PD-T4_4A_ECOR58	TAD94782.1	24.048	499	317	12	1	464	1	472	8.31e-128	389	43.89
PD-T4_4A_ECOR58	EAL9546063.1	30.882	408	259	7	1	387	1	406	9.49e-128	386	50.00
PD-T4_4A_ECOR58	MDR3254433.1	28.785	469	319	6	1	465	1	458	1.07e-127	388	47.33
PD-T4_4A_ECOR58	MCU0389523.1	27.122	483	315	12	1	465	1	464	1.73e-127	388	45.96
PD-T4_4A_ECOR58	WP_219888064.1	24.788	472	321	10	1	466	1	444	2.22e-127	387	44.28
PD-T4_4A_ECOR58	WP_118234176.1	26.271	472	309	10	1	466	1	439	2.40e-127	387	44.92
PD-T4_4A_ECOR58	MBQ3636687.1	22.246	472	336	12	1	462	1	451	2.62e-127	387	40.47
PD-T4_4A_ECOR58	WP_330518183.1	28.632	468	300	8	1	462	1	440	3.22e-127	387	47.44
PD-T4_4A_ECOR58	EAJ4239493.1	30.824	425	270	7	1	403	1	423	4.78e-127	385	49.41
PD-T4_4A_ECOR58	MDR2170047.1	26.378	508	284	13	1	466	1	460	5.47e-127	387	43.50
PD-T4_4A_ECOR58	MCH9662618.1	27.655	499	317	10	1	463	1	491	5.49e-127	388	45.69
PD-T4_4A_ECOR58	WP_027939816.1	25.895	475	319	8	1	466	1	451	7.11e-127	386	43.58
PD-T4_4A_ECOR58	WP_349646141.1	24.249	466	251	7	1	466	1	364	7.13e-127	383	42.27
PD-T4_4A_ECOR58	WP_265885347.1	26.947	475	308	9	1	463	1	448	1.06e-126	385	44.84
PD-T4_4A_ECOR58	MBS5038847.1	28.205	468	304	7	1	465	1	439	1.22e-126	385	44.44
PD-T4_4A_ECOR58	MBR4263712.1	21.627	467	341	9	3	462	90	538	1.28e-126	388	39.83
PD-T4_4A_ECOR58	MCH5247538.1	22.293	471	337	10	1	462	1	451	1.29e-126	385	41.19
PD-T4_4A_ECOR58	WP_053321711.1	26.294	483	322	8	1	466	1	466	1.63e-126	385	45.76
PD-T4_4A_ECOR58	MBO4331928.1	21.519	474	331	13	1	465	1	442	2.06e-126	384	40.72
PD-T4_4A_ECOR58	WP_094325865.1	30.898	479	293	11	1	462	1	458	2.07e-126	385	49.06
PD-T4_4A_ECOR58	MCC8119780.1	22.432	477	332	14	1	462	1	454	2.22e-126	385	39.62
PD-T4_4A_ECOR58	MCH9662351.1	33.333	480	298	8	1	463	1	475	6.31e-126	384	50.83
PD-T4_4A_ECOR58	WP_122950922.1	27.848	474	291	13	1	462	1	435	6.65e-126	383	47.05
PD-T4_4A_ECOR58	CAA6806537.1	43.772	281	144	4	187	465	81	349	1.15e-125	379	62.99
PD-T4_4A_ECOR58	CAA6806537.1	47.727	44	23	0	1	44	1	44	5.32e-18	96.9	63.64
PD-T4_4A_ECOR58	WP_004892997.1	23.176	466	335	7	1	466	1	443	1.24e-125	382	42.06
PD-T4_4A_ECOR58	WP_369152348.1	28.205	468	290	14	1	461	1	429	1.44e-125	381	46.58
PD-T4_4A_ECOR58	MCK5717219.1	27.957	465	242	9	1	461	6	381	1.62e-125	380	44.30
PD-T4_4A_ECOR58	WP_233708181.1	29.175	473	292	11	19	461	2	461	1.70e-125	383	45.67
PD-T4_4A_ECOR58	WP_014798917.1	26.722	479	308	9	1	466	1	449	2.90e-125	382	46.76
PD-T4_4A_ECOR58	WP_193707414.1	22.458	472	342	8	1	465	1	455	3.00e-125	382	40.47
PD-T4_4A_ECOR58	RKZ59366.1	25.572	481	295	13	1	463	1	436	3.08e-125	381	43.66
PD-T4_4A_ECOR58	WP_267410480.1	29.521	376	242	8	3	368	18	380	3.87e-125	378	49.47
PD-T4_4A_ECOR58	WP_065645122.1	24.440	491	322	8	1	466	1	467	4.81e-125	382	43.38
PD-T4_4A_ECOR58	WP_336485111.1	25.393	445	290	10	35	465	1	417	8.62e-125	380	45.62
PD-T4_4A_ECOR58	MEO6832004.1	23.270	477	339	10	1	465	1	462	1.09e-124	381	39.20
PD-T4_4A_ECOR58	WP_040282600.1	22.881	472	340	8	1	465	1	455	1.09e-124	380	40.47
PD-T4_4A_ECOR58	HYO65217.1	23.975	488	328	11	1	465	1	468	2.32e-124	380	41.80
PD-T4_4A_ECOR58	WP_346457700.1	28.684	380	248	8	3	372	17	383	3.60e-124	376	48.68
PD-T4_4A_ECOR58	XOR96914.1	28.755	466	301	10	1	464	1	437	3.86e-124	378	46.78
PD-T4_4A_ECOR58	MFV0329594.1	22.698	467	317	9	1	465	1	425	4.25e-124	378	40.47
PD-T4_4A_ECOR58	MEE1021364.1	22.669	472	334	12	1	465	1	448	5.39e-124	378	40.68
PD-T4_4A_ECOR58	WP_034573679.1	29.363	487	300	11	1	462	1	468	7.21e-124	379	45.38
PD-T4_4A_ECOR58	MBR1980820.1	26.160	474	308	11	1	462	1	444	7.53e-124	378	47.26
PD-T4_4A_ECOR58	WP_342696605.1	23.617	470	335	8	1	463	1	453	1.14e-123	378	42.98
PD-T4_4A_ECOR58	MBR5623300.1	23.701	481	333	11	1	465	1	463	1.21e-123	378	41.58
PD-T4_4A_ECOR58	WP_180323587.1	26.667	465	295	11	1	461	1	423	1.23e-123	376	46.24
PD-T4_4A_ECOR58	MFK7948979.1	24.946	465	294	10	1	463	1	412	1.40e-123	376	42.37
PD-T4_4A_ECOR58	WP_318113865.1	24.236	491	323	8	1	466	1	467	1.51e-123	378	43.58
PD-T4_4A_ECOR58	MEK7432124.1	25.690	471	321	8	1	465	1	448	1.88e-123	377	43.31
PD-T4_4A_ECOR58	WP_236921948.1	25.417	480	316	12	1	462	1	456	1.95e-123	377	44.38
PD-T4_4A_ECOR58	TAE76317.1	26.439	469	298	11	1	462	1	429	2.22e-123	376	42.43
PD-T4_4A_ECOR58	MCY4115486.1	26.653	499	300	16	1	461	1	471	3.46e-123	377	43.69
PD-T4_4A_ECOR58	WP_405329693.1	22.105	475	339	13	1	465	1	454	3.55e-123	376	40.84
PD-T4_4A_ECOR58	WP_196582888.1	25.826	484	324	10	1	466	1	467	3.80e-123	377	45.87
PD-T4_4A_ECOR58	MFM6139800.1	28.080	349	221	8	123	464	3	328	4.59e-123	372	48.14
PD-T4_4A_ECOR58	WP_305368255.1	26.569	478	319	10	1	462	1	462	7.32e-123	376	45.82
PD-T4_4A_ECOR58	MCF6350700.1	21.610	472	346	8	1	465	1	455	7.58e-123	376	40.68
PD-T4_4A_ECOR58	WP_063742215.1	21.186	472	351	7	1	465	1	458	8.62e-123	376	41.53
PD-T4_4A_ECOR58	MEN8217099.1	25.581	473	286	11	1	465	1	415	1.15e-122	374	44.19
PD-T4_4A_ECOR58	WP_415707846.1	35.714	322	202	5	148	465	1	321	1.35e-122	370	56.83
PD-T4_4A_ECOR58	MFI3296123.1	22.814	469	334	10	1	463	1	447	1.75e-122	375	43.28
PD-T4_4A_ECOR58	WP_375769252.1	24.025	487	327	11	1	465	1	466	2.23e-122	375	42.09
PD-T4_4A_ECOR58	MCR4831829.1	23.207	474	330	13	1	464	1	450	2.27e-122	374	39.45
PD-T4_4A_ECOR58	WP_416698639.1	24.197	467	329	8	1	466	1	443	2.36e-122	374	42.18
PD-T4_4A_ECOR58	MCH9662313.1	26.892	502	319	10	1	464	1	492	4.19e-122	375	45.22
PD-T4_4A_ECOR58	HCE3717998.1	24.950	501	323	9	1	466	1	483	6.64e-122	374	42.71
PD-T4_4A_ECOR58	MEI7776746.1	40.134	299	176	2	170	466	1	298	1.34e-121	367	59.87
PD-T4_4A_ECOR58	WP_171328084.1	25.424	472	318	8	1	465	1	445	1.44e-121	372	46.82
PD-T4_4A_ECOR58	MCU0437337.1	26.850	473	298	13	1	466	1	432	1.70e-121	371	45.03
PD-T4_4A_ECOR58	MCQ2969612.1	27.542	472	308	9	1	464	1	446	1.89e-121	372	44.28
PD-T4_4A_ECOR58	MYB26759.1	25.053	471	249	11	3	465	10	384	1.94e-121	370	40.98
PD-T4_4A_ECOR58	MBI6546963.1	24.500	400	263	9	76	464	1	372	2.31e-121	369	44.00
PD-T4_4A_ECOR58	MCB3748679.1	43.465	329	176	4	140	466	1	321	2.70e-121	366	62.31
PD-T4_4A_ECOR58	TAH03438.1	23.950	476	323	12	1	465	1	448	2.73e-121	371	41.81
PD-T4_4A_ECOR58	MBQ0029631.1	22.785	474	332	14	1	464	1	450	3.38e-121	371	41.14
PD-T4_4A_ECOR58	HAT15509.1	46.296	216	116	0	251	466	1	216	3.78e-121	362	67.13
PD-T4_4A_ECOR58	MBR5783637.1	21.684	475	344	10	1	466	1	456	3.93e-121	371	39.58
PD-T4_4A_ECOR58	MDR3321991.1	27.536	483	307	8	1	467	1	456	5.51e-121	371	47.83
PD-T4_4A_ECOR58	MCB1192527.1	23.909	481	313	8	2	466	4	447	6.86e-121	370	42.83
PD-T4_4A_ECOR58	MBA3545046.1	23.251	486	318	12	1	462	1	455	8.85e-121	370	39.09
PD-T4_4A_ECOR58	MEO7590940.1	25.170	441	286	9	34	465	1	406	8.85e-121	369	42.86
PD-T4_4A_ECOR58	NJN77447.1	24.946	465	293	11	1	463	1	411	9.66e-121	369	42.58
PD-T4_4A_ECOR58	MBC6427995.1	23.830	470	261	12	3	465	17	396	1.33e-120	368	41.49
PD-T4_4A_ECOR58	WRH67096.1	33.438	320	205	5	1	318	1	314	1.39e-120	365	54.37
PD-T4_4A_ECOR58	WP_235259990.1	24.694	490	312	12	1	466	1	457	1.49e-120	370	43.88
PD-T4_4A_ECOR58	MCD8385940.1	20.675	474	342	13	1	462	1	452	2.35e-120	369	38.19
PD-T4_4A_ECOR58	WP_045570404.1	24.380	484	326	9	1	462	1	466	2.38e-120	370	44.63
PD-T4_4A_ECOR58	MEZ5670973.1	26.160	474	311	12	1	465	1	444	3.54e-120	368	43.46
PD-T4_4A_ECOR58	TWW12205.1	40.370	270	158	1	196	465	1	267	3.76e-120	361	61.85
PD-T4_4A_ECOR58	WP_334866293.1	44.545	220	122	0	247	466	1	220	5.40e-120	360	66.82
PD-T4_4A_ECOR58	MCY2547535.1	24.742	485	323	11	1	467	1	461	8.08e-120	368	44.54
PD-T4_4A_ECOR58	MCS6796052.1	26.096	479	308	12	1	466	1	446	3.72e-119	366	43.22
PD-T4_4A_ECOR58	WP_130470550.1	27.010	485	299	14	1	461	1	454	4.04e-119	366	44.33
PD-T4_4A_ECOR58	MEZ4453244.1	25.053	475	323	9	1	463	1	454	5.95e-119	366	42.53
PD-T4_4A_ECOR58	MBU1753483.1	36.545	301	183	5	1	300	1	294	6.25e-119	360	52.49
PD-T4_4A_ECOR58	MDD6506088.1	21.277	470	342	11	1	462	1	450	6.35e-119	366	39.79
PD-T4_4A_ECOR58	MFN8393061.1	25.630	476	320	14	1	464	1	454	6.98e-119	366	41.81
PD-T4_4A_ECOR58	WP_239306324.1	27.122	483	313	9	3	467	6	467	7.29e-119	366	45.55
PD-T4_4A_ECOR58	NCX96355.1	23.222	478	333	14	1	462	1	460	1.00e-118	365	42.05
PD-T4_4A_ECOR58	MCE2706276.1	25.364	481	327	12	2	466	8	472	1.42e-118	365	42.62
PD-T4_4A_ECOR58	MBQ2376438.1	21.776	473	337	13	1	465	1	448	1.48e-118	365	39.32
PD-T4_4A_ECOR58	MCY3985421.1	22.458	472	262	12	2	465	9	384	1.63e-118	362	40.68
PD-T4_4A_ECOR58	GHT20500.1	23.404	470	318	10	1	465	1	433	2.99e-118	363	41.06
PD-T4_4A_ECOR58	WP_182739738.1	25.103	486	329	10	1	466	1	471	3.99e-118	364	43.42
PD-T4_4A_ECOR58	WP_294705374.1	23.918	485	322	11	1	466	1	457	6.60e-118	363	42.89
PD-T4_4A_ECOR58	WP_040967887.1	25.926	486	313	13	1	464	1	461	7.34e-118	363	42.80
PD-T4_4A_ECOR58	MBR2505943.1	20.459	479	350	12	1	466	1	461	8.91e-118	363	40.71
PD-T4_4A_ECOR58	GHT06992.1	24.153	472	313	11	1	464	1	435	1.85e-117	361	42.80
PD-T4_4A_ECOR58	HEY5325528.1	22.947	475	318	11	1	463	1	439	2.03e-117	361	41.26
PD-T4_4A_ECOR58	MDR2706797.1	28.511	470	256	6	2	463	3	400	2.63e-117	360	41.91
PD-T4_4A_ECOR58	MCY4081657.1	23.246	499	313	14	1	461	6	472	2.84e-117	362	41.28
PD-T4_4A_ECOR58	MDM8561764.1	30.000	370	232	7	1	361	1	352	3.14e-117	357	49.73
PD-T4_4A_ECOR58	WP_138118472.1	26.667	465	297	10	1	461	1	425	3.84e-117	360	46.45
PD-T4_4A_ECOR58	NJK32824.1	23.237	482	325	14	1	462	1	457	4.77e-117	361	40.04
PD-T4_4A_ECOR58	WP_281615764.1	22.600	500	335	13	1	465	1	483	4.85e-117	362	41.20
PD-T4_4A_ECOR58	WP_266223364.1	23.404	470	332	10	1	462	1	450	5.47e-117	361	41.49
PD-T4_4A_ECOR58	MFC1027154.1	29.325	474	302	9	1	463	1	452	5.72e-117	360	49.16
PD-T4_4A_ECOR58	MBC4332222.1	25.361	485	320	12	1	467	1	461	7.24e-117	361	44.95
PD-T4_4A_ECOR58	WP_193283883.1	25.880	483	325	9	1	467	1	466	7.42e-117	361	44.72
PD-T4_4A_ECOR58	MBL9100917.1	23.983	467	296	12	1	462	1	413	1.78e-116	358	39.61
PD-T4_4A_ECOR58	WP_014799697.1	23.000	500	334	11	1	466	1	483	1.98e-116	360	39.40
PD-T4_4A_ECOR58	WP_324563645.1	29.085	306	188	6	168	464	7	292	2.56e-116	353	47.71
PD-T4_4A_ECOR58	MCY4408907.1	23.469	490	319	13	3	459	7	473	2.80e-116	360	42.86
PD-T4_4A_ECOR58	MDE0142900.1	22.129	479	328	10	1	457	5	460	3.09e-116	360	40.50
PD-T4_4A_ECOR58	WP_415713389.1	28.200	461	303	10	1	461	1	433	4.07e-116	358	46.20
PD-T4_4A_ECOR58	WP_375560541.1	23.819	487	320	13	1	463	1	460	4.45e-116	360	41.07
PD-T4_4A_ECOR58	MCH3918344.1	23.974	463	331	7	1	461	1	444	5.77e-116	358	42.76
PD-T4_4A_ECOR58	WP_318073942.1	24.375	480	328	7	1	466	1	459	6.50e-116	358	43.54
PD-T4_4A_ECOR58	WP_338791259.1	22.682	507	326	11	1	463	1	485	8.69e-116	359	37.67
PD-T4_4A_ECOR58	MDE6497137.1	21.822	472	344	7	2	465	4	458	1.09e-115	358	41.95
PD-T4_4A_ECOR58	MFT4923932.1	25.963	493	318	11	1	465	1	474	1.78e-115	358	44.02
PD-T4_4A_ECOR58	MBQ0019135.1	20.594	471	343	13	1	462	1	449	2.09e-115	356	39.70
PD-T4_4A_ECOR58	WP_168787118.1	25.995	377	239	10	102	464	1	351	2.09e-115	353	45.62
PD-T4_4A_ECOR58	MBU1752948.1	44.811	212	116	1	255	466	1	211	2.36e-115	347	66.04
PD-T4_4A_ECOR58	OBQ35514.1	29.290	338	208	7	133	464	1	313	2.42e-115	351	49.41
PD-T4_4A_ECOR58	MDE6769710.1	21.849	476	333	13	1	462	1	451	2.58e-115	356	41.81
PD-T4_4A_ECOR58	MDE0401293.1	22.267	494	328	14	2	461	6	477	2.71e-115	357	43.12
PD-T4_4A_ECOR58	WP_096458391.1	25.207	484	319	14	1	464	1	461	3.64e-115	356	42.36
PD-T4_4A_ECOR58	WP_317486544.1	46.619	281	142	3	186	465	1	274	4.04e-115	349	66.19
PD-T4_4A_ECOR58	HRG63220.1	25.840	476	323	12	2	461	10	471	4.25e-115	357	43.70
PD-T4_4A_ECOR58	MDR1918275.1	23.974	463	306	12	1	455	1	425	5.21e-115	355	42.12
PD-T4_4A_ECOR58	MDR1936967.1	22.822	482	312	13	1	463	1	441	1.57e-114	354	39.63
PD-T4_4A_ECOR58	WP_338813127.1	23.810	504	325	12	1	463	1	486	1.94e-114	356	39.48
PD-T4_4A_ECOR58	WP_349763409.1	24.846	487	315	10	1	466	1	457	2.20e-114	354	43.74
PD-T4_4A_ECOR58	WP_025771979.1	23.779	471	254	13	2	463	9	383	2.29e-114	351	43.31
PD-T4_4A_ECOR58	MFN7415167.1	35.959	292	182	3	1	291	1	288	2.61e-114	348	56.16
PD-T4_4A_ECOR58	ELL9328545.1	23.810	483	326	9	1	463	1	461	1.07e-113	353	42.65
PD-T4_4A_ECOR58	MDR1810593.1	23.679	473	313	14	1	465	1	433	1.20e-113	351	41.23
PD-T4_4A_ECOR58	WP_121567326.1	21.250	480	344	6	1	465	1	461	1.61e-113	352	41.04
PD-T4_4A_ECOR58	WP_308603996.1	28.482	481	306	12	1	464	1	460	1.76e-113	352	47.19
PD-T4_4A_ECOR58	MCY3707687.1	24.850	499	312	16	2	458	6	483	2.06e-113	353	43.69
PD-T4_4A_ECOR58	MBF0097445.1	26.115	471	308	15	12	467	2	447	2.13e-113	351	44.59
PD-T4_4A_ECOR58	WP_027002031.1	26.789	489	291	14	2	466	3	448	2.54e-113	351	42.74
PD-T4_4A_ECOR58	MCY3746806.1	24.346	497	311	16	2	461	8	476	2.93e-113	352	40.64
PD-T4_4A_ECOR58	WP_146453944.1	26.250	480	319	9	1	466	1	459	6.34e-113	350	43.33
PD-T4_4A_ECOR58	WP_350573312.1	24.948	481	320	11	1	467	1	454	6.77e-113	350	44.28
PD-T4_4A_ECOR58	TGN99622.1	28.530	347	229	7	36	378	1	332	7.85e-113	346	46.97
PD-T4_4A_ECOR58	MBQ4384368.1	23.591	479	329	9	1	461	1	460	9.89e-113	350	42.59
PD-T4_4A_ECOR58	WP_135689762.1	21.926	488	332	10	1	462	1	465	1.06e-112	350	42.01
PD-T4_4A_ECOR58	MBK5201311.1	26.998	463	315	8	1	462	1	441	1.09e-112	349	47.30
PD-T4_4A_ECOR58	WP_091405511.1	21.053	475	344	7	1	465	1	454	1.22e-112	350	41.89
PD-T4_4A_ECOR58	WP_194186366.1	28.337	487	305	12	1	467	1	463	1.56e-112	350	45.79
PD-T4_4A_ECOR58	MFT5834400.1	24.146	439	311	8	31	463	1	423	2.48e-112	348	40.09
PD-T4_4A_ECOR58	WP_298351456.1	24.197	467	326	11	1	462	1	444	3.97e-112	348	44.33
PD-T4_4A_ECOR58	HCA7358525.1	24.017	483	324	12	1	462	1	461	4.99e-112	348	43.27
PD-T4_4A_ECOR58	MDY6348861.1	21.868	471	338	11	1	463	30	478	5.74e-112	349	42.89
PD-T4_4A_ECOR58	WP_415710869.1	34.528	307	195	6	103	405	1	305	7.02e-112	342	54.72
PD-T4_4A_ECOR58	ELS4795310.1	25.000	484	321	8	1	466	1	460	7.55e-112	348	44.01
PD-T4_4A_ECOR58	WP_334339663.1	21.926	488	332	11	1	462	1	465	7.61e-112	348	39.75
PD-T4_4A_ECOR58	MFN0203499.1	23.152	514	326	12	1	465	1	494	8.91e-112	349	40.47
PD-T4_4A_ECOR58	HHT00066.1	31.193	327	204	5	145	465	1	312	9.65e-112	342	52.29
PD-T4_4A_ECOR58	WP_338814025.1	23.647	499	317	11	1	463	1	471	1.30e-111	348	39.68
PD-T4_4A_ECOR58	MCY3808004.1	24.109	477	323	10	1	461	1	454	2.23e-111	346	42.14
PD-T4_4A_ECOR58	WP_081759195.1	22.340	470	262	12	2	463	4	378	2.73e-111	343	41.70
PD-T4_4A_ECOR58	MBW1650678.1	23.944	355	256	6	1	352	1	344	2.82e-111	342	44.79
PD-T4_4A_ECOR58	MFM7793249.1	47.664	214	112	0	253	466	1	214	4.82e-111	336	65.42
PD-T4_4A_ECOR58	HBS5676878.1	23.124	493	332	9	1	466	1	473	4.88e-111	346	41.38
PD-T4_4A_ECOR58	MBC7554619.1	22.803	478	328	12	1	465	1	450	4.99e-111	345	40.17
PD-T4_4A_ECOR58	MEM8524527.1	22.642	477	328	13	1	465	1	448	5.12e-111	345	41.09
PD-T4_4A_ECOR58	WP_229239512.1	30.277	469	289	11	1	453	1	447	5.38e-111	345	49.47
PD-T4_4A_ECOR58	MBF2761105.1	23.567	471	250	15	2	463	9	378	8.16e-111	342	43.95
PD-T4_4A_ECOR58	MCY4264821.1	34.146	287	167	5	180	461	1	270	8.30e-111	338	54.36
PD-T4_4A_ECOR58	WP_249135795.1	32.153	339	222	7	1	335	1	335	8.73e-111	341	50.74
PD-T4_4A_ECOR58	EHC5584411.1	28.250	400	258	6	81	462	5	393	1.22e-110	343	46.75
PD-T4_4A_ECOR58	MEI6143900.1	24.041	391	278	8	1	381	1	382	1.27e-110	341	43.99
PD-T4_4A_ECOR58	HDU4322939.1	22.680	485	332	9	1	462	1	465	1.29e-110	345	41.86
PD-T4_4A_ECOR58	MBQ2886824.1	18.723	470	354	10	1	462	1	450	1.53e-110	344	38.30
PD-T4_4A_ECOR58	WP_409865136.1	37.193	285	169	5	1	282	1	278	2.13e-110	337	53.68
PD-T4_4A_ECOR58	WP_410822482.1	25.577	477	320	8	1	462	1	457	2.43e-110	344	43.40
PD-T4_4A_ECOR58	OFT77596.1	26.995	426	277	9	47	465	7	405	2.89e-110	341	44.84
PD-T4_4A_ECOR58	WP_409583584.1	25.519	482	319	10	1	466	1	458	3.16e-110	343	45.44
PD-T4_4A_ECOR58	WP_254962439.1	25.988	481	322	8	1	466	1	462	4.43e-110	343	45.53
PD-T4_4A_ECOR58	WP_181828306.1	21.193	486	340	8	1	462	1	467	4.98e-110	343	40.74
PD-T4_4A_ECOR58	MEN8221556.1	28.743	334	208	6	133	466	6	309	7.51e-110	337	47.01
PD-T4_4A_ECOR58	WP_257278700.1	24.286	420	288	10	1	401	1	409	8.26e-110	341	44.52
PD-T4_4A_ECOR58	AZN67840.1	24.948	481	327	8	1	466	1	462	9.55e-110	342	45.74
PD-T4_4A_ECOR58	MBE3976001.1	26.403	481	318	8	1	466	1	460	1.36e-109	342	44.28
PD-T4_4A_ECOR58	MCD4762642.1	31.210	314	190	9	160	466	30	324	1.40e-109	337	49.36
PD-T4_4A_ECOR58	MEE1069442.1	20.539	482	331	15	1	456	1	456	2.06e-109	341	38.17
PD-T4_4A_ECOR58	EDP8413629.1	28.646	384	246	6	96	462	1	373	2.11e-109	338	48.18
PD-T4_4A_ECOR58	MFN8769485.1	25.417	480	328	12	2	466	8	472	2.12e-109	342	45.00
PD-T4_4A_ECOR58	WP_161528559.1	24.444	495	324	10	1	466	1	474	2.42e-109	341	40.81
PD-T4_4A_ECOR58	ELY2768848.1	21.031	485	340	10	1	462	1	465	2.48e-109	341	40.82
PD-T4_4A_ECOR58	WP_248204372.1	21.237	485	339	10	1	462	1	465	2.56e-109	341	40.41
PD-T4_4A_ECOR58	MEO5813272.1	22.343	461	314	8	3	458	23	444	3.18e-109	341	42.73
PD-T4_4A_ECOR58	MBQ4408461.1	21.842	467	323	14	1	462	1	430	3.56e-109	340	40.90
PD-T4_4A_ECOR58	WP_336874915.1	22.515	493	335	10	1	466	1	473	3.69e-109	341	41.58
PD-T4_4A_ECOR58	MBR2356422.1	29.427	384	258	6	1	377	1	378	5.97e-109	337	48.44
PD-T4_4A_ECOR58	WP_139966370.1	27.013	385	239	10	95	465	6	362	7.57e-109	337	47.53
PD-T4_4A_ECOR58	WP_209552400.1	23.265	490	334	9	1	465	1	473	7.62e-109	340	41.22
PD-T4_4A_ECOR58	WP_031856857.1	25.208	480	325	9	1	466	1	460	1.94e-108	339	42.08
PD-T4_4A_ECOR58	WP_227289945.1	23.848	499	327	10	1	467	1	478	2.28e-108	339	39.48
PD-T4_4A_ECOR58	TAG87896.1	21.474	475	333	10	1	463	1	447	2.66e-108	338	40.00
PD-T4_4A_ECOR58	MBX9597417.1	23.663	486	325	13	2	461	10	475	4.61e-108	339	40.12
PD-T4_4A_ECOR58	WP_285092615.1	28.358	469	296	11	3	461	7	445	8.51e-108	337	48.61
PD-T4_4A_ECOR58	WP_340080793.1	22.907	454	319	8	1	429	1	448	1.07e-107	336	42.07
PD-T4_4A_ECOR58	MBE6381532.1	24.167	480	330	8	1	465	1	461	1.29e-107	337	43.54
PD-T4_4A_ECOR58	TAH30441.1	22.803	478	325	9	1	464	1	448	1.49e-107	336	40.79
PD-T4_4A_ECOR58	MEZ4888170.1	22.943	401	287	6	64	463	31	410	1.79e-107	335	40.90
PD-T4_4A_ECOR58	WP_004240622.1	21.107	488	336	11	1	462	1	465	1.89e-107	337	39.55
PD-T4_4A_ECOR58	OOV36443.1	30.241	291	172	7	183	465	110	377	2.02e-107	333	54.98
PD-T4_4A_ECOR58	OOV36443.1	19.681	188	129	4	1	184	1	170	1.96e-15	89.6	31.38
PD-T4_4A_ECOR58	EIC6825162.1	31.231	333	204	4	145	462	8	330	2.32e-107	332	51.05
PD-T4_4A_ECOR58	MFM6277357.1	47.568	185	97	0	282	466	1	185	3.73e-107	325	65.41
PD-T4_4A_ECOR58	MDI9365383.1	23.918	485	311	15	1	465	1	447	4.93e-107	335	39.79
PD-T4_4A_ECOR58	WP_301952202.1	34.932	292	171	4	179	462	3	283	2.94e-106	327	54.79
PD-T4_4A_ECOR58	EAH8899842.1	34.680	297	171	3	179	462	9	295	6.30e-106	327	53.54
PD-T4_4A_ECOR58	WP_166461224.1	22.527	364	269	5	103	465	7	358	8.98e-106	329	42.03
PD-T4_4A_ECOR58	WP_349648755.1	27.139	339	218	5	134	466	1	316	2.87e-105	326	44.84
PD-T4_4A_ECOR58	CAH8229704.1	27.619	315	195	8	161	464	5	297	3.90e-105	325	46.98


