# blastp
# Iteration: 10
# Query: IBFA
# RID: WY4WY323016
# Database: nr_cluster_seq
# Fields: query acc.ver, subject acc.ver, % identity, alignment length, mismatches, gap opens, q. start, q. end, s. start, s. end, evalue, bit score, % positives
# 1000 hits found
IBFA	WP_353673413.1	45.455	506	269	5	8	512	2	501	0.0	615	62.85
IBFA	WP_284655962.1	39.442	502	294	6	10	509	5	498	0.0	613	58.96
IBFA	MDY6803212.1	45.618	502	266	5	8	508	2	497	0.0	610	63.94
IBFA	WP_332967817.1	45.545	505	268	5	8	511	2	500	0.0	608	61.58
IBFA	WP_143375202.1	40.873	504	290	6	8	508	2	500	0.0	607	58.13
IBFA	MFT3704779.1	40.079	504	294	6	8	508	2	500	0.0	604	57.74
IBFA	WP_250703707.1	38.922	501	298	6	10	507	4	499	0.0	599	57.68
IBFA	WP_187444863.1	38.012	513	305	6	8	518	3	504	0.0	598	57.70
IBFA	WP_342490489.1	39.723	506	292	6	15	518	2	496	0.0	598	57.11
IBFA	WP_163982415.1	45.347	505	267	6	9	512	3	499	0.0	596	63.56
IBFA	MFV0323517.1	40.120	501	292	6	10	507	4	499	0.0	593	58.48
IBFA	WP_281020826.1	44.071	506	274	6	8	512	2	499	0.0	593	62.45
IBFA	WP_039063858.1	39.442	502	292	5	11	511	6	496	0.0	593	56.18
IBFA	WP_261794621.1	39.881	504	290	6	17	518	1	493	0.0	592	57.34
IBFA	WP_143238159.1	61.876	501	191	0	7	507	15	515	0.0	590	79.24
IBFA	TAN68330.1	40.792	505	291	6	9	510	3	502	0.0	590	58.61
IBFA	WP_326940049.1	39.841	502	290	6	10	507	4	497	0.0	590	59.96
IBFA	OFY10372.1	38.171	503	303	6	8	507	2	499	0.0	586	58.05
IBFA	WP_196097220.1	39.442	502	296	6	9	507	3	499	0.0	586	56.57
IBFA	MFP4099551.1	40.519	501	290	6	10	508	10	504	0.0	586	58.28
IBFA	MCX5946860.1	44.732	503	269	6	8	509	2	496	0.0	585	64.21
IBFA	WP_058019204.1	38.966	503	297	6	9	508	3	498	0.0	581	56.06
IBFA	HJH61290.1	38.845	502	299	6	9	507	3	499	0.0	581	57.17
IBFA	WP_240353936.1	51.992	502	237	3	8	508	167	665	0.0	580	69.72
IBFA	WP_124328522.1	44.057	488	266	5	22	508	1	482	0.0	579	61.68
IBFA	WP_264091681.1	51.195	502	241	3	8	508	178	676	0.0	577	69.32
IBFA	QHQ18763.1	51.992	502	237	3	8	508	14	512	0.0	577	69.72
IBFA	HEL4614313.1	53.295	516	232	2	1	507	1	516	0.0	576	73.64
IBFA	WP_048376971.1	37.945	506	301	8	8	507	2	500	0.0	576	55.53
IBFA	MEN6460824.1	37.600	500	299	8	10	507	4	492	0.0	575	56.60
IBFA	WP_198677086.1	44.882	508	269	7	3	508	10	508	0.0	575	62.99
IBFA	WP_378128502.1	39.802	505	294	8	9	510	3	500	0.0	574	58.02
IBFA	WP_201235819.1	52.165	508	230	3	10	507	12	516	0.0	574	70.67
IBFA	WP_165865879.1	38.252	515	298	9	2	511	3	502	0.0	573	57.67
IBFA	WP_235084960.1	45.219	502	266	6	10	510	4	497	0.0	573	62.95
IBFA	WP_289419988.1	40.244	492	278	7	11	500	5	482	0.0	572	58.13
IBFA	WP_280552484.1	59.082	501	205	0	11	511	11	511	0.0	571	76.65
IBFA	WP_067522856.1	41.797	512	263	8	10	507	4	494	0.0	571	59.77
IBFA	WP_200924065.1	66.016	512	174	0	4	515	3	514	0.0	571	80.66
IBFA	HEY9030700.1	45.898	512	267	7	1	510	27	530	0.0	571	63.28
IBFA	WP_301446288.1	36.561	506	309	7	10	509	4	503	0.0	570	56.32
IBFA	MEP6488601.1	44.444	504	271	5	8	509	2	498	0.0	569	61.71
IBFA	WP_318091661.1	40.040	502	288	6	10	509	5	495	0.0	569	55.38
IBFA	HVU54333.1	39.293	481	284	6	10	487	4	479	0.0	569	58.21
IBFA	WP_335149118.1	45.850	506	267	5	8	512	2	501	0.0	569	63.83
IBFA	WP_063902161.1	35.771	506	312	7	11	509	5	504	0.0	569	53.95
IBFA	WP_106166345.1	46.800	500	259	5	9	507	3	496	0.0	569	63.20
IBFA	ELY2018455.1	39.044	502	298	6	9	507	3	499	0.0	569	57.57
IBFA	WP_276099029.1	36.686	507	311	7	8	510	2	502	0.0	568	54.83
IBFA	WP_244126418.1	34.791	526	320	7	2	510	52	571	0.0	568	53.42
IBFA	HBO1833546.1	37.598	508	304	7	10	510	4	505	0.0	568	55.51
IBFA	WP_168743093.1	36.686	507	310	6	9	510	3	503	0.0	567	54.64
IBFA	MES2192704.1	36.149	509	307	8	10	509	4	503	0.0	566	54.81
IBFA	WP_015328781.1	44.773	507	273	5	9	514	3	503	0.0	566	61.93
IBFA	MBS0496161.1	46.154	520	262	7	9	518	3	514	0.0	566	64.04
IBFA	WP_060435720.1	48.413	504	254	3	8	508	8	508	0.0	566	66.87
IBFA	WP_299178715.1	36.706	504	310	6	10	511	4	500	0.0	566	55.75
IBFA	MEP6520792.1	44.841	504	270	5	8	509	2	499	0.0	565	62.30
IBFA	WP_237157383.1	48.207	502	256	3	8	508	173	671	0.0	564	68.13
IBFA	MBL0335180.1	38.966	503	291	9	11	509	5	495	0.0	564	57.26
IBFA	WP_155824107.1	35.783	517	304	7	8	502	2	512	0.0	564	53.38
IBFA	AKZ64658.1	37.251	502	306	6	10	507	4	500	0.0	564	55.18
IBFA	WP_244109301.1	34.741	521	317	7	6	509	26	540	0.0	563	52.78
IBFA	OGF04431.1	40.319	501	288	5	10	508	5	496	0.0	563	59.88
IBFA	UJE01858.1	48.207	502	256	3	8	508	69	567	0.0	563	68.13
IBFA	WP_305645665.1	43.676	506	276	6	9	513	3	500	0.0	563	61.66
IBFA	WP_122584977.1	36.240	516	316	8	10	518	4	513	0.0	563	53.88
IBFA	WP_314438311.1	37.349	498	302	7	17	510	1	492	0.0	562	56.22
IBFA	WP_042012109.1	43.798	516	256	8	9	511	3	497	0.0	561	60.27
IBFA	WP_279489947.1	44.356	505	270	6	8	511	2	496	0.0	560	63.37
IBFA	HPD28076.1	38.809	487	288	7	9	490	3	484	0.0	559	56.88
IBFA	WP_230148556.1	38.800	500	291	8	11	507	5	492	0.0	559	57.80
IBFA	WP_237443839.1	45.817	502	263	6	10	510	4	497	0.0	559	63.15
IBFA	WP_193856396.1	45.110	501	267	5	10	509	4	497	0.0	558	62.67
IBFA	WP_083728502.1	42.520	508	257	8	9	502	3	489	0.0	558	60.04
IBFA	WP_100041792.1	33.134	501	317	6	9	507	333	817	0.0	557	55.29
IBFA	MFH7024911.1	37.126	501	305	8	8	507	2	493	0.0	556	55.69
IBFA	MCI9315030.1	34.127	504	312	6	2	502	324	810	0.0	556	56.75
IBFA	WP_281835741.1	38.538	506	302	6	11	508	5	509	0.0	555	56.52
IBFA	WP_028985815.1	20.270	518	351	13	1	499	16	490	0.0	554	37.64
IBFA	WP_182275365.1	36.040	505	311	7	10	508	4	502	0.0	554	54.85
IBFA	WP_272954267.1	94.915	531	1	2	1	518	1	518	0.0	554	94.92
IBFA	WP_081034022.1	37.196	535	295	7	10	509	4	532	0.0	553	53.08
IBFA	WP_220608520.1	36.948	498	303	8	12	507	6	494	0.0	553	56.63
IBFA	WP_341836788.1	39.563	503	295	7	8	507	2	498	0.0	553	56.46
IBFA	MBK7811298.1	34.747	495	316	5	10	502	4	493	0.0	553	53.94
IBFA	WP_312369699.1	35.490	510	307	9	6	512	317	807	0.0	553	53.53
IBFA	WP_218359253.1	45.291	499	263	6	11	508	6	495	0.0	551	64.13
IBFA	WP_044911295.1	34.930	501	308	6	9	507	331	815	0.0	551	55.29
IBFA	WP_209573354.1	66.474	519	148	2	4	509	3	508	0.0	551	79.77
IBFA	WP_274700991.1	46.230	504	261	6	9	511	4	498	0.0	550	63.10
IBFA	WP_017048397.1	44.511	501	268	6	9	508	4	495	0.0	550	64.67
IBFA	WP_312343917.1	20.849	518	348	13	1	499	16	490	0.0	550	36.87
IBFA	MBD8915807.1	35.798	514	308	9	2	512	317	811	0.0	549	53.89
IBFA	WP_207086792.1	43.462	520	278	6	10	518	4	518	0.0	549	60.19
IBFA	WP_232568998.1	45.600	500	262	6	10	508	4	494	0.0	549	64.20
IBFA	WP_015956991.1	35.294	527	297	9	6	508	12	518	0.0	549	52.56
IBFA	WP_032174851.1	92.817	529	12	2	3	518	8	523	0.0	549	94.33
IBFA	WP_080639627.1	38.809	487	284	8	9	488	3	482	0.0	549	58.93
IBFA	WP_104215241.1	46.813	502	257	6	11	511	6	498	0.0	548	64.74
IBFA	HDU8712811.1	65.444	518	153	2	5	509	4	508	0.0	547	78.96
IBFA	HLO47491.1	42.773	512	283	6	8	515	20	525	0.0	547	60.94
IBFA	WP_179404086.1	18.832	531	363	13	1	511	15	497	0.0	546	34.27
IBFA	MBQ4283705.1	35.758	495	302	6	11	504	322	801	0.0	546	56.16
IBFA	WP_253546023.1	37.984	516	295	6	10	505	9	519	0.0	546	56.59
IBFA	WP_237714689.1	61.842	456	174	0	7	462	9	464	0.0	546	79.82
IBFA	WP_002701119.1	38.645	502	293	8	9	507	2	491	0.0	546	57.97
IBFA	WP_379688992.1	35.729	501	310	6	8	505	6	497	0.0	546	52.69
IBFA	MFN3885714.1	18.939	528	360	13	1	508	15	494	0.0	546	33.90
IBFA	WP_295326622.1	18.956	517	357	12	1	498	14	487	0.0	545	35.98
IBFA	WP_079795006.1	66.473	516	147	2	6	508	5	507	0.0	545	80.04
IBFA	WP_325430967.1	20.962	520	349	13	1	501	14	490	0.0	545	36.35
IBFA	MEY4354519.1	19.886	528	355	13	1	508	15	494	0.0	545	34.85
IBFA	MDO9267854.1	22.115	520	373	15	1	500	12	519	0.0	545	38.85
IBFA	WP_197738583.1	19.810	525	355	14	1	508	12	487	0.0	544	36.19
IBFA	WP_227184221.1	35.141	498	305	6	13	504	14	499	0.0	544	53.82
IBFA	HZY38218.1	36.853	502	301	9	11	508	5	494	0.0	544	53.98
IBFA	WP_195638906.1	35.020	494	304	5	11	503	334	811	0.0	544	54.66
IBFA	WP_254199497.1	19.653	519	355	12	1	500	14	489	0.0	544	35.07
IBFA	BFR82826.1	38.933	506	301	5	7	510	124	623	0.0	544	55.34
IBFA	WP_109716948.1	61.753	502	192	0	6	507	7	508	0.0	544	76.89
IBFA	WP_107168504.1	64.660	515	156	2	6	507	5	506	0.0	544	79.81
IBFA	WP_173887989.1	20.930	516	379	16	1	500	12	514	0.0	544	37.40
IBFA	WP_335080233.1	39.078	499	292	9	12	507	6	495	0.0	544	58.52
IBFA	WP_315585119.1	40.234	512	276	8	8	507	2	495	0.0	543	59.57
IBFA	MCH5337336.1	33.134	501	318	6	13	512	124	608	0.0	543	53.49
IBFA	WP_118502132.1	35.867	513	300	10	3	505	310	803	0.0	542	53.80
IBFA	WP_298154265.1	18.491	530	364	13	1	510	15	496	0.0	542	33.02
IBFA	MDD5364304.1	19.268	519	357	12	1	500	14	489	0.0	541	36.42
IBFA	WP_333624224.1	35.152	495	311	7	16	508	10	496	0.0	541	53.94
IBFA	WP_280023420.1	19.075	519	358	12	1	500	14	489	0.0	541	34.30
IBFA	WP_226161429.1	19.268	519	357	13	1	500	14	489	0.0	541	36.03
IBFA	NVK43917.1	22.308	520	371	16	1	499	12	519	0.0	541	39.81
IBFA	WP_234387342.1	48.729	472	234	4	1	467	160	628	0.0	541	68.64
IBFA	WP_233763318.1	33.333	498	325	5	9	504	3	495	0.0	541	52.81
IBFA	WP_288127580.1	19.536	517	354	12	2	499	1	474	0.0	541	35.78
IBFA	WP_322265453.1	21.965	519	372	16	1	499	12	517	0.0	541	40.08
IBFA	WP_054872919.1	19.498	518	355	13	1	499	14	488	0.0	540	36.68
IBFA	WP_007885860.1	66.346	520	149	2	4	510	3	509	0.0	540	79.81
IBFA	WP_197663429.1	66.089	519	150	2	4	509	3	508	0.0	540	78.03
IBFA	WP_198642527.1	39.683	504	292	8	8	507	2	497	0.0	540	57.94
IBFA	WP_394456851.1	36.727	501	304	5	8	499	6	502	0.0	540	52.50
IBFA	WP_222103281.1	19.615	520	356	12	1	501	1	477	0.0	540	35.96
IBFA	WP_363502384.1	37.600	500	303	5	10	507	12	504	0.0	539	54.60
IBFA	WP_082360295.1	20.617	519	350	12	1	500	14	489	0.0	539	35.45
IBFA	MDY2997392.1	36.345	498	296	8	14	509	328	806	0.0	539	55.02
IBFA	MCA3641051.1	18.200	511	360	14	3	499	7	473	0.0	539	33.07
IBFA	HUO81976.1	19.961	511	349	14	3	498	13	478	0.0	539	34.25
IBFA	WP_370921224.1	22.265	521	370	17	1	499	12	519	0.0	539	39.92
IBFA	WP_280130170.1	18.982	511	356	14	3	499	13	479	0.0	539	33.46
IBFA	WP_236369634.1	20.039	519	353	12	1	500	51	526	0.0	538	35.84
IBFA	WP_280552851.1	45.491	499	262	6	11	508	5	494	0.0	538	62.93
IBFA	MDR3543670.1	34.747	495	309	7	12	504	3	485	0.0	538	54.95
IBFA	MCH8535323.1	35.771	506	310	8	8	509	2	496	0.0	538	55.73
IBFA	WP_407201428.1	65.891	516	150	2	5	507	4	506	0.0	538	79.84
IBFA	WP_320399686.1	20.192	520	381	16	1	499	12	518	0.0	538	39.81
IBFA	WP_285532186.1	37.573	511	292	7	10	499	4	508	0.0	538	56.36
IBFA	AVU42873.1	49.675	461	228	3	8	467	8	465	0.0	537	69.63
IBFA	WP_200658723.1	20.650	523	353	13	1	504	14	493	0.0	537	37.28
IBFA	WP_145579624.1	64.990	517	155	2	6	509	5	508	0.0	537	78.34
IBFA	WP_175554640.1	19.923	522	384	16	1	503	12	518	0.0	537	40.04
IBFA	WP_197875058.1	21.195	519	376	16	1	499	12	517	0.0	536	38.73
IBFA	MFA5353362.1	21.154	520	378	15	1	500	12	519	0.0	536	38.46
IBFA	WP_369959651.1	22.308	520	369	17	1	499	12	517	0.0	536	39.62
IBFA	HEX3664025.1	19.141	512	354	14	3	499	15	481	0.0	536	34.77
IBFA	WP_092937779.1	19.075	519	358	12	1	500	14	489	0.0	536	35.45
IBFA	WP_272802682.1	33.654	520	305	10	10	509	4	503	0.0	535	51.54
IBFA	WP_254689724.1	20.777	515	346	14	1	500	11	478	0.0	535	34.76
IBFA	MBK5204498.1	20.841	523	380	16	1	504	12	519	0.0	535	38.62
IBFA	WP_397606316.1	16.992	512	367	14	3	500	13	480	0.0	535	33.40
IBFA	WP_253018850.1	22.308	520	371	16	1	499	46	553	0.0	535	39.42
IBFA	WP_279087394.1	22.265	521	370	15	1	499	12	519	0.0	535	39.92
IBFA	WP_161389668.1	18.787	511	357	14	3	499	13	479	0.0	535	33.66
IBFA	WP_226304553.1	21.773	519	372	16	1	498	12	517	0.0	534	39.69
IBFA	WP_260501706.1	18.200	511	359	14	3	499	23	488	0.0	534	32.88
IBFA	WP_255481405.1	22.374	514	365	16	7	499	2	502	0.0	534	40.08
IBFA	WP_301773736.1	19.238	525	358	14	1	508	47	522	0.0	534	35.62
IBFA	HEY5748982.1	34.940	498	311	8	12	507	6	492	0.0	534	53.82
IBFA	MCC6923256.1	21.346	520	377	15	1	500	12	519	0.0	534	38.27
IBFA	HBL7111663.1	19.884	518	353	13	1	499	14	488	0.0	534	36.49
IBFA	WP_260582224.1	18.596	527	369	13	2	517	12	489	0.0	534	36.05
IBFA	WP_342900745.1	22.500	520	370	15	1	499	12	519	0.0	534	39.23
IBFA	WP_300054185.1	19.653	519	355	12	1	500	14	489	0.0	533	35.65
IBFA	WP_346654343.1	19.112	518	359	13	1	499	14	490	0.0	533	35.33
IBFA	OIT16364.1	19.643	504	345	12	1	487	14	474	0.0	533	36.11
IBFA	WP_300487809.1	23.225	521	366	15	1	499	12	520	0.0	533	38.39
IBFA	WP_126794882.1	56.505	515	198	2	7	508	5	506	0.0	533	72.62
IBFA	WP_310321219.1	22.308	520	370	16	1	499	12	518	0.0	532	39.81
IBFA	OLA00230.1	34.930	501	309	6	11	510	5	489	0.0	532	54.29
IBFA	MEW6350818.1	20.231	519	352	12	1	500	14	489	0.0	532	35.07
IBFA	WP_299644087.1	18.519	513	357	14	3	499	13	480	0.0	532	33.92
IBFA	WP_207224577.1	23.046	499	354	14	20	500	4	490	0.0	532	38.68
IBFA	WP_180053693.1	35.970	531	291	8	7	514	2	506	0.0	532	52.17
IBFA	WP_120452922.1	57.390	521	195	3	1	507	1	508	0.0	532	71.98
IBFA	WP_309823725.1	18.690	519	360	12	1	500	56	531	0.0	532	34.68
IBFA	WP_081844139.1	46.916	454	232	6	10	462	4	449	0.0	532	64.10
IBFA	WP_099581827.1	21.113	521	343	13	1	501	15	487	0.0	531	34.55
IBFA	HEX6419122.1	18.821	526	361	12	1	508	16	493	0.0	531	33.46
IBFA	WP_129609186.1	20.802	524	348	14	1	501	14	493	0.0	531	35.69
IBFA	MFA5826446.1	21.497	521	375	16	1	500	12	519	0.0	531	38.00
IBFA	WP_239944494.1	22.649	521	370	15	1	500	12	520	0.0	531	36.85
IBFA	WP_136242656.1	19.623	530	361	12	1	512	16	498	0.0	531	33.96
IBFA	MDO8311400.1	22.073	521	372	16	1	500	12	519	0.0	531	38.58
IBFA	WP_285577432.1	18.832	531	363	13	1	511	15	497	0.0	531	33.71
IBFA	WP_339782262.1	19.305	518	356	13	1	499	14	488	0.0	531	35.91
IBFA	MCK4622975.1	36.750	517	314	6	2	511	3	513	0.0	531	58.61
IBFA	WP_200885820.1	19.149	517	356	13	1	498	73	546	0.0	530	34.24
IBFA	WP_361897942.1	19.772	526	358	12	1	508	16	495	0.0	530	33.46
IBFA	WP_286426000.1	36.174	528	294	8	7	514	2	506	0.0	530	54.55
IBFA	HEV3243470.1	20.157	511	349	14	3	498	15	481	0.0	530	35.62
IBFA	WP_211104488.1	19.734	527	353	14	1	506	14	491	0.0	529	36.24
IBFA	WP_119060750.1	20.802	524	345	14	1	503	14	488	0.0	529	36.07
IBFA	MFS1901155.1	22.841	521	369	15	1	500	12	520	0.0	529	38.58
IBFA	WP_082604212.1	22.649	521	369	15	1	504	12	515	0.0	528	39.54
IBFA	WP_415070071.1	18.641	515	362	15	1	503	10	479	0.0	528	34.76
IBFA	WP_221745848.1	18.893	524	360	12	1	506	16	492	0.0	528	33.40
IBFA	WP_265556770.1	21.429	518	375	15	1	498	12	517	0.0	528	38.03
IBFA	WP_215850311.1	36.634	505	309	6	10	510	4	501	0.0	528	57.23
IBFA	WP_130196553.1	20.729	521	380	15	1	500	12	520	0.0	528	38.39
IBFA	WP_255826817.1	21.346	520	373	17	1	498	12	517	0.0	527	40.00
IBFA	WP_082321636.1	19.323	502	345	12	1	485	14	472	0.0	527	35.26
IBFA	WP_088893550.1	19.188	542	366	14	1	518	15	508	0.0	527	35.42
IBFA	WP_407755822.1	20.817	514	349	14	1	502	4	471	0.0	527	37.74
IBFA	MDA8232755.1	19.020	510	355	14	3	498	13	478	0.0	527	32.75
IBFA	WP_104376476.1	18.702	524	362	12	1	506	17	494	0.0	527	33.40
IBFA	WP_319587389.1	18.340	518	361	12	1	499	14	488	0.0	527	34.94
IBFA	VFK27681.1	20.198	505	343	12	1	488	4	465	0.0	527	37.23
IBFA	MBU1230409.1	20.913	526	348	13	1	506	14	491	0.0	527	34.60
IBFA	WP_090570950.1	21.002	519	348	13	1	500	14	489	0.0	526	35.45
IBFA	WP_208157118.1	20.696	517	348	13	1	498	14	487	0.0	526	37.33
IBFA	WP_201262722.1	20.703	512	349	13	2	502	12	477	0.0	526	37.50
IBFA	WP_394022203.1	18.375	517	355	14	1	494	14	486	1.05e-180	526	33.08
IBFA	WP_190480383.1	38.105	496	296	9	12	505	6	492	1.09e-180	526	55.24
IBFA	WP_082820387.1	35.968	506	315	4	10	511	10	510	1.14e-180	527	57.71
IBFA	MCI9431722.1	33.992	506	314	6	13	512	277	768	1.21e-180	536	53.95
IBFA	UVO12347.1	19.924	527	351	13	1	506	34	510	1.22e-180	527	33.97
IBFA	WP_154344113.1	37.575	503	297	8	9	507	3	492	1.43e-180	526	57.26
IBFA	WP_085598704.1	18.787	511	352	14	3	498	13	475	1.45e-180	525	34.44
IBFA	WP_368963016.1	19.461	519	384	16	1	498	12	517	1.76e-180	527	39.69
IBFA	WP_151129351.1	20.307	522	380	17	1	500	12	519	2.02e-180	527	37.36
IBFA	WP_123721661.1	18.882	519	361	13	1	500	14	491	2.06e-180	526	35.65
IBFA	WP_380021847.1	19.619	525	355	14	1	506	16	492	2.13e-180	526	34.86
IBFA	MDD6473773.1	34.545	495	304	8	14	501	6	487	2.72e-180	525	53.13
IBFA	WP_380567916.1	19.772	526	358	12	1	508	16	495	3.38e-180	525	34.03
IBFA	WP_186970650.1	35.130	501	308	6	11	510	343	827	3.84e-180	537	54.29
IBFA	HEX5984161.1	17.442	516	365	15	2	501	12	482	3.87e-180	527	35.08
IBFA	WP_134233226.1	18.497	519	363	12	1	500	14	491	3.91e-180	525	35.65
IBFA	WP_107731714.1	21.154	520	348	12	1	501	14	490	4.39e-180	525	35.58
IBFA	MDX6272023.1	19.103	513	353	15	4	501	14	479	5.03e-180	524	34.31
IBFA	WP_313242189.1	19.374	511	350	14	3	498	13	476	5.27e-180	524	35.03
IBFA	WP_292134810.1	21.302	507	334	13	1	486	15	477	5.67e-180	524	36.69
IBFA	WP_265840000.1	38.000	500	296	7	11	508	6	493	5.79e-180	524	57.00
IBFA	WP_244390414.1	20.424	519	379	15	1	498	12	517	6.14e-180	526	38.54
IBFA	WP_317613876.1	20.881	522	379	15	1	503	12	518	6.40e-180	525	37.74
IBFA	MEQ9355622.1	19.268	519	357	12	1	500	16	491	6.45e-180	524	36.61
IBFA	HEV2640220.1	18.631	526	363	12	1	508	16	494	6.69e-180	524	33.65
IBFA	WP_193703648.1	39.539	521	279	8	8	514	2	500	6.73e-180	525	58.93
IBFA	WP_013164373.1	21.346	520	377	15	1	500	12	519	7.48e-180	525	39.04
IBFA	MBI3214702.1	19.962	526	357	12	1	509	43	521	8.16e-180	525	34.79
IBFA	WP_102381689.1	21.580	519	374	15	1	498	12	518	8.68e-180	525	38.15
IBFA	WP_182334843.1	19.846	519	356	13	1	500	14	491	8.83e-180	524	36.03
IBFA	WP_023120242.1	19.103	513	352	14	3	500	13	477	1.06e-179	523	35.67
IBFA	WP_304906726.1	21.154	520	378	15	1	500	12	519	1.21e-179	525	38.46
IBFA	MBD2014895.1	19.811	530	378	12	1	511	18	519	1.67e-179	524	36.60
IBFA	WP_235703231.1	20.189	530	355	13	1	510	14	495	2.10e-179	523	34.53
IBFA	WP_226458479.1	22.797	522	369	16	1	501	12	520	2.56e-179	524	38.12
IBFA	AXW62972.1	29.821	503	345	5	8	508	2	498	2.64e-179	523	50.30
IBFA	WP_202049838.1	18.093	514	359	15	3	501	13	479	2.78e-179	522	34.82
IBFA	WP_165310217.1	21.580	519	374	15	1	498	12	518	2.91e-179	524	37.76
IBFA	WP_186181377.1	18.726	518	359	12	1	499	14	488	3.02e-179	522	34.17
IBFA	WP_216093494.1	19.732	522	383	16	1	499	37	545	3.09e-179	524	37.55
IBFA	WP_315867331.1	20.663	513	380	15	1	498	12	512	3.18e-179	523	38.01
IBFA	WP_331007357.1	18.835	515	360	15	1	503	11	479	3.23e-179	522	35.53
IBFA	WP_192376411.1	22.073	521	371	17	1	500	12	518	3.36e-179	524	38.96
IBFA	WP_222539231.1	35.412	497	310	8	15	508	9	497	3.38e-179	522	52.31
IBFA	WP_408848540.1	22.115	520	373	15	1	500	12	519	5.09e-179	523	38.27
IBFA	WP_099317719.1	21.154	520	376	16	1	499	12	518	5.65e-179	523	38.65
IBFA	WP_171048026.1	18.939	528	363	12	1	510	16	496	6.30e-179	522	33.90
IBFA	WP_245569034.1	18.631	526	363	12	1	508	16	494	8.54e-179	522	34.22
IBFA	WP_394539815.1	19.120	523	362	13	1	504	14	494	9.06e-179	521	37.09
IBFA	WP_295888649.1	36.327	501	304	7	8	507	5	491	9.61e-179	521	53.89
IBFA	HXW26088.1	19.493	513	354	14	2	498	12	481	1.05e-178	522	35.67
IBFA	TLF80941.1	18.939	528	363	12	1	510	88	568	1.10e-178	524	33.90
IBFA	MBI5637807.1	18.787	511	356	14	3	498	7	473	1.16e-178	521	35.62
IBFA	WP_015830679.1	20.424	519	350	13	1	500	13	487	1.38e-178	521	36.42
IBFA	WP_236988091.1	18.251	526	363	13	1	503	15	496	1.48e-178	522	33.46
IBFA	WP_221237375.1	20.074	538	361	14	1	517	65	554	1.54e-178	524	34.39
IBFA	WP_271245581.1	19.245	530	363	12	1	512	16	498	1.78e-178	521	33.58
IBFA	WP_032869926.1	36.535	531	292	9	7	518	2	506	2.12e-178	521	54.99
IBFA	WP_154953909.1	19.653	519	355	12	1	500	14	489	2.15e-178	520	35.65
IBFA	WP_252951737.1	19.261	514	356	14	2	500	12	481	2.36e-178	520	35.60
IBFA	MYG53715.1	18.359	512	358	14	3	500	13	478	2.79e-178	520	33.79
IBFA	WP_318909888.1	21.224	523	344	13	1	503	15	489	3.17e-178	520	34.80
IBFA	WP_201766546.1	17.829	516	363	15	2	501	12	482	4.12e-178	519	33.72
IBFA	WP_202699563.1	22.136	515	372	16	1	499	12	513	4.80e-178	520	38.45
IBFA	HDS1519563.1	19.924	527	353	14	1	506	14	492	5.00e-178	520	35.29
IBFA	WP_346690777.1	35.586	503	309	7	8	510	2	489	5.26e-178	519	51.49
IBFA	WP_272810609.1	22.500	520	369	15	1	499	12	518	5.76e-178	520	38.85
IBFA	WP_374558951.1	17.221	511	364	14	2	498	13	478	6.13e-178	519	33.27
IBFA	WP_210265807.1	19.157	522	355	14	1	499	25	502	6.38e-178	520	36.02
IBFA	WP_084402519.1	30.616	503	341	5	8	508	2	498	9.01e-178	519	51.89
IBFA	WP_223871970.1	21.524	525	375	16	1	506	12	518	9.20e-178	520	37.71
IBFA	WP_404940170.1	20.428	514	382	15	1	499	12	513	1.07e-177	519	39.49
IBFA	WP_207789711.1	22.692	520	368	16	1	499	12	518	1.11e-177	519	39.04
IBFA	WP_252219788.1	36.641	524	290	8	7	511	2	502	1.22e-177	519	54.77
IBFA	HWA91600.1	17.773	512	362	13	2	499	12	478	1.30e-177	518	32.42
IBFA	WP_139207001.1	18.431	510	356	14	2	496	12	476	1.39e-177	518	35.10
IBFA	MBZ5541363.1	19.553	537	362	14	1	516	19	506	1.74e-177	519	34.82
IBFA	WP_162800394.1	32.932	498	317	6	11	507	20	501	1.82e-177	518	52.41
IBFA	HEY4241304.1	17.969	512	361	14	1	498	9	475	1.85e-177	517	33.98
IBFA	WP_145501411.1	23.121	519	367	15	1	499	12	518	3.19e-177	518	40.85
IBFA	WP_234570304.1	21.773	519	374	15	1	498	12	519	3.37e-177	518	39.11
IBFA	MBG0846217.1	21.195	519	376	15	1	499	12	517	3.44e-177	518	37.96
IBFA	WP_415977649.1	19.417	515	356	14	3	502	13	483	4.30e-177	517	35.73
IBFA	MBM3143180.1	20.260	538	358	14	1	518	15	501	4.95e-177	517	35.13
IBFA	WP_355321717.1	18.893	524	360	12	1	506	16	492	5.00e-177	517	33.97
IBFA	WP_291018012.1	34.280	493	307	6	14	500	6	487	5.08e-177	517	53.35
IBFA	WP_226661678.1	20.696	517	349	14	1	502	10	480	5.12e-177	517	36.36
IBFA	WP_373537051.1	19.813	535	360	14	1	512	15	503	5.52e-177	517	36.26
IBFA	WP_267428412.1	19.806	515	353	14	3	502	13	482	5.58e-177	516	35.73
IBFA	WP_048893072.1	19.924	527	357	12	1	509	16	495	5.77e-177	517	34.16
IBFA	WP_045401084.1	22.692	520	369	15	1	499	12	519	6.02e-177	518	38.08
IBFA	WP_225159161.1	20.149	536	358	15	1	516	14	499	6.41e-177	517	34.33
IBFA	HZG41487.1	20.000	530	356	13	1	510	19	500	7.16e-177	517	34.34
IBFA	WP_210186346.1	17.773	512	361	14	3	500	13	478	8.46e-177	516	33.79
IBFA	WP_263350628.1	20.416	529	353	13	1	509	15	495	9.24e-177	516	34.97
IBFA	WP_289981359.1	20.617	519	351	14	1	504	11	483	9.76e-177	516	37.38
IBFA	WP_208579067.1	17.899	514	364	13	3	504	13	480	9.79e-177	516	35.21
IBFA	WP_073590748.1	34.980	506	307	9	3	505	315	801	1.01e-176	527	53.16
IBFA	WP_013208820.1	19.325	533	362	13	1	513	21	505	1.02e-176	517	33.58
IBFA	WP_190769676.1	19.268	519	361	12	1	500	17	496	1.11e-176	516	36.42
IBFA	WP_086687654.1	38.889	468	276	7	42	507	1	460	1.75e-176	514	55.56
IBFA	WP_236227068.1	18.857	525	361	12	1	507	16	493	2.09e-176	516	33.71
IBFA	WP_137415529.1	27.203	522	355	11	6	505	4	522	2.09e-176	516	43.10
IBFA	OGL26663.1	17.105	532	380	15	2	518	26	511	2.64e-176	517	34.96
IBFA	WP_304930969.1	20.000	515	353	14	2	500	12	483	3.01e-176	516	36.70
IBFA	WP_343767445.1	21.415	523	342	13	1	499	15	492	3.17e-176	515	37.09
IBFA	WP_346504305.1	19.962	521	349	13	1	501	15	487	3.27e-176	515	35.70
IBFA	WP_251773672.1	18.321	524	363	12	1	506	16	492	3.52e-176	515	32.82
IBFA	WP_277757453.1	18.093	514	363	14	2	500	31	501	3.69e-176	515	34.24
IBFA	WP_247845704.1	21.195	519	375	15	1	498	14	519	3.74e-176	516	37.57
IBFA	WP_409331149.1	19.245	530	369	14	2	516	3	488	3.79e-176	515	33.21
IBFA	HHB75114.1	21.773	519	344	12	1	500	14	489	3.97e-176	515	36.61
IBFA	WP_141933555.1	18.476	525	365	14	2	506	12	493	4.29e-176	515	34.67
IBFA	HLJ65580.1	19.103	513	355	14	2	498	12	480	4.33e-176	514	33.53
IBFA	MBQ2883514.1	33.996	503	318	7	9	511	3	491	5.30e-176	514	52.09
IBFA	MBP6237501.1	36.454	502	303	8	9	507	3	491	5.47e-176	514	56.57
IBFA	WP_338669775.1	21.083	517	346	12	1	498	17	490	5.48e-176	514	36.17
IBFA	WP_223015292.1	21.790	514	375	15	1	499	12	513	6.68e-176	515	38.91
IBFA	WP_242669957.1	19.847	524	355	12	1	506	16	492	6.70e-176	514	34.35
IBFA	WP_390785167.1	18.456	531	368	12	1	513	16	499	7.84e-176	514	33.71
IBFA	MFB0964133.1	22.736	519	369	14	1	499	12	518	7.92e-176	515	39.11
IBFA	WP_319715218.1	20.192	520	353	13	1	501	19	495	9.34e-176	514	36.73
IBFA	WP_200870368.1	19.885	523	351	13	1	503	15	489	1.35e-175	514	34.61
IBFA	WP_206195934.1	36.759	506	306	9	8	507	2	499	1.45e-175	514	56.13
IBFA	WP_240760930.1	18.857	525	361	12	1	507	40	517	1.53e-175	514	33.71
IBFA	WP_295911596.1	20.971	515	373	16	1	494	12	513	1.81e-175	514	39.03
IBFA	WP_258618248.1	35.560	509	314	5	11	508	6	511	1.92e-175	514	55.99
IBFA	WP_230806322.1	19.729	517	353	13	1	498	16	489	2.48e-175	512	36.36
IBFA	NCC52912.1	20.039	519	353	13	1	500	16	491	2.54e-175	513	36.99
IBFA	WP_349969562.1	20.650	523	375	16	1	499	12	518	3.60e-175	513	39.58
IBFA	OQW58989.1	17.850	521	364	15	2	501	6	483	3.68e-175	512	33.59
IBFA	WP_141954600.1	19.084	524	359	12	1	506	16	492	3.83e-175	512	35.11
IBFA	WP_205901425.1	21.538	520	374	15	1	499	45	551	3.87e-175	514	39.23
IBFA	MCI9128588.1	36.162	495	299	6	16	509	329	807	4.24e-175	523	54.55
IBFA	WP_252164750.1	19.962	526	384	15	1	507	12	519	4.29e-175	513	37.64
IBFA	WP_302484079.1	34.969	489	308	6	14	498	6	488	5.53e-175	512	53.17
IBFA	WP_215350619.1	20.231	519	348	14	1	499	15	487	5.57e-175	512	35.07
IBFA	WP_316679342.1	19.545	527	389	15	1	505	12	525	5.63e-175	513	38.52
IBFA	RYD85995.1	17.736	530	372	15	3	514	13	496	5.65e-175	512	34.15
IBFA	WP_400257761.1	19.612	515	353	14	1	500	10	478	6.27e-175	511	36.12
IBFA	WP_395798830.1	19.697	528	359	12	1	510	16	496	6.62e-175	512	33.52
IBFA	MEJ0094583.1	19.329	507	349	14	6	498	14	474	7.79e-175	511	35.50
IBFA	MBK9037045.1	19.847	524	353	13	1	501	32	511	8.71e-175	512	34.54
IBFA	WP_105515856.1	18.441	526	358	14	1	506	15	489	9.51e-175	511	33.65
IBFA	WP_162460917.1	19.355	527	360	12	1	509	16	495	1.06e-174	511	33.59
IBFA	WP_245139552.1	22.457	521	370	15	1	500	12	519	1.06e-174	512	38.77
IBFA	MBN2139882.1	20.762	525	349	13	1	506	15	491	1.23e-174	511	35.81
IBFA	WP_082578342.1	19.962	526	355	14	1	504	16	497	1.25e-174	511	34.03
IBFA	WP_074188460.1	19.066	514	356	13	3	504	13	478	1.35e-174	510	35.80
IBFA	WP_115946752.1	22.664	503	358	14	1	484	12	502	1.42e-174	512	39.96
IBFA	MDE2594030.1	21.497	521	375	16	1	500	12	519	1.63e-174	512	38.20
IBFA	MCP5230615.1	19.808	520	383	15	1	499	14	520	1.73e-174	512	38.46
IBFA	WP_218142427.1	20.428	514	347	14	1	499	10	476	1.80e-174	510	34.82
IBFA	WP_243801169.1	20.117	512	347	14	3	499	14	478	1.91e-174	510	34.38
IBFA	WP_032452107.1	19.029	515	354	14	3	505	13	476	2.04e-174	510	34.95
IBFA	MBH1672476.1	18.908	513	354	14	3	500	13	478	2.10e-174	510	34.11
IBFA	WP_115510047.1	20.809	519	377	15	1	498	12	517	2.22e-174	511	38.73
IBFA	WP_329859354.1	20.881	522	346	15	4	510	14	483	2.30e-174	510	37.16
IBFA	WP_401231868.1	20.722	526	383	15	1	505	12	524	2.61e-174	511	38.21
IBFA	WP_082485807.1	19.137	533	363	13	1	513	15	499	2.67e-174	511	35.46
IBFA	WP_417012356.1	19.202	526	354	14	1	499	15	496	2.89e-174	510	37.45
IBFA	WP_156361382.1	19.619	525	352	14	1	504	15	490	3.07e-174	510	35.43
IBFA	WP_322467060.1	19.011	526	357	14	1	506	16	492	3.90e-174	511	33.84
IBFA	WP_081656598.1	19.066	514	359	12	2	502	10	479	4.63e-174	509	35.99
IBFA	WP_082152448.1	18.217	516	360	15	2	501	6	475	4.84e-174	509	35.27
IBFA	WP_164122867.1	21.965	519	373	15	1	499	12	518	5.93e-174	510	40.46
IBFA	WP_193956846.1	20.270	518	384	13	2	498	13	522	6.29e-174	510	37.26
IBFA	WP_213941056.1	21.839	522	374	15	1	501	12	520	6.33e-174	510	38.70
IBFA	WP_013347011.1	20.270	518	352	14	1	503	10	481	6.74e-174	509	36.29
IBFA	MFH0846589.1	19.478	498	342	11	1	482	14	468	8.22e-174	509	36.75
IBFA	HEX5927982.1	18.641	515	358	15	2	498	12	483	8.69e-174	511	33.98
IBFA	WP_323001617.1	21.195	519	375	15	1	498	12	517	8.77e-174	510	36.61
IBFA	MBK7215241.1	35.944	498	310	6	12	507	6	496	9.05e-174	509	54.42
IBFA	MFA7383478.1	31.809	503	336	5	10	510	4	501	9.99e-174	509	52.88
IBFA	WP_399696555.1	18.233	532	367	13	1	512	15	498	1.01e-173	509	35.15
IBFA	WP_089190852.1	18.288	514	362	13	3	504	7	474	1.34e-173	507	35.02
IBFA	WP_102989137.1	22.115	520	372	15	1	499	12	519	1.42e-173	509	39.62
IBFA	MEH6466660.1	22.885	520	368	16	1	499	12	519	1.47e-173	509	38.27
IBFA	WP_207287380.1	20.000	515	352	14	2	501	10	479	1.48e-173	507	36.50
IBFA	WP_394104863.1	17.864	515	366	12	2	503	10	480	1.92e-173	507	34.17
IBFA	WP_220119505.1	21.195	519	376	15	1	498	12	518	1.92e-173	509	39.50
IBFA	MFM5257824.1	22.351	519	371	15	1	498	12	519	1.95e-173	509	39.31
IBFA	HEA3200376.1	35.167	509	316	5	11	508	6	511	1.99e-173	509	56.19
IBFA	WP_191012103.1	37.002	527	291	8	7	514	2	506	2.25e-173	508	54.65
IBFA	MBN1172419.1	19.847	524	355	12	1	506	16	492	2.39e-173	508	34.73
IBFA	WP_325128088.1	19.423	520	385	16	1	499	12	518	3.21e-173	508	37.69
IBFA	WP_262178796.1	21.731	520	372	17	1	499	16	521	3.32e-173	508	38.27
IBFA	WP_360671735.1	19.202	526	360	12	1	508	16	494	3.98e-173	507	33.27
IBFA	WP_224415457.1	19.844	514	351	14	1	499	10	477	3.98e-173	507	36.19
IBFA	MBS4814487.1	33.929	504	319	7	8	511	2	491	4.17e-173	507	51.39
IBFA	WP_179253556.1	27.011	522	356	10	6	505	4	522	5.99e-173	508	43.68
IBFA	WP_353123096.1	34.531	501	311	7	11	507	4	491	6.96e-173	506	51.70
IBFA	MCX5997613.1	19.173	532	360	14	1	511	15	497	7.39e-173	507	35.53
IBFA	WP_124546169.1	19.386	521	353	14	1	498	15	491	7.58e-173	508	37.24
IBFA	WP_281965547.1	17.925	530	380	13	1	504	31	531	7.82e-173	508	33.02
IBFA	WP_141593122.1	19.011	526	359	13	1	506	16	494	8.38e-173	506	33.46
IBFA	WP_319888462.1	22.222	513	367	15	1	492	12	513	9.02e-173	507	37.82
IBFA	WP_257311378.1	16.473	516	374	12	2	504	10	481	9.95e-173	506	32.95
IBFA	WP_091297719.1	19.623	530	357	14	1	510	13	493	1.08e-172	506	35.85
IBFA	MDJ0773636.1	20.307	522	383	13	2	498	12	525	1.37e-172	507	38.70
IBFA	WP_186129884.1	21.965	519	373	15	1	499	12	518	1.85e-172	506	37.76
IBFA	WP_166140363.1	18.491	530	377	13	1	504	13	513	2.57e-172	506	33.21
IBFA	WP_303401904.1	18.786	527	357	13	1	500	15	497	2.63e-172	505	36.24
IBFA	WP_084183334.1	19.403	536	364	14	1	516	18	505	3.17e-172	506	34.70
IBFA	MDO9531282.1	17.704	514	367	12	2	502	10	480	3.55e-172	504	33.07
IBFA	WP_343739643.1	20.225	534	358	13	1	514	15	500	3.63e-172	505	35.96
IBFA	WP_352095367.1	18.456	531	365	14	1	511	18	500	3.65e-172	505	35.78
IBFA	WP_087687135.1	21.236	518	376	15	1	498	12	517	4.18e-172	505	37.84
IBFA	MFN4831126.1	20.849	518	380	14	2	498	13	521	4.64e-172	506	36.49
IBFA	WP_082545939.1	17.885	520	365	14	2	507	10	481	4.76e-172	504	32.50
IBFA	WP_407104754.1	18.112	519	362	15	2	500	6	481	5.03e-172	504	33.72
IBFA	WP_316188406.1	21.455	536	352	13	1	518	11	495	5.27e-172	504	38.06
IBFA	WP_285232598.1	17.864	515	356	16	3	498	13	479	5.78e-172	504	32.23
IBFA	WP_223759864.1	18.482	514	358	13	2	498	10	479	5.88e-172	504	35.80
IBFA	WP_247425124.1	17.910	536	385	13	1	510	13	519	6.13e-172	505	33.96
IBFA	MBS6052320.1	39.259	405	237	5	9	409	3	402	6.62e-172	501	59.75
IBFA	WP_184336597.1	19.923	517	379	16	1	498	12	512	7.25e-172	505	37.91
IBFA	HEV3457261.1	18.966	522	370	13	2	512	12	491	7.58e-172	505	34.67
IBFA	WP_277867221.1	20.194	515	352	14	1	500	9	479	8.46e-172	503	34.56
IBFA	WP_141282608.1	19.355	527	358	13	1	508	15	493	8.94e-172	504	33.78
IBFA	WP_159278037.1	18.058	515	365	12	2	503	10	480	8.98e-172	503	34.95
IBFA	WP_096413478.1	17.704	514	362	13	2	498	10	479	1.05e-171	503	33.85
IBFA	WP_101918635.1	19.466	524	355	13	1	504	14	490	1.13e-171	504	36.07
IBFA	WP_358377423.1	19.770	521	354	13	1	500	17	494	1.17e-171	504	35.12
IBFA	WP_205674826.1	17.087	515	360	16	3	498	13	479	1.49e-171	502	31.84
IBFA	WP_400731322.1	21.580	519	375	14	1	499	12	518	1.50e-171	504	38.34
IBFA	WP_127683123.1	20.939	511	369	15	14	506	6	499	1.66e-171	503	37.38
IBFA	OIQ23393.1	19.386	521	353	13	1	498	14	490	1.79e-171	503	35.32
IBFA	WP_391345283.1	18.421	532	382	13	1	508	15	518	1.84e-171	504	33.65
IBFA	WP_124774554.1	18.631	526	363	12	1	508	16	494	2.07e-171	503	34.03
IBFA	WP_275104098.1	19.847	524	352	13	1	504	14	489	2.11e-171	502	35.31
IBFA	WP_055005505.1	21.923	520	372	15	1	499	12	518	2.21e-171	504	39.81
IBFA	WP_158283981.1	19.650	514	353	14	2	498	12	482	2.43e-171	503	37.16
IBFA	WP_368708886.1	30.478	502	341	5	8	507	2	497	2.58e-171	503	52.79
IBFA	WP_113918123.1	20.769	520	380	15	1	499	12	520	3.08e-171	503	37.50
IBFA	WP_183396902.1	20.116	517	355	13	2	503	12	485	3.43e-171	502	34.04
IBFA	WP_149189619.1	31.089	505	325	6	13	503	9	504	3.48e-171	502	52.28
IBFA	WP_192417032.1	22.308	520	370	15	1	499	12	518	3.50e-171	503	38.85
IBFA	WP_076425047.1	21.731	520	373	16	1	499	12	518	3.61e-171	503	39.81
IBFA	WP_319909860.1	19.884	518	354	14	1	503	10	481	3.63e-171	502	35.14
IBFA	WP_018234455.1	18.252	515	365	12	2	503	10	481	3.70e-171	502	35.92
IBFA	WP_238620487.1	18.872	514	356	13	3	499	11	480	4.11e-171	501	34.82
IBFA	WP_238925123.1	18.302	530	363	14	1	509	15	495	4.50e-171	502	34.91
IBFA	WP_082264276.1	17.829	516	367	12	2	504	10	481	4.64e-171	502	34.50
IBFA	WP_230877189.1	19.961	511	354	13	4	503	5	471	5.29e-171	501	36.59
IBFA	EKN4068132.1	21.387	519	376	15	1	499	12	518	5.30e-171	502	39.88
IBFA	WP_264052198.1	19.298	513	352	14	3	500	13	478	5.39e-171	501	35.87
IBFA	WP_007805360.1	17.282	515	369	12	2	503	10	480	7.60e-171	501	34.37
IBFA	WP_126710985.1	19.962	531	368	13	1	506	14	512	8.18e-171	502	34.84
IBFA	WP_186642558.1	20.116	517	378	16	1	498	12	512	1.00e-170	502	36.75
IBFA	WP_081294337.1	18.199	522	362	14	2	501	12	490	1.05e-170	502	34.29
IBFA	MBU1263412.1	16.085	516	376	12	2	504	10	481	1.08e-170	501	31.40
IBFA	MEA5014242.1	33.202	506	327	6	9	508	3	503	1.14e-170	501	50.20
IBFA	WP_143280136.1	19.298	513	360	11	1	502	11	480	1.19e-170	500	34.89
IBFA	MDE1165494.1	20.335	477	355	14	1	464	12	476	1.25e-170	500	38.57
IBFA	WP_306380920.1	19.615	520	384	15	1	499	12	518	1.34e-170	502	38.08
IBFA	ELY4070217.1	27.626	514	346	10	13	505	12	520	1.35e-170	502	43.19
IBFA	WP_200988042.1	18.058	515	364	13	2	499	10	483	1.72e-170	500	35.73
IBFA	MBS1843880.1	17.170	530	383	14	2	518	12	498	1.89e-170	502	33.96
IBFA	WP_212337465.1	19.885	523	351	13	1	503	14	488	2.17e-170	500	34.80
IBFA	WP_184268968.1	20.921	521	348	13	1	500	17	494	2.38e-170	500	35.70
IBFA	WP_147234334.1	29.681	502	345	5	8	507	2	497	2.40e-170	500	52.59
IBFA	MEE1317252.1	32.277	505	330	10	8	508	17	513	2.61e-170	501	50.50
IBFA	WP_205280638.1	20.717	502	334	12	1	482	15	472	2.67e-170	500	35.46
IBFA	WP_085530368.1	18.835	515	357	13	2	499	10	480	2.68e-170	499	35.92
IBFA	WP_084199729.1	31.014	503	340	5	10	510	8	505	2.94e-170	500	51.49
IBFA	WP_395701358.1	20.962	520	377	16	1	499	12	518	3.03e-170	501	38.46
IBFA	WP_253138814.1	19.612	515	353	13	2	499	10	480	3.09e-170	499	35.53
IBFA	MDF7662386.1	20.194	515	350	14	1	500	10	478	3.39e-170	499	36.70
IBFA	WP_249500910.1	20.762	525	348	13	1	505	14	490	3.79e-170	499	37.52
IBFA	WP_270833298.1	19.586	531	353	14	1	506	15	496	4.26e-170	499	35.40
IBFA	MBZ5515594.1	18.421	532	367	15	2	517	12	492	4.44e-170	500	34.59
IBFA	HEF4762510.1	22.308	520	370	15	1	499	12	518	4.67e-170	500	39.04
IBFA	WP_282998084.1	22.265	521	372	15	1	500	12	520	4.68e-170	500	38.58
IBFA	WP_410038843.1	27.238	525	349	12	6	505	4	520	5.00e-170	500	43.24
IBFA	HEX5182203.1	20.663	513	348	14	2	498	12	481	5.40e-170	500	35.87
IBFA	MEA3042767.1	17.444	493	352	13	2	483	6	454	5.93e-170	498	33.67
IBFA	WP_018755184.1	21.361	529	347	13	1	508	14	494	5.96e-170	500	37.05
IBFA	WP_259883344.1	18.762	517	358	14	1	499	17	489	7.31e-170	499	36.17
IBFA	MDR3525582.1	20.644	528	350	13	1	510	11	487	7.74e-170	499	36.17
IBFA	WP_320245417.1	18.712	497	347	12	2	485	10	462	7.79e-170	498	33.60
IBFA	WP_169218236.1	20.532	526	384	13	2	501	12	529	9.61e-170	500	37.64
IBFA	WP_275629292.1	20.000	520	382	15	1	499	12	518	1.07e-169	499	35.96
IBFA	WP_390424275.1	19.011	526	361	12	1	508	16	494	1.12e-169	498	34.60
IBFA	HEX8011749.1	18.618	521	354	18	3	506	13	480	1.27e-169	497	32.44
IBFA	WP_212490995.1	20.000	515	348	13	1	494	16	487	1.31e-169	498	35.53
IBFA	WP_212742417.1	19.767	516	355	15	1	502	40	510	1.36e-169	499	36.05
IBFA	WP_105423382.1	19.065	535	367	12	1	517	16	502	1.49e-169	499	33.46
IBFA	WP_301490475.1	18.609	532	381	13	1	508	57	560	1.50e-169	501	33.46
IBFA	WP_333186992.1	20.809	519	378	14	1	498	12	518	1.66e-169	499	38.15
IBFA	WP_171574878.1	20.617	519	383	13	2	499	13	523	2.28e-169	499	37.38
IBFA	WP_391703901.1	18.985	532	379	13	1	508	15	518	2.29e-169	499	33.83
IBFA	WP_351170499.1	17.824	533	380	15	1	506	13	514	2.39e-169	498	33.58
IBFA	MCB9184333.1	20.534	487	323	12	1	467	15	457	2.83e-169	496	36.34
IBFA	XJC79889.1	18.908	513	358	14	3	503	13	479	2.96e-169	497	37.23
IBFA	WP_052528910.1	19.612	515	360	12	1	504	10	481	2.96e-169	497	35.92
IBFA	WP_255784107.1	17.681	526	368	12	1	508	16	494	3.01e-169	497	32.89
IBFA	WP_150059002.1	34.783	506	320	2	7	502	3	508	3.06e-169	498	56.13
IBFA	MCI5716092.1	33.000	500	311	10	12	507	11	490	3.30e-169	497	51.00
IBFA	WP_348422092.1	21.415	523	371	16	4	498	15	525	3.61e-169	498	38.05
IBFA	WP_253467492.1	19.231	520	353	14	1	497	3	478	3.65e-169	496	34.81
IBFA	WP_285308899.1	17.248	516	370	12	2	504	10	481	3.75e-169	496	33.14
IBFA	WP_167232022.1	20.265	528	352	14	1	508	16	494	4.76e-169	499	34.09
IBFA	WP_280470612.1	18.251	526	365	12	1	508	16	494	5.03e-169	497	31.94
IBFA	MBI4337408.1	18.843	536	372	14	1	518	14	504	5.04e-169	497	37.31
IBFA	WP_176000604.1	16.667	516	373	12	2	504	10	481	5.45e-169	496	33.14
IBFA	WP_331156060.1	16.893	515	370	12	2	503	10	479	5.84e-169	496	32.43
IBFA	WP_064869714.1	17.547	530	382	13	1	504	13	513	6.10e-169	497	32.26
IBFA	MBX7555819.1	18.113	530	378	14	1	504	13	512	6.17e-169	497	33.21
IBFA	BAZ29432.1	18.058	515	366	12	2	503	10	481	6.19e-169	496	35.92
IBFA	WP_278932566.1	19.694	523	349	14	1	496	15	493	6.84e-169	496	36.33
IBFA	WP_279496650.1	34.816	517	325	4	7	513	2	516	7.48e-169	497	55.13
IBFA	MEW5756098.1	29.051	506	352	5	8	511	9	509	7.67e-169	497	48.62
IBFA	WP_371297730.1	36.255	502	300	9	9	508	322	805	8.77e-169	507	53.78
IBFA	WP_084452703.1	20.000	500	368	15	1	481	12	498	9.36e-169	497	38.60
IBFA	MBW4423463.1	20.152	526	386	13	2	501	13	530	1.07e-168	497	37.26
IBFA	WP_217643607.1	19.619	525	356	12	1	506	16	493	1.07e-168	496	34.48
IBFA	WP_280217591.1	18.667	525	363	12	1	504	24	505	1.32e-168	496	32.19
IBFA	MCW8966371.1	20.424	519	382	14	2	499	13	521	1.34e-168	497	37.57
IBFA	WP_110818434.1	27.395	522	352	11	6	505	4	520	1.56e-168	496	44.25
IBFA	HEY4101349.1	16.667	528	384	13	3	517	20	504	2.07e-168	496	33.71
IBFA	WP_210246510.1	17.864	515	363	14	2	501	12	481	2.10e-168	495	35.53
IBFA	WP_396953181.1	18.371	528	366	12	1	510	21	501	2.12e-168	498	34.28
IBFA	WP_081926065.1	16.311	515	374	12	2	503	10	480	2.20e-168	495	33.40
IBFA	MCR4862231.1	30.785	497	330	7	11	504	3	488	2.49e-168	495	51.51
IBFA	WP_281277819.1	20.124	482	325	13	33	499	2	438	2.78e-168	493	34.85
IBFA	WP_024109666.1	27.519	516	348	10	11	505	10	520	2.90e-168	495	43.41
IBFA	WP_289066516.1	32.869	502	313	9	11	507	7	489	3.11e-168	494	50.20
IBFA	WP_133326788.1	19.209	531	361	13	1	511	14	496	4.49e-168	495	33.71
IBFA	WP_063555976.1	19.656	524	354	13	1	504	15	491	5.24e-168	494	33.59
IBFA	WP_094447983.1	32.535	501	314	8	11	506	5	486	5.46e-168	494	50.70
IBFA	MBN2580458.1	20.312	512	354	13	3	503	13	481	5.85e-168	495	34.96
IBFA	WP_295850298.1	21.195	519	376	16	1	499	12	517	6.33e-168	495	39.69
IBFA	WP_210248987.1	19.157	522	352	16	3	510	11	476	6.89e-168	493	32.76
IBFA	WP_201508315.1	19.666	539	360	15	1	518	14	500	7.56e-168	494	37.11
IBFA	OPY76060.1	20.617	519	379	15	4	499	15	523	7.83e-168	495	35.84
IBFA	WP_218889937.1	19.275	524	358	13	1	506	19	495	7.86e-168	494	35.11
IBFA	WP_117295300.1	19.380	516	359	12	2	504	10	481	8.02e-168	494	35.47
IBFA	VFK54926.1	18.726	518	359	12	1	499	14	488	9.11e-168	494	36.10
IBFA	WP_212234400.1	14.951	515	381	12	2	503	29	499	1.17e-167	494	32.23
IBFA	WP_306410145.1	20.677	532	353	13	1	514	11	491	1.17e-167	493	36.28
IBFA	WP_294693948.1	34.337	498	309	6	13	504	14	499	1.20e-167	493	53.01
IBFA	WP_279645008.1	21.305	521	376	15	1	500	12	519	1.21e-167	494	37.43
IBFA	HAO22456.1	17.510	514	368	12	2	502	10	480	1.50e-167	493	34.24
IBFA	WP_364404548.1	19.173	532	374	14	1	505	19	521	1.86e-167	494	32.89
IBFA	WP_088522883.1	18.129	513	359	13	2	497	10	478	2.02e-167	492	35.87
IBFA	WP_304306710.1	17.864	515	361	13	2	499	10	479	2.10e-167	492	33.20
IBFA	WP_209967446.1	20.077	518	379	15	1	499	12	513	2.38e-167	493	36.29
IBFA	MCV6600733.1	23.092	524	362	16	4	498	15	526	2.47e-167	494	39.50
IBFA	WP_082151119.1	17.315	514	364	13	2	498	10	479	2.65e-167	492	32.30
IBFA	WP_217719084.1	18.456	531	359	14	1	506	15	496	2.71e-167	492	35.78
IBFA	WP_165199634.1	16.505	515	374	12	2	503	10	481	2.97e-167	492	32.43
IBFA	WP_322563756.1	17.829	516	367	12	2	504	10	481	3.16e-167	492	34.88
IBFA	WP_087479891.1	19.653	519	356	15	1	504	10	482	3.81e-167	491	36.22
IBFA	TVP61307.1	21.013	533	381	15	2	502	19	543	3.86e-167	494	37.15
IBFA	WP_205954692.1	27.916	523	352	10	6	506	4	523	5.15e-167	492	43.21
IBFA	MBO4300498.1	20.583	515	349	14	2	501	12	481	5.83e-167	491	34.56
IBFA	WP_129146595.1	20.518	463	321	10	1	458	14	434	7.07e-167	489	38.01
IBFA	WP_324603801.1	60.757	423	166	0	62	484	2	424	7.07e-167	489	78.49
IBFA	WP_052718450.1	22.328	524	370	15	2	499	13	525	7.23e-167	492	39.12
IBFA	HYH01934.1	19.493	513	357	12	3	502	11	480	8.63e-167	490	34.89
IBFA	RYE18940.1	16.763	519	372	13	2	503	10	485	1.25e-166	490	35.07
IBFA	WP_368641737.1	18.959	538	366	14	1	517	15	503	1.27e-166	491	35.13
IBFA	WP_287742737.1	19.770	521	360	13	1	500	17	500	1.32e-166	490	36.47
IBFA	WP_191924747.1	27.395	522	352	11	6	505	4	520	1.34e-166	491	45.02
IBFA	NER30691.1	19.553	537	361	14	1	517	14	499	1.35e-166	490	34.45
IBFA	MBW4688133.1	20.114	527	383	14	2	500	13	529	1.40e-166	492	38.14
IBFA	WP_347435051.1	18.147	529	379	13	1	504	33	532	1.42e-166	492	32.51
IBFA	HDX4050337.1	20.802	524	380	15	1	504	12	520	1.52e-166	491	38.93
IBFA	WP_232363020.1	19.216	536	360	16	3	517	2	485	1.67e-166	490	36.01
IBFA	PLS86425.1	21.470	517	376	15	2	498	13	519	1.81e-166	491	37.33
IBFA	MBN2024694.1	20.273	513	354	13	3	504	7	475	2.12e-166	492	34.89
IBFA	WP_261643479.1	23.225	521	367	15	1	500	12	520	2.16e-166	491	38.39
IBFA	NOF32938.1	45.872	436	230	4	74	508	5	435	2.25e-166	488	65.14
IBFA	WP_312032672.1	18.726	518	357	12	1	497	23	497	2.59e-166	490	33.20
IBFA	MCA9331153.1	31.809	503	334	7	10	508	15	512	2.66e-166	490	52.49
IBFA	MCR6658669.1	19.149	517	360	13	2	503	12	485	3.07e-166	489	33.66
IBFA	WP_285888625.1	20.345	521	381	16	1	500	12	519	3.19e-166	490	37.81
IBFA	MDE6426940.1	21.483	526	345	13	1	506	14	491	3.74e-166	489	36.12
IBFA	NUP12503.1	16.148	514	375	12	2	502	10	480	4.16e-166	489	32.49
IBFA	WP_103350923.1	22.180	523	337	16	1	505	19	489	4.74e-166	489	38.24
IBFA	WP_244020388.1	20.345	521	351	14	1	500	11	488	4.80e-166	489	35.89
IBFA	WP_159178421.1	94.409	465	0	2	1	452	1	452	4.89e-166	487	94.41
IBFA	WP_074108614.1	19.650	514	359	12	1	503	10	480	5.38e-166	489	36.38
IBFA	WP_109511012.1	19.498	518	353	14	1	500	33	504	5.41e-166	490	36.68
IBFA	WP_102288952.1	20.722	526	349	13	1	506	14	491	6.72e-166	489	36.69
IBFA	HVC52489.1	18.774	522	362	12	1	503	17	495	7.35e-166	489	36.02
IBFA	WP_378843419.1	18.182	528	367	12	1	510	19	499	8.23e-166	489	34.09
IBFA	WP_274288464.1	33.540	483	305	7	26	504	2	472	9.31e-166	487	49.69
IBFA	MEZ4310764.1	17.442	516	366	13	2	500	13	485	1.00e-165	488	33.91
IBFA	MBZ5507641.1	17.790	534	378	14	3	518	7	497	1.12e-165	489	34.27
IBFA	MFL9503207.1	18.000	500	353	12	17	503	2	457	1.20e-165	487	33.60
IBFA	WP_311219483.1	21.622	518	374	15	1	498	12	517	1.23e-165	489	37.84
IBFA	MDN5768178.1	18.216	538	383	14	1	511	13	520	1.36e-165	489	32.90
IBFA	WP_077148961.1	19.397	531	360	13	1	511	14	496	1.57e-165	488	33.90
IBFA	WP_217682739.1	17.988	517	368	13	1	504	9	482	2.06e-165	487	36.75
IBFA	WP_123803181.1	26.195	523	358	12	6	505	4	521	2.13e-165	489	42.45
IBFA	WP_328231461.1	19.392	526	357	14	1	506	14	492	2.19e-165	487	36.12
IBFA	NQY53869.1	23.077	520	368	15	1	499	12	520	2.58e-165	488	37.88
IBFA	HUY41778.1	18.908	513	354	14	2	498	12	478	2.65e-165	487	35.87
IBFA	BEM53961.1	22.265	521	372	15	1	500	12	520	3.46e-165	488	38.20
IBFA	WP_260005342.1	22.031	522	369	16	4	498	15	525	3.72e-165	488	38.31
IBFA	WP_076814305.1	22.885	520	365	17	2	499	13	518	3.90e-165	488	40.77
IBFA	HLM52255.1	16.634	517	368	13	2	501	10	480	4.01e-165	486	32.69
IBFA	WP_094955921.1	30.153	524	338	12	10	512	14	530	4.32e-165	488	47.33
IBFA	WP_183566014.1	19.656	524	354	14	1	505	11	486	4.63e-165	486	36.83
IBFA	WP_034914501.1	16.860	516	372	12	2	504	10	481	4.90e-165	486	34.88
IBFA	WP_095769463.1	18.835	515	360	13	2	501	12	483	5.51e-165	486	33.59
IBFA	MBI4794487.1	20.623	514	375	15	4	495	15	517	5.70e-165	487	36.77
IBFA	MBE9050695.1	21.361	529	380	14	2	502	13	533	6.52e-165	488	37.81
IBFA	WP_172145432.1	21.154	520	376	15	1	499	12	518	1.07e-164	487	37.69
IBFA	WP_093005377.1	18.288	514	356	16	3	499	13	479	1.15e-164	485	34.05
IBFA	MBI5724517.1	17.248	516	370	12	2	504	10	481	1.17e-164	485	35.85
IBFA	WP_191008044.1	19.466	524	359	13	1	508	12	488	1.17e-164	485	35.11
IBFA	WP_305572223.1	21.538	520	374	16	1	499	12	518	1.21e-164	486	37.88
IBFA	WP_316398238.1	20.194	515	347	13	1	494	28	499	1.66e-164	486	34.76
IBFA	MDP8237269.1	18.547	523	364	12	1	504	12	491	1.69e-164	485	35.37
IBFA	WP_088967625.1	18.447	515	361	14	1	500	12	482	1.86e-164	485	36.31
IBFA	MBQ9405837.1	19.066	514	355	14	2	499	12	480	2.49e-164	484	34.63
IBFA	MBN1366541.1	22.110	493	353	14	4	476	15	496	3.06e-164	485	38.54
IBFA	HKQ08220.1	22.587	518	370	14	2	498	13	520	3.88e-164	485	37.26
IBFA	WP_349317692.1	20.265	528	351	14	1	506	14	493	3.99e-164	484	34.85
IBFA	MBL8600480.1	18.058	515	365	12	2	503	10	480	4.05e-164	484	34.37
IBFA	WP_206197061.1	19.772	526	354	13	1	506	14	491	5.01e-164	484	38.02
IBFA	WP_190907891.1	21.606	523	378	13	2	498	13	529	5.78e-164	485	39.58
IBFA	PKN86608.1	20.424	519	346	17	3	502	13	483	6.09e-164	484	36.99
IBFA	WP_025739027.1	29.771	524	342	11	10	513	14	531	6.48e-164	485	45.80
IBFA	WP_397540756.1	20.040	499	339	14	15	498	2	455	6.61e-164	482	34.47
IBFA	WP_122162684.1	20.151	531	353	14	1	512	11	489	8.03e-164	483	36.91
IBFA	WP_158891932.1	19.811	530	358	14	1	507	14	499	8.36e-164	484	35.47
IBFA	MEN8216064.1	16.966	501	360	12	17	504	2	459	8.98e-164	482	34.93
IBFA	WP_378044614.1	18.641	515	365	12	1	504	10	481	1.00e-163	483	34.76
IBFA	WP_399508288.1	18.526	529	378	13	1	505	15	514	1.02e-163	484	33.46
IBFA	WP_265370377.1	20.152	526	352	13	1	506	13	490	1.12e-163	483	35.74
IBFA	WP_186464295.1	20.881	522	364	11	1	514	11	491	1.50e-163	483	36.78
IBFA	WP_147906023.1	20.943	530	348	14	1	511	31	508	1.68e-163	483	36.60
IBFA	MBD5397594.1	34.269	499	310	8	11	506	4	487	1.79e-163	482	52.10
IBFA	WP_302338458.1	32.056	496	316	7	11	501	3	482	1.90e-163	483	51.81
IBFA	WP_320504134.1	23.417	521	366	15	1	500	12	520	2.75e-163	483	38.39
IBFA	WP_342192273.1	20.446	538	355	15	1	517	14	499	2.98e-163	482	36.80
IBFA	WP_306009572.1	19.252	535	361	15	1	515	14	497	3.57e-163	482	36.07
IBFA	WP_201169676.1	20.309	517	377	16	1	498	12	512	3.91e-163	482	37.91
IBFA	MFN6000568.1	20.650	523	384	12	2	498	27	544	4.46e-163	483	39.20
IBFA	WP_260653550.1	19.101	534	363	14	1	513	19	504	5.76e-163	482	32.02
IBFA	WP_272815423.1	21.132	530	345	14	1	509	11	488	6.72e-163	481	35.85
IBFA	WP_224023572.1	19.355	527	359	12	1	506	19	500	7.17e-163	482	33.59
IBFA	WP_372127070.1	29.401	534	351	12	2	515	5	532	1.42e-162	482	48.69
IBFA	MDY5359676.1	32.530	498	325	6	10	507	5	491	1.44e-162	480	53.41
IBFA	WP_139239439.1	20.566	530	350	14	1	511	11	488	1.45e-162	480	36.42
IBFA	WP_007883443.1	19.048	462	311	11	1	443	16	433	1.53e-162	478	35.28
IBFA	WP_025794870.1	27.495	531	359	12	5	515	10	534	2.35e-162	481	45.76
IBFA	WP_070324480.1	18.810	521	359	13	1	500	18	495	2.45e-162	480	33.78
IBFA	WP_304232405.1	31.788	453	303	4	52	502	126	574	2.62e-162	482	52.10
IBFA	WP_285051847.1	20.498	522	379	16	1	499	12	520	2.64e-162	480	39.08
IBFA	WP_305695900.1	21.731	520	343	14	1	499	11	487	2.88e-162	479	36.54
IBFA	WP_273799515.1	25.763	524	363	10	4	506	3	521	2.92e-162	480	42.56
IBFA	WP_265896268.1	19.852	539	359	15	1	518	14	500	3.45e-162	479	36.18
IBFA	WP_182788232.1	19.103	513	356	15	4	500	22	491	3.56e-162	479	34.70
IBFA	WP_264624961.1	18.959	538	363	15	1	517	14	499	3.92e-162	479	35.87
IBFA	WP_255459362.1	17.811	539	379	14	1	511	14	516	4.14e-162	480	32.47
IBFA	WP_283566300.1	35.019	514	317	7	10	510	4	513	4.15e-162	480	53.89
IBFA	WP_296661730.1	21.020	490	358	13	29	499	3	482	4.82e-162	479	38.98
IBFA	WP_124328460.1	21.521	539	350	15	1	518	14	500	5.05e-162	479	36.92
IBFA	HEA3088186.1	31.238	509	328	11	8	504	14	512	5.95e-162	479	47.94
IBFA	RKZ75583.1	17.442	516	370	12	2	504	10	482	6.35e-162	478	34.30
IBFA	WP_213052349.1	19.367	537	362	14	1	517	14	499	7.29e-162	479	33.71
IBFA	WP_079518862.1	20.152	526	357	13	1	510	12	490	9.26e-162	478	35.17
IBFA	MEO6804940.1	19.811	530	355	14	1	508	13	494	9.73e-162	478	35.09
IBFA	WP_239924428.1	29.588	534	350	12	2	515	5	532	9.75e-162	480	48.50
IBFA	HZF55350.1	19.336	512	353	14	3	499	13	479	9.88e-162	477	34.18
IBFA	WP_278950340.1	19.392	526	356	13	1	506	14	491	1.02e-161	478	35.74
IBFA	HEX4031997.1	17.562	484	342	13	35	501	2	445	1.21e-161	478	36.16
IBFA	WP_200654467.1	16.061	523	375	14	2	506	48	524	1.26e-161	479	33.08
IBFA	WP_112404376.1	28.679	530	352	12	7	516	12	535	1.40e-161	479	46.42
IBFA	WP_073096131.1	18.975	527	358	14	1	506	14	492	2.02e-161	477	33.78
IBFA	WP_213152854.1	29.283	502	348	5	10	509	3	499	2.03e-161	477	50.20
IBFA	WP_202801833.1	18.764	437	302	10	1	428	14	406	2.18e-161	474	36.16
IBFA	NLT54990.1	19.374	511	346	13	17	506	1	466	2.33e-161	476	33.86
IBFA	WP_330966341.1	19.202	526	360	13	1	509	39	516	2.48e-161	478	34.41
IBFA	WP_190726954.1	19.137	533	363	13	1	513	14	498	2.82e-161	477	33.77
IBFA	WP_239546393.1	19.066	514	356	13	4	498	20	492	3.33e-161	477	36.77
IBFA	WP_254980161.1	18.130	524	364	13	1	504	14	492	3.35e-161	477	34.73
IBFA	WP_334396127.1	19.639	499	337	13	17	494	1	456	4.32e-161	475	36.07
IBFA	WP_081682137.1	20.769	520	380	15	1	500	12	519	4.37e-161	477	39.23
IBFA	WP_223908146.1	18.251	526	373	13	1	505	13	502	4.58e-161	477	34.03
IBFA	WP_169875177.1	19.209	531	361	14	1	511	14	496	4.71e-161	477	35.03
IBFA	WP_171929522.1	22.286	525	368	15	3	503	2	510	4.73e-161	477	40.76
IBFA	WP_250634314.1	21.154	520	376	16	1	499	12	518	4.82e-161	477	36.54
IBFA	WP_210248296.1	20.122	492	333	14	24	500	34	480	5.01e-161	476	33.13
IBFA	WP_369997699.1	18.857	525	355	13	1	505	19	492	5.08e-161	477	34.48
IBFA	PKP78342.1	18.690	519	358	15	1	499	11	485	6.89e-161	475	35.65
IBFA	WP_279751600.1	30.357	504	329	11	13	504	19	512	7.74e-161	477	50.40
IBFA	WP_121188233.1	19.439	535	368	14	1	507	14	513	8.29e-161	477	34.95
IBFA	WP_134527829.1	23.417	521	366	15	1	500	12	520	1.00e-160	477	39.35
IBFA	WP_202855254.1	19.774	531	354	13	1	507	15	497	1.10e-160	475	36.16
IBFA	WP_109374672.1	29.310	522	344	11	8	510	29	544	1.18e-160	477	47.51
IBFA	WP_201251630.1	26.286	525	358	11	5	505	4	523	1.27e-160	476	44.00
IBFA	WP_409442786.1	22.222	522	371	16	1	500	12	520	1.30e-160	476	38.12
IBFA	WP_360228768.1	19.688	513	353	15	4	500	19	488	1.31e-160	475	37.04
IBFA	NPA71645.1	20.676	503	335	13	1	482	14	473	1.49e-160	475	36.18
IBFA	WP_314193424.1	19.331	538	376	14	1	514	13	516	1.78e-160	476	33.64
IBFA	WP_157069550.1	18.395	511	357	14	4	499	15	480	2.04e-160	474	36.99
IBFA	WP_356158991.1	19.493	513	354	15	4	500	23	492	2.48e-160	474	34.89
IBFA	MES1191378.1	30.572	507	341	6	8	507	22	524	3.01e-160	475	50.30
IBFA	MBR1629414.1	22.053	526	343	13	1	507	14	491	3.48e-160	474	35.93
IBFA	WP_234124656.1	19.924	527	358	12	1	508	14	495	3.66e-160	474	35.48
IBFA	MEP5178857.1	23.482	494	341	14	33	499	5	488	3.99e-160	474	38.46
IBFA	WP_045139657.1	22.803	478	338	14	1	459	12	477	5.95e-160	473	40.17
IBFA	WP_233658734.1	18.336	529	377	14	1	505	13	510	5.99e-160	474	34.03
IBFA	WP_141381589.1	17.064	545	374	14	1	518	19	512	6.98e-160	475	32.48
IBFA	WP_373834902.1	33.465	505	308	12	11	502	6	495	8.63e-160	473	49.90
IBFA	WP_222574579.1	21.989	523	370	15	3	498	14	525	8.65e-160	474	38.24
IBFA	WP_302818024.1	33.895	475	304	6	35	507	28	494	9.71e-160	473	53.05
IBFA	WP_291314010.1	18.318	535	371	17	1	506	16	513	1.10e-159	474	33.64
IBFA	GAB0731377.1	28.632	468	311	11	6	456	4	465	1.20e-159	472	44.66
IBFA	WP_204876837.1	18.713	513	354	14	10	501	18	488	1.21e-159	473	35.09
IBFA	WP_200487455.1	21.387	519	345	14	1	498	17	493	1.46e-159	473	36.61
IBFA	WP_066399481.1	38.462	429	252	5	92	518	1	419	1.91e-159	469	57.34
IBFA	WP_408388924.1	21.415	509	367	14	2	488	13	510	2.03e-159	474	36.94
IBFA	MFK2054091.1	20.621	451	305	10	1	442	15	421	2.85e-159	469	37.47
IBFA	WP_239704332.1	19.703	472	317	11	1	453	14	442	3.00e-159	470	36.02
IBFA	WP_373736767.1	35.573	506	299	10	12	503	9	501	3.11e-159	472	52.37
IBFA	PKM40307.1	33.735	498	319	7	8	503	2	490	3.17e-159	472	54.22
IBFA	WP_177228514.1	20.117	512	351	14	3	498	8	477	4.15e-159	471	37.11
IBFA	WP_141341418.1	29.699	532	348	12	2	513	5	530	4.95e-159	473	48.50
IBFA	WP_160453053.1	24.390	533	356	12	6	505	4	522	6.32e-159	472	39.40
IBFA	WP_235423248.1	26.602	515	351	11	13	505	4	513	8.33e-159	471	43.50
IBFA	WP_023172600.1	16.667	516	368	13	2	500	13	483	1.01e-158	470	34.50
IBFA	HTS78825.1	18.623	494	342	13	17	498	1	446	1.66e-158	469	34.62
IBFA	WP_403353175.1	18.147	529	378	15	1	505	13	510	2.14e-158	470	33.65
IBFA	WP_395894569.1	19.450	509	356	12	5	500	12	479	2.22e-158	469	35.95
IBFA	WP_222314461.1	19.922	512	351	15	4	499	9	477	2.32e-158	469	35.55
IBFA	WP_194411285.1	19.540	522	357	13	1	506	12	486	2.58e-158	469	35.44
IBFA	WP_322065561.1	21.308	535	383	15	2	514	13	531	2.88e-158	471	37.94
IBFA	WP_131867959.1	26.806	526	355	11	6	506	5	525	3.52e-158	470	43.16
IBFA	WP_196437669.1	23.433	367	259	7	1	362	14	363	4.41e-158	464	40.87
IBFA	WP_126115804.1	20.769	520	348	14	1	499	11	487	5.23e-158	468	36.54
IBFA	WP_052270545.1	20.074	538	358	15	1	517	14	500	6.81e-158	469	36.43
IBFA	WP_337461847.1	15.577	520	380	14	2	504	8	485	7.97e-158	468	32.50
IBFA	WP_291498261.1	20.122	492	343	11	2	484	10	460	9.49e-158	468	37.60
IBFA	RST07294.1	19.223	515	357	15	3	500	20	492	1.34e-157	467	34.37
IBFA	MDD4059970.1	18.482	514	361	15	1	500	1	470	1.38e-157	467	37.55
IBFA	WP_261658767.1	23.371	445	312	13	1	428	12	444	1.45e-157	466	40.90
IBFA	WP_020588868.1	20.809	519	382	14	2	503	13	519	1.46e-157	469	41.81
IBFA	WP_166511490.1	19.298	513	352	14	1	498	10	475	1.48e-157	467	36.26
IBFA	WP_000777802.1	18.824	510	369	15	2	498	12	489	1.79e-157	467	36.67
IBFA	WP_115349475.1	25.617	527	340	11	13	505	12	520	1.84e-157	468	40.80
IBFA	NOY52720.1	19.883	513	359	12	2	504	11	481	1.98e-157	467	34.31
IBFA	WP_008500469.1	19.926	537	359	14	1	517	14	499	2.06e-157	467	35.01
IBFA	WP_006501808.1	19.101	534	368	15	1	506	15	512	2.17e-157	468	35.02
IBFA	WP_105466941.1	24.390	533	356	12	6	505	4	522	2.28e-157	468	39.40
IBFA	WP_366771091.1	18.336	529	377	13	1	505	13	510	2.35e-157	468	34.03
IBFA	WP_263733087.1	20.983	529	375	16	3	505	14	525	3.00e-157	468	38.19
IBFA	WP_311227846.1	19.852	539	359	14	1	516	19	507	3.14e-157	467	33.95
IBFA	MDE0703200.1	19.962	521	383	16	2	500	13	521	3.34e-157	467	38.77
IBFA	HEV8693801.1	18.555	512	356	15	2	498	12	477	4.05e-157	466	33.79
IBFA	MBR9953426.1	21.456	522	373	15	3	500	14	522	4.29e-157	467	37.36
IBFA	WP_182313198.1	20.858	513	347	15	4	500	9	478	4.52e-157	466	36.45
IBFA	MBI4643310.1	21.798	445	322	12	4	432	15	449	5.86e-157	465	37.53
IBFA	MBO4980784.1	20.345	521	381	17	3	502	14	521	6.85e-157	467	38.77
IBFA	WP_116166369.1	19.608	510	369	13	3	501	13	492	8.05e-157	465	37.06
IBFA	WP_139282486.1	20.690	522	343	14	5	507	15	484	8.85e-157	465	35.63
IBFA	WP_327176401.1	19.650	514	354	15	3	499	20	491	1.14e-156	465	35.21
IBFA	WP_233312257.1	19.331	538	370	14	1	507	11	515	1.29e-156	466	33.27
IBFA	WP_213543052.1	22.692	520	372	14	3	501	14	524	1.29e-156	466	38.65
IBFA	HVZ41375.1	20.307	522	385	14	3	503	14	525	1.65e-156	466	35.82
IBFA	WP_184685400.1	18.077	520	369	13	17	511	1	488	1.86e-156	464	32.12
IBFA	MBD1811548.1	45.370	432	230	3	80	509	1	428	2.69e-156	462	63.19
IBFA	WP_087313864.1	18.908	513	349	13	1	493	15	480	3.57e-156	464	36.06
IBFA	WP_371175812.1	29.038	520	340	12	4	501	7	519	3.73e-156	465	47.50
IBFA	NBH98988.1	16.923	520	373	14	2	504	8	485	4.56e-156	463	32.69
IBFA	MDH5652630.1	19.531	512	360	12	2	503	9	478	4.63e-156	463	34.38
IBFA	WP_096431950.1	19.615	520	385	14	4	499	15	525	5.12e-156	465	37.31
IBFA	WP_267635559.1	19.772	526	350	16	1	495	8	492	5.14e-156	464	34.41
IBFA	WP_242461867.1	19.861	433	291	12	3	427	13	397	5.36e-156	460	36.26
IBFA	WP_234049635.1	25.234	535	349	11	6	505	4	522	5.64e-156	464	40.75
IBFA	WP_157607022.1	18.252	515	367	12	2	504	9	481	5.70e-156	463	36.70
IBFA	WP_168631490.1	19.238	525	358	14	1	509	12	486	6.13e-156	463	33.52
IBFA	WP_138998862.1	19.961	516	353	15	4	501	21	494	7.93e-156	463	37.79
IBFA	MDO5408605.1	22.158	519	368	15	3	498	14	519	1.01e-155	464	37.76
IBFA	WP_071165809.1	21.154	520	378	15	2	498	13	523	1.10e-155	464	38.08
IBFA	WP_244566007.1	93.981	432	0	2	1	419	1	419	1.10e-155	460	93.98
IBFA	WP_308684931.1	31.250	528	315	12	14	500	6	526	1.21e-155	464	48.30
IBFA	WP_156907393.1	19.847	524	380	17	3	498	14	525	1.36e-155	464	39.50
IBFA	MBQ7618084.1	19.483	503	348	14	4	496	14	469	1.85e-155	462	36.38
IBFA	MDP8966924.1	51.213	371	175	4	9	378	3	368	2.28e-155	457	65.77
IBFA	WP_292180627.1	18.641	515	358	13	1	497	11	482	2.32e-155	462	34.17
IBFA	WP_278190152.1	21.328	497	356	15	22	494	1	486	2.67e-155	462	37.63
IBFA	WP_373242256.1	19.885	523	376	15	3	505	14	513	2.69e-155	462	38.24
IBFA	MDP1615411.1	20.930	516	375	16	4	499	15	517	2.87e-155	462	36.05
IBFA	WP_154145987.1	19.527	507	367	13	3	498	13	489	2.88e-155	462	37.48
IBFA	WP_035983910.1	20.345	521	343	15	1	496	11	484	3.53e-155	461	34.17
IBFA	WP_255776053.1	18.738	539	372	14	1	507	11	515	3.78e-155	462	31.54
IBFA	WP_288071076.1	31.600	500	326	6	13	509	5	491	4.55e-155	461	51.40
IBFA	HGE8418870.1	21.229	537	352	14	1	517	10	495	4.83e-155	461	35.38
IBFA	WP_275308065.1	19.192	495	345	14	3	484	20	472	6.96e-155	460	34.34
IBFA	WP_236830116.1	18.908	513	358	14	3	499	19	489	1.15e-154	460	33.53
IBFA	WP_148612633.1	46.250	400	182	7	9	395	3	382	1.69e-154	455	60.00
IBFA	WP_130841799.1	19.708	548	365	15	1	507	17	530	2.07e-154	461	33.76
IBFA	WP_224868377.1	36.595	511	312	4	11	511	6	514	2.11e-154	461	53.03
IBFA	WP_271754594.1	17.647	510	366	12	2	500	11	477	2.93e-154	459	33.73
IBFA	SCH45919.1	19.808	520	383	14	3	506	14	515	3.77e-154	460	39.04
IBFA	WP_219644147.1	23.321	536	359	12	4	505	3	520	4.08e-154	460	39.74
IBFA	WP_337264539.1	19.643	504	364	13	3	495	13	486	6.56e-154	458	37.70
IBFA	MDX2078164.1	19.778	541	353	13	1	508	15	507	6.98e-154	459	36.23
IBFA	WP_239343340.1	19.844	514	347	14	4	494	17	488	7.14e-154	458	35.21
IBFA	WP_243342181.1	18.324	513	360	15	4	499	21	491	8.86e-154	458	33.92
IBFA	MBK4279678.1	18.792	447	311	11	72	499	4	417	1.05e-153	455	34.45
IBFA	WP_269551192.1	17.427	482	350	12	1	456	13	472	1.15e-153	459	32.99
IBFA	WP_138555351.1	26.448	518	353	13	9	506	17	526	1.27e-153	459	46.53
IBFA	WP_173153857.1	21.442	513	345	15	4	500	17	487	1.49e-153	457	37.23
IBFA	WP_327134098.1	20.273	513	346	16	3	495	26	495	1.50e-153	457	36.06
IBFA	WP_261408198.1	19.020	510	372	14	3	501	13	492	1.70e-153	457	38.63
IBFA	WP_012389144.1	19.178	511	356	12	3	498	10	478	2.20e-153	457	35.62
IBFA	WP_081974076.1	20.117	512	351	14	4	499	21	490	2.36e-153	457	35.74
IBFA	WP_236382590.1	27.573	515	346	10	13	505	12	521	2.65e-153	458	43.88
IBFA	WP_309261183.1	17.320	485	342	12	34	501	3	445	2.72e-153	455	31.75
IBFA	WP_344559241.1	18.235	510	358	15	7	500	25	491	2.75e-153	457	35.88
IBFA	MFQ1772829.1	28.654	520	345	11	8	507	12	525	3.60e-153	458	46.73
IBFA	WP_203084869.1	34.455	505	301	12	12	502	5	493	3.68e-153	457	51.09
IBFA	WP_416633450.1	19.423	520	358	15	1	508	9	479	4.39e-153	455	35.96
IBFA	WP_361850543.1	18.941	491	347	12	1	467	13	476	4.55e-153	456	34.01
IBFA	WP_377529117.1	30.210	523	328	9	10	511	15	521	5.14e-153	457	50.67
IBFA	WP_123046638.1	17.293	532	364	14	1	509	19	497	6.27e-153	457	33.08
IBFA	MBR3585159.1	22.736	519	372	14	2	500	14	523	6.68e-153	457	38.34
IBFA	MBP1544501.1	34.815	405	254	4	14	412	6	406	6.89e-153	452	53.83
IBFA	WP_089544607.1	32.079	505	318	7	10	507	5	491	7.39e-153	455	50.30
IBFA	NLI91237.1	19.508	528	356	14	1	508	15	493	7.41e-153	455	34.66
IBFA	MCL2009804.1	17.864	515	367	14	3	501	9	483	9.56e-153	455	34.76
IBFA	WP_325438531.1	18.129	513	372	14	2	500	12	490	1.00e-152	455	35.48
IBFA	MCR5030155.1	22.073	521	372	14	2	501	13	520	1.04e-152	456	38.39
IBFA	WP_270834457.1	32.394	497	320	6	14	503	6	493	1.11e-152	455	50.30
IBFA	KAF5425678.1	18.831	462	322	10	1	453	14	431	1.11e-152	453	35.28
IBFA	MDD6796912.1	20.729	521	378	16	2	500	13	520	1.15e-152	456	38.58
IBFA	HCF0951506.1	23.342	377	261	8	1	372	19	372	1.29e-152	451	40.32
IBFA	WP_280256189.1	21.637	513	342	14	6	500	22	492	1.32e-152	455	36.06
IBFA	WP_035602684.1	19.569	511	356	12	2	498	9	478	1.50e-152	454	33.27
IBFA	WP_373970585.1	21.206	514	347	14	3	500	16	487	1.68e-152	454	37.94
IBFA	MDR2579426.1	17.021	517	373	15	1	501	7	483	1.75e-152	454	33.66
IBFA	WP_260467725.1	20.276	508	364	13	3	499	14	491	2.29e-152	454	36.61
IBFA	WP_128150965.1	24.201	438	311	12	2	426	13	442	2.95e-152	454	40.41
IBFA	WP_357499317.1	20.000	495	340	14	2	483	23	474	3.18e-152	454	36.16
IBFA	ELO1557282.1	25.126	398	275	11	1	382	12	402	3.19e-152	450	41.46
IBFA	WP_270389666.1	16.216	518	377	12	1	500	7	485	3.22e-152	454	34.36
IBFA	WP_126859875.1	19.767	516	353	14	5	506	18	486	3.61e-152	454	37.98
IBFA	WP_227470338.1	16.327	441	316	11	2	433	10	406	3.98e-152	451	34.69
IBFA	WP_276795277.1	22.917	480	306	12	1	460	14	449	4.07e-152	452	35.42
IBFA	WP_186383458.1	19.268	519	354	15	3	498	23	499	4.62e-152	454	35.65
IBFA	WP_165112023.1	17.877	537	377	14	1	507	12	514	4.76e-152	454	31.66
IBFA	WP_285215451.1	18.715	529	360	14	1	510	14	491	4.97e-152	454	34.22
IBFA	WP_182114261.1	18.250	537	375	13	1	507	12	514	5.73e-152	454	30.73
IBFA	WP_218552723.1	21.480	419	275	11	22	430	1	375	6.90e-152	449	36.28
IBFA	WP_202982198.1	23.167	341	242	6	1	338	16	339	7.98e-152	447	43.11
IBFA	WP_268127621.1	18.992	516	354	14	4	497	39	512	8.36e-152	454	35.47
IBFA	WP_208135737.1	28.488	516	349	12	13	516	17	524	9.46e-152	454	46.90
IBFA	MBU0507814.1	18.773	538	364	14	1	514	14	502	1.18e-151	453	36.62
IBFA	WP_137281326.1	16.636	541	379	14	1	507	12	514	1.29e-151	453	29.94
IBFA	DAL71354.1	30.400	500	328	8	13	504	7	494	1.35e-151	452	48.60
IBFA	WP_298445793.1	30.813	529	328	6	8	513	3	516	1.40e-151	453	49.53
IBFA	WP_285669265.1	18.787	511	371	14	2	500	12	490	1.44e-151	452	37.18
IBFA	WP_357882793.1	20.307	522	351	13	17	507	1	488	1.44e-151	452	32.57
IBFA	MCW5900533.1	20.921	521	366	16	4	501	15	512	1.74e-151	453	37.43
IBFA	WP_166690162.1	28.960	404	272	6	6	395	4	406	3.67e-151	448	44.55
IBFA	MEK6334124.1	18.830	547	357	15	1	507	21	520	3.88e-151	452	33.82
IBFA	WP_100122096.1	18.701	508	372	14	3	499	13	490	4.00e-151	451	36.81
IBFA	WP_173766928.1	17.121	514	367	11	4	498	12	485	6.87e-151	450	34.05
IBFA	WP_307977382.1	20.532	526	350	13	1	506	14	491	6.98e-151	450	35.93
IBFA	WP_074444609.1	19.921	507	364	13	2	497	12	487	8.26e-151	450	35.31
IBFA	EOB4973543.1	33.458	535	326	6	11	518	6	537	8.50e-151	452	54.39
IBFA	WP_119195593.1	26.096	479	317	10	6	462	4	467	1.11e-150	450	41.34
IBFA	MES2743487.1	20.523	497	354	14	3	488	13	479	1.83e-150	449	36.62
IBFA	WP_024640303.1	19.298	513	373	13	3	504	13	495	2.25e-150	449	36.26
IBFA	WP_235373621.1	30.057	529	341	13	8	513	9	531	2.49e-150	450	47.07
IBFA	WP_364094343.1	19.727	512	352	16	4	499	22	490	2.73e-150	449	34.38
IBFA	WP_181193078.1	20.000	560	370	14	1	517	15	539	3.09e-150	450	33.57
IBFA	MEZ5764690.1	22.274	431	310	9	1	423	17	430	3.89e-150	446	39.91
IBFA	WP_341392894.1	19.149	517	347	16	3	502	18	480	4.29e-150	449	36.36
IBFA	WP_193358068.1	20.000	505	363	13	3	496	13	487	4.41e-150	448	39.01
IBFA	MDD6015278.1	29.577	497	327	8	8	500	4	481	4.54e-150	448	45.47
IBFA	WP_258452422.1	28.327	526	354	13	5	518	10	524	5.26e-150	449	46.58
IBFA	WP_155401736.1	17.817	449	317	10	72	501	8	423	6.12e-150	445	34.08
IBFA	WP_241574778.1	19.685	508	367	14	3	499	13	490	6.18e-150	448	38.78
IBFA	WP_391875631.1	19.261	514	352	16	3	496	4	474	9.25e-150	447	35.02
IBFA	WP_371729361.1	29.198	524	348	13	5	516	10	522	9.78e-150	449	45.99
IBFA	WP_165894148.1	19.216	510	371	13	2	500	12	491	9.90e-150	448	37.25
IBFA	WP_205870076.1	20.158	506	361	14	3	496	101	575	1.09e-149	451	37.55
IBFA	HDR2357156.1	28.475	446	298	9	13	441	4	445	1.75e-149	445	45.52
IBFA	WP_075693690.1	20.683	556	360	14	1	506	17	541	2.35e-149	449	32.01
IBFA	WP_285247767.1	18.582	522	361	17	3	506	18	493	2.69e-149	447	37.36
IBFA	MFR1369565.1	21.382	463	301	11	1	444	14	432	3.01e-149	444	37.15
IBFA	WP_036013240.1	18.902	492	337	12	30	500	43	493	3.41e-149	446	32.93
IBFA	WP_102096452.1	20.539	482	345	11	3	476	13	464	4.53e-149	445	38.17
IBFA	WP_061308131.1	16.054	517	376	13	3	503	9	483	6.95e-149	445	35.20
IBFA	WP_161556522.1	23.046	499	352	14	33	512	2	487	7.07e-149	445	38.08
IBFA	WP_266039320.1	18.129	513	361	16	3	498	20	490	7.87e-149	445	34.89
IBFA	MDR1649992.1	16.311	515	375	14	3	501	15	489	1.02e-148	445	35.15
IBFA	EJL6489006.1	49.025	359	175	5	10	367	4	355	1.05e-148	440	65.74
IBFA	WP_166318665.1	18.577	506	369	14	2	496	12	485	1.46e-148	444	36.56
IBFA	WP_083930861.1	20.762	525	379	15	4	508	15	522	1.66e-148	445	36.57
IBFA	WP_110550855.1	21.616	495	325	14	7	478	59	513	1.85e-148	446	35.15
IBFA	WP_308929728.1	19.038	520	344	17	3	502	18	480	2.85e-148	444	36.15
IBFA	WP_077434781.1	29.783	507	313	11	7	499	2	479	3.01e-148	443	46.55
IBFA	MBE5317232.1	29.960	504	338	6	13	507	7	504	4.04e-148	444	48.81
IBFA	WP_364076998.1	19.029	515	354	15	3	496	16	488	5.99e-148	443	35.53
IBFA	WP_329087756.1	20.962	520	344	17	3	500	16	490	9.36e-148	442	36.73
IBFA	HXQ72477.1	18.182	561	356	14	1	500	18	536	1.20e-147	444	32.80
IBFA	WP_205466032.1	19.208	505	367	13	3	496	13	487	1.90e-147	442	36.44
IBFA	HEY8095129.1	21.703	364	258	8	1	355	15	360	2.48e-147	436	36.54
IBFA	WP_367402612.1	20.309	517	353	15	4	506	17	488	3.80e-147	441	35.98
IBFA	WP_126512558.1	21.628	430	315	12	83	499	5	425	3.81e-147	438	39.53
IBFA	WP_045510839.1	25.631	515	355	10	13	505	16	524	3.96e-147	442	45.83
IBFA	WP_279367842.1	20.040	504	342	14	17	501	1	462	3.98e-147	440	36.31
IBFA	WP_181428637.1	21.633	490	321	14	12	478	2	451	4.17e-147	440	35.31
IBFA	WP_189373994.1	20.040	504	362	13	3	495	13	486	5.04e-147	440	36.71
IBFA	WP_186487348.1	18.217	516	389	16	2	500	13	512	8.84e-147	441	37.79
IBFA	HYX72113.1	17.550	547	351	14	1	491	16	518	9.86e-147	441	34.00
IBFA	WP_348944523.1	32.335	501	321	6	16	506	28	520	1.29e-146	440	53.29
IBFA	MFR5898608.1	18.654	520	359	15	10	512	22	494	1.47e-146	439	33.27
IBFA	RJX36265.1	18.652	445	309	11	2	437	10	410	1.78e-146	436	34.83
IBFA	WP_170847317.1	20.273	513	349	14	4	500	17	485	1.80e-146	439	35.87
IBFA	WP_179358062.1	21.648	522	370	16	2	498	13	520	2.46e-146	440	40.80
IBFA	WP_248211264.1	27.833	503	350	7	13	507	7	504	2.70e-146	439	47.51
IBFA	WP_342198984.1	32.759	406	265	6	13	414	19	420	3.74e-146	436	52.71
IBFA	WP_225285989.1	19.493	513	354	15	4	498	20	491	3.87e-146	439	36.65
IBFA	WP_137516239.1	20.335	418	305	10	2	410	12	410	7.20e-146	435	39.23
IBFA	WP_282500233.1	28.947	532	349	11	8	517	8	532	1.00e-145	439	48.12
IBFA	WP_265992441.1	31.774	513	324	8	17	508	1	508	1.10e-145	438	53.41
IBFA	WP_121623931.1	19.565	506	364	14	3	496	13	487	1.18e-145	437	37.94
IBFA	WP_153744455.1	20.194	515	352	15	4	505	17	485	2.16e-145	436	37.09
IBFA	MFN7883813.1	24.932	369	250	8	1	360	14	364	3.71e-145	431	40.11
IBFA	WP_320880403.1	21.165	515	373	15	3	500	14	512	6.10e-145	436	38.83
IBFA	MBD5560341.1	18.893	524	361	14	3	499	11	497	6.36e-145	435	35.11
IBFA	WP_212273141.1	17.268	388	297	10	2	380	29	401	7.02e-145	432	35.57
IBFA	WP_206824804.1	22.222	513	339	15	4	500	17	485	8.87e-145	435	37.23
IBFA	GAA0695205.1	39.627	429	231	6	91	507	2	414	1.18e-144	432	59.91
IBFA	MBM7518256.1	19.665	478	326	12	40	498	2	440	1.76e-144	433	36.82
IBFA	WP_115061293.1	30.407	467	296	11	6	447	21	483	1.83e-144	433	48.18
IBFA	WP_379134601.1	17.025	511	365	11	7	498	15	485	1.88e-144	434	34.83
IBFA	MFN4121650.1	16.408	451	325	10	69	500	13	430	1.89e-144	432	33.04
IBFA	WP_169549377.1	33.142	522	323	8	8	508	10	526	2.06e-144	435	53.64
IBFA	KPQ38919.1	37.938	514	295	9	10	507	8	513	2.32e-144	435	56.61
IBFA	WP_215270544.1	31.735	438	276	8	4	420	7	442	2.64e-144	432	50.00
IBFA	WP_303856370.1	18.821	441	306	10	87	508	1	408	2.71e-144	430	33.79
IBFA	WP_032657791.1	26.136	528	363	11	1	505	1	524	2.79e-144	435	45.27
IBFA	WP_232234781.1	21.594	389	274	10	1	377	14	383	5.28e-144	430	37.53
IBFA	WP_396556371.1	20.476	420	299	10	21	429	2	397	7.89e-144	429	35.71
IBFA	MDR7941179.1	24.000	375	262	10	1	358	12	380	1.09e-143	428	42.93
IBFA	WP_366510441.1	36.128	501	295	11	12	503	4	488	1.13e-143	432	51.70
IBFA	WP_153908378.1	26.087	529	362	12	1	505	1	524	1.52e-143	433	45.37
IBFA	WP_407242097.1	93.458	428	2	2	104	518	3	417	2.03e-143	428	93.46
IBFA	MEN8217269.1	19.204	427	291	11	2	419	10	391	2.08e-143	427	34.89
IBFA	WP_323536106.1	19.604	505	365	14	3	496	13	487	2.12e-143	431	37.23
IBFA	WP_153433794.1	29.623	530	344	11	8	515	8	530	2.29e-143	433	46.79
IBFA	WP_336188629.1	33.257	439	287	3	70	507	2	435	2.82e-143	429	53.30
IBFA	WP_097737063.1	26.459	514	352	11	13	505	13	521	3.28e-143	432	46.30
IBFA	WP_249925182.1	93.384	393	0	2	1	380	1	380	3.51e-143	427	93.38
IBFA	WP_360401414.1	19.884	518	351	16	1	498	22	495	3.69e-143	431	36.10
IBFA	WP_327508165.1	19.691	518	351	14	3	499	13	486	4.10e-143	430	35.52
IBFA	WP_058663863.1	20.913	416	305	8	3	411	13	411	7.48e-143	428	39.90
IBFA	WP_236967670.1	21.748	515	346	14	4	506	17	486	1.11e-142	429	38.45
IBFA	MBR5622252.1	17.726	519	363	14	6	502	15	491	1.13e-142	429	34.49
IBFA	EEW7523625.1	91.533	437	11	2	63	486	1	424	1.17e-142	427	93.36
IBFA	WQB74989.1	19.386	521	355	14	17	506	1	487	1.33e-142	429	32.25
IBFA	WP_012375113.1	17.513	571	360	15	1	504	18	544	1.50e-142	431	32.75
IBFA	KJS15388.1	16.438	511	368	11	7	498	15	485	1.88e-142	428	33.66
IBFA	WP_400340509.1	18.945	512	353	14	4	495	17	486	3.02e-142	428	36.13
IBFA	WP_312384030.1	30.309	518	324	11	6	512	4	495	3.69e-142	428	46.72
IBFA	WP_235354607.1	42.902	317	175	4	42	356	1	313	4.39e-142	421	60.57
IBFA	WP_289973641.1	21.348	445	327	12	68	499	2	436	4.87e-142	426	39.55


