# blastp
# Iteration: 6
# Query: Ea59_Lambda
# RID: WZPFPJAW013
# Database: nr_cluster_seq
# Fields: query acc.ver, subject acc.ver, % identity, alignment length, mismatches, gap opens, q. start, q. end, s. start, s. end, evalue, bit score, % positives
# 1000 hits found
Ea59_Lambda	WP_226609436.1	40.678	531	289	6	2	523	1	514	0.0	908	56.50
Ea59_Lambda	CAK8720657.1	51.048	525	254	3	2	523	1	525	0.0	904	69.14
Ea59_Lambda	WP_149162928.1	41.353	532	286	6	2	524	1	515	0.0	903	56.02
Ea59_Lambda	MDA8230958.1	40.377	530	292	5	2	524	1	513	0.0	902	56.60
Ea59_Lambda	MBI5611767.1	41.021	529	285	7	2	522	6	515	0.0	901	57.84
Ea59_Lambda	WP_152004142.1	48.855	524	246	3	2	520	1	507	0.0	897	64.50
Ea59_Lambda	MCI5221582.1	49.809	524	260	3	2	522	1	524	0.0	893	66.98
Ea59_Lambda	HEX4042229.1	39.662	532	295	6	2	524	1	515	0.0	891	56.20
Ea59_Lambda	WP_160412249.1	68.834	523	163	0	1	523	1	523	0.0	890	82.22
Ea59_Lambda	MCE5268402.1	40.866	531	295	7	2	524	1	520	0.0	889	55.37
Ea59_Lambda	WP_193837494.1	51.625	523	235	2	2	524	1	505	0.0	886	65.58
Ea59_Lambda	WP_214273013.1	39.587	533	296	7	1	525	1	515	0.0	884	56.85
Ea59_Lambda	MFV7669467.1	46.067	534	266	5	2	524	3	525	0.0	884	60.86
Ea59_Lambda	WP_401461428.1	39.286	532	296	8	2	524	1	514	0.0	884	54.14
Ea59_Lambda	WP_203957957.1	38.346	532	299	7	2	524	1	512	0.0	884	53.95
Ea59_Lambda	WP_005300994.1	50.191	524	243	2	2	525	1	506	0.0	883	65.65
Ea59_Lambda	WP_181517271.1	51.718	524	235	2	2	525	1	506	0.0	882	66.22
Ea59_Lambda	WP_409160894.1	52.975	521	227	2	2	522	1	503	0.0	882	65.83
Ea59_Lambda	WP_123175054.1	40.755	530	288	7	1	522	1	512	0.0	882	57.55
Ea59_Lambda	WP_042060602.1	38.837	533	300	7	1	525	1	515	0.0	881	55.16
Ea59_Lambda	WP_194262225.1	39.212	533	294	8	1	524	1	512	0.0	881	55.53
Ea59_Lambda	WP_044421986.1	49.053	528	247	4	2	524	1	511	0.0	881	63.83
Ea59_Lambda	WP_025768932.1	52.107	522	232	2	2	523	1	504	0.0	880	66.48
Ea59_Lambda	WP_085011944.1	52.772	523	245	2	2	522	1	523	0.0	880	67.88
Ea59_Lambda	WP_323300386.1	46.241	532	262	5	2	521	3	522	0.0	880	59.59
Ea59_Lambda	WP_351442976.1	37.711	533	304	8	2	524	1	515	0.0	879	53.47
Ea59_Lambda	WP_272514001.1	51.724	522	234	2	2	523	1	504	0.0	879	66.09
Ea59_Lambda	WP_217734466.1	39.587	533	296	7	1	525	1	515	0.0	879	57.04
Ea59_Lambda	WP_150770732.1	49.242	528	246	4	2	524	1	511	0.0	879	64.96
Ea59_Lambda	WP_233978884.1	51.052	523	238	2	2	524	1	505	0.0	878	65.01
Ea59_Lambda	WP_208904544.1	71.619	525	149	0	1	525	1	525	0.0	878	83.62
Ea59_Lambda	WP_309266217.1	51.823	521	233	2	2	522	1	503	0.0	877	65.26
Ea59_Lambda	MDF1644291.1	46.328	531	263	5	2	521	3	522	0.0	877	61.02
Ea59_Lambda	WP_129856381.1	39.286	532	292	7	2	524	1	510	0.0	877	52.44
Ea59_Lambda	WP_071600420.1	50.864	521	238	2	2	522	1	503	0.0	877	65.45
Ea59_Lambda	WP_020481291.1	54.580	524	236	2	2	523	1	524	0.0	876	69.47
Ea59_Lambda	WP_199397355.1	52.591	521	225	3	2	522	1	499	0.0	876	66.79
Ea59_Lambda	WP_227521400.1	95.048	525	26	0	1	525	79	603	0.0	875	97.14
Ea59_Lambda	HEY4135524.1	39.024	533	299	6	2	525	1	516	0.0	875	55.53
Ea59_Lambda	WP_358169220.1	39.098	532	295	7	2	524	1	512	0.0	874	54.70
Ea59_Lambda	WP_315812465.1	39.212	533	298	7	1	525	1	515	0.0	874	56.66
Ea59_Lambda	WP_248093608.1	38.868	530	298	6	3	523	4	516	0.0	874	56.98
Ea59_Lambda	WP_345844611.1	66.475	522	174	1	1	521	1	522	0.0	874	79.50
Ea59_Lambda	WP_252949189.1	68.199	522	165	1	2	522	1	522	0.0	873	79.12
Ea59_Lambda	WP_237612022.1	51.724	522	234	2	1	522	1	504	0.0	873	66.09
Ea59_Lambda	WP_215964969.1	66.286	525	176	1	2	525	1	525	0.0	873	79.05
Ea59_Lambda	WP_372811515.1	45.763	531	267	5	2	522	3	522	0.0	872	60.45
Ea59_Lambda	WP_233125048.1	38.606	531	300	6	2	523	1	514	0.0	872	55.18
Ea59_Lambda	WP_196558722.1	70.554	523	153	1	1	523	1	522	0.0	872	82.98
Ea59_Lambda	WP_217895540.1	45.591	533	268	5	2	523	3	524	0.0	872	61.16
Ea59_Lambda	WP_027033402.1	39.212	533	293	7	2	525	1	511	0.0	872	54.97
Ea59_Lambda	WP_167671010.1	38.302	530	300	6	3	523	4	515	0.0	872	55.47
Ea59_Lambda	WP_199007835.1	44.507	537	274	6	2	525	3	528	0.0	871	59.96
Ea59_Lambda	WP_414091459.1	37.430	537	308	6	2	524	1	523	0.0	871	54.75
Ea59_Lambda	MCH9660024.1	50.958	522	236	2	2	520	1	505	0.0	871	64.18
Ea59_Lambda	WP_208123658.1	52.964	523	244	2	2	522	1	523	0.0	871	67.69
Ea59_Lambda	WP_350966235.1	39.245	530	292	8	2	523	1	508	0.0	871	53.58
Ea59_Lambda	WP_140663550.1	47.429	525	255	3	2	522	1	508	0.0	870	61.71
Ea59_Lambda	WP_164100256.1	70.172	523	156	0	1	523	1	523	0.0	870	83.17
Ea59_Lambda	WP_350325026.1	38.973	526	294	6	3	519	4	511	0.0	870	55.51
Ea59_Lambda	WP_178955212.1	52.015	521	232	2	2	522	1	503	0.0	870	65.07
Ea59_Lambda	WP_341326351.1	45.369	529	266	5	2	519	3	519	0.0	870	59.36
Ea59_Lambda	WP_201569000.1	47.547	530	258	5	2	522	3	521	0.0	869	60.94
Ea59_Lambda	WP_343240030.1	38.910	532	298	7	2	524	1	514	0.0	869	53.57
Ea59_Lambda	WP_236574807.1	44.068	531	275	5	2	521	3	522	0.0	869	59.89
Ea59_Lambda	WP_146475886.1	40.901	533	285	8	1	523	1	513	0.0	869	57.79
Ea59_Lambda	WP_027330666.1	53.905	525	239	3	2	523	1	525	0.0	869	68.38
Ea59_Lambda	OEU67634.1	51.243	523	253	2	2	522	1	523	0.0	869	67.88
Ea59_Lambda	PZO36700.1	44.821	531	271	5	2	521	1	520	0.0	868	60.08
Ea59_Lambda	WP_124674632.1	38.973	526	295	6	3	519	4	512	0.0	868	55.13
Ea59_Lambda	WP_311196606.1	52.762	525	245	3	1	523	1	524	0.0	868	67.62
Ea59_Lambda	HBN9817942.1	40.381	525	287	7	3	518	4	511	0.0	867	56.95
Ea59_Lambda	WP_082979899.1	39.544	526	293	6	1	518	1	509	0.0	867	55.13
Ea59_Lambda	MDW9788516.1	48.375	523	250	2	2	521	1	506	0.0	867	62.33
Ea59_Lambda	WP_021557595.1	99.619	525	2	0	1	525	1	525	0.0	867	99.81
Ea59_Lambda	WP_372553460.1	38.403	526	298	7	2	518	3	511	0.0	867	57.41
Ea59_Lambda	MBF0116632.1	39.962	533	294	6	1	524	1	516	0.0	867	56.47
Ea59_Lambda	WP_196517267.1	45.421	535	266	6	2	521	3	526	0.0	866	58.69
Ea59_Lambda	MEQ1589294.1	40.000	530	290	7	4	524	5	515	0.0	866	55.85
Ea59_Lambda	WP_414585589.1	41.055	531	285	7	2	523	1	512	0.0	866	56.12
Ea59_Lambda	WP_127156284.1	68.441	526	165	1	1	525	1	526	0.0	865	83.08
Ea59_Lambda	WP_115298617.1	53.640	522	241	1	2	522	1	522	0.0	865	70.31
Ea59_Lambda	WP_240538994.1	50.474	527	239	4	2	524	1	509	0.0	864	65.84
Ea59_Lambda	WP_174869341.1	88.381	525	61	0	1	525	1	525	0.0	864	93.90
Ea59_Lambda	WP_224586598.1	40.038	532	288	7	2	524	1	510	0.0	864	55.45
Ea59_Lambda	WP_182237513.1	64.695	524	184	1	1	523	1	524	0.0	863	77.29
Ea59_Lambda	WP_104015394.1	67.433	522	168	2	2	522	1	521	0.0	863	79.12
Ea59_Lambda	WP_393970423.1	70.476	525	154	1	1	525	1	524	0.0	863	81.14
Ea59_Lambda	MBL4901858.1	44.906	530	265	5	2	521	3	515	0.0	863	63.02
Ea59_Lambda	WP_108156196.1	50.478	523	240	3	2	523	1	505	0.0	863	65.97
Ea59_Lambda	WP_168494207.1	44.757	534	270	6	2	521	3	525	0.0	863	60.49
Ea59_Lambda	WP_341584097.1	51.533	522	234	3	2	522	1	504	0.0	862	66.09
Ea59_Lambda	WP_199466394.1	65.333	525	181	1	2	525	1	525	0.0	862	79.24
Ea59_Lambda	WP_221123359.1	46.958	526	257	3	2	524	1	507	0.0	862	62.93
Ea59_Lambda	MCK4783403.1	45.693	534	268	5	2	524	3	525	0.0	862	59.74
Ea59_Lambda	WP_294616034.1	66.286	525	175	2	2	525	1	524	0.0	862	79.05
Ea59_Lambda	WP_253868865.1	50.763	524	240	2	2	525	13	518	0.0	862	63.55
Ea59_Lambda	WP_034822818.1	64.952	525	183	1	2	525	1	525	0.0	862	77.90
Ea59_Lambda	MDQ6944745.1	42.125	527	284	6	2	522	1	512	0.0	862	56.36
Ea59_Lambda	PTS76545.1	37.925	530	302	6	2	518	1	516	0.0	862	53.96
Ea59_Lambda	MDO8771767.1	40.741	513	278	6	21	524	3	498	0.0	860	56.73
Ea59_Lambda	WP_090902471.1	46.958	526	257	4	2	522	1	509	0.0	860	63.50
Ea59_Lambda	WP_171327249.1	49.808	522	243	3	2	522	1	504	0.0	860	65.71
Ea59_Lambda	WP_371639767.1	39.171	531	297	7	2	524	23	535	0.0	860	53.48
Ea59_Lambda	MFT6094360.1	44.569	534	272	6	4	524	5	527	0.0	860	58.61
Ea59_Lambda	MDC1513196.1	49.156	533	244	4	2	525	1	515	0.0	860	62.29
Ea59_Lambda	WP_271157466.1	38.722	532	299	7	2	524	1	514	0.0	859	52.63
Ea59_Lambda	WP_120386832.1	52.581	523	246	2	2	522	1	523	0.0	859	67.88
Ea59_Lambda	WP_035270465.1	48.684	532	262	3	2	522	1	532	0.0	859	64.47
Ea59_Lambda	HEY9827033.1	52.481	524	246	3	2	523	1	523	0.0	859	70.23
Ea59_Lambda	WP_221049485.1	50.382	524	243	1	2	525	1	507	0.0	859	66.03
Ea59_Lambda	WP_265525558.1	70.152	526	156	1	1	525	1	526	0.0	859	84.60
Ea59_Lambda	WP_401339038.1	39.434	530	292	7	3	523	4	513	0.0	858	57.92
Ea59_Lambda	WP_270030695.1	41.366	527	280	7	2	519	1	507	0.0	858	57.50
Ea59_Lambda	WP_105751171.1	40.338	533	288	8	1	523	1	513	0.0	858	56.47
Ea59_Lambda	WP_143638767.1	36.981	530	308	8	2	523	1	512	0.0	858	52.64
Ea59_Lambda	WP_312538070.1	46.360	522	252	7	3	516	4	505	0.0	857	61.11
Ea59_Lambda	WP_154629586.1	68.571	525	164	1	1	525	1	524	0.0	857	80.76
Ea59_Lambda	MCC7227363.1	39.245	530	296	6	3	523	4	516	0.0	857	55.09
Ea59_Lambda	WP_085319396.1	49.237	524	247	3	2	523	1	507	0.0	857	66.60
Ea59_Lambda	WP_252746859.1	46.756	524	257	3	2	522	1	505	0.0	857	62.79
Ea59_Lambda	WP_049399713.1	37.406	532	305	7	4	524	5	519	0.0	855	54.70
Ea59_Lambda	MBM4890243.1	51.248	521	236	2	2	522	1	503	0.0	855	66.03
Ea59_Lambda	WP_097541651.1	46.923	520	254	3	2	518	1	501	0.0	855	64.04
Ea59_Lambda	WP_163156320.1	48.479	526	252	3	2	525	1	509	0.0	855	64.64
Ea59_Lambda	WP_340836824.1	40.607	527	284	7	2	520	1	506	0.0	855	58.25
Ea59_Lambda	WP_025631587.1	67.113	523	170	2	2	523	1	522	0.0	855	79.73
Ea59_Lambda	WP_191922074.1	72.571	525	144	0	1	525	1	525	0.0	855	84.76
Ea59_Lambda	WP_299973352.1	47.081	531	259	5	2	521	3	522	0.0	855	61.58
Ea59_Lambda	WP_394293634.1	45.198	531	269	5	2	521	3	522	0.0	855	59.89
Ea59_Lambda	MCX5964435.1	44.633	531	271	6	2	521	3	521	0.0	855	59.32
Ea59_Lambda	WP_221930499.1	38.983	531	306	7	2	522	1	523	0.0	855	54.05
Ea59_Lambda	WP_317022967.1	47.575	536	269	3	2	525	1	536	0.0	854	65.49
Ea59_Lambda	WP_083264597.1	65.143	525	182	1	2	525	1	525	0.0	854	77.71
Ea59_Lambda	WP_272350486.1	45.234	535	268	6	2	522	1	524	0.0	854	58.13
Ea59_Lambda	WP_130695344.1	45.753	518	259	3	2	516	1	499	0.0	854	64.86
Ea59_Lambda	WP_377336819.1	63.359	524	191	1	2	524	1	524	0.0	854	75.38
Ea59_Lambda	WP_021559840.1	64.571	525	186	0	1	525	1	525	0.0	854	79.43
Ea59_Lambda	WP_058325793.1	47.519	524	253	3	2	522	1	505	0.0	853	63.55
Ea59_Lambda	MDF3031413.1	53.346	523	240	3	2	522	1	521	0.0	853	67.30
Ea59_Lambda	WP_123822077.1	87.572	523	65	0	1	523	1	523	0.0	852	93.69
Ea59_Lambda	WP_088636271.1	39.212	533	305	7	2	523	1	525	0.0	852	55.53
Ea59_Lambda	WP_246669784.1	40.354	508	277	6	25	523	3	493	0.0	852	56.10
Ea59_Lambda	WP_182702529.1	63.619	525	189	2	1	524	1	524	0.0	852	75.43
Ea59_Lambda	WP_249094551.1	45.261	517	253	5	19	522	16	515	0.0	852	59.57
Ea59_Lambda	WP_069189029.1	48.864	528	249	3	2	525	1	511	0.0	852	63.64
Ea59_Lambda	MBT2969592.1	50.000	522	241	2	2	520	1	505	0.0	852	64.94
Ea59_Lambda	WP_288656922.1	38.593	526	295	7	2	519	1	506	0.0	851	57.22
Ea59_Lambda	MBQ0798300.1	51.816	523	250	2	2	522	1	523	0.0	851	66.73
Ea59_Lambda	PCJ87450.1	45.438	537	268	5	2	524	3	528	0.0	851	60.71
Ea59_Lambda	MFM8442456.1	39.775	533	301	6	2	519	1	528	0.0	850	55.91
Ea59_Lambda	MEQ8427423.1	50.191	524	241	2	2	522	1	507	0.0	850	64.31
Ea59_Lambda	WP_205877294.1	39.400	533	304	7	2	523	81	605	0.0	850	56.10
Ea59_Lambda	WP_008986645.1	49.809	524	244	3	2	523	1	507	0.0	850	66.41
Ea59_Lambda	WP_255834877.1	50.000	520	257	2	1	519	1	518	0.0	850	67.50
Ea59_Lambda	WP_116328494.1	83.556	523	86	0	1	523	1	523	0.0	850	91.40
Ea59_Lambda	MBU1295176.1	50.192	522	258	2	2	522	1	521	0.0	850	65.71
Ea59_Lambda	WP_044617316.1	52.490	522	245	3	2	520	1	522	0.0	849	68.39
Ea59_Lambda	MBC8549599.1	40.789	532	286	5	2	523	3	515	0.0	849	59.02
Ea59_Lambda	WP_341912830.1	47.719	526	255	2	2	524	1	509	0.0	849	63.12
Ea59_Lambda	WP_307648476.1	51.916	522	248	3	2	521	1	521	0.0	849	67.82
Ea59_Lambda	WP_348493304.1	65.333	525	180	2	2	525	1	524	0.0	848	76.19
Ea59_Lambda	WP_219309224.1	52.964	523	243	3	2	522	1	522	0.0	848	68.07
Ea59_Lambda	WP_245132150.1	50.669	523	256	2	2	522	1	523	0.0	848	70.55
Ea59_Lambda	WP_061166576.1	52.190	525	249	2	2	525	1	524	0.0	848	67.05
Ea59_Lambda	WP_180698318.1	52.190	525	248	3	2	524	1	524	0.0	848	66.29
Ea59_Lambda	HPL67672.1	40.189	530	285	8	3	523	7	513	0.0	848	54.72
Ea59_Lambda	MAE50879.1	43.421	532	276	6	3	524	4	520	0.0	847	60.71
Ea59_Lambda	WP_088227388.1	38.722	532	299	7	2	525	1	513	0.0	847	54.70
Ea59_Lambda	WP_224855300.1	39.887	529	292	8	2	522	1	511	0.0	847	56.90
Ea59_Lambda	WP_130116228.1	47.655	533	268	3	2	523	1	533	0.0	847	63.23
Ea59_Lambda	WP_408013727.1	46.388	526	260	4	2	522	1	509	0.0	847	63.12
Ea59_Lambda	WP_282167112.1	49.242	528	258	4	2	520	1	527	0.0	847	67.05
Ea59_Lambda	WP_339461162.1	50.854	527	239	3	2	525	1	510	0.0	847	64.52
Ea59_Lambda	WP_142888693.1	46.565	524	258	3	2	522	1	505	0.0	847	63.55
Ea59_Lambda	WP_401702875.1	38.649	533	300	7	2	525	1	515	0.0	846	54.97
Ea59_Lambda	WP_210078547.1	51.052	523	250	3	2	522	1	519	0.0	846	67.11
Ea59_Lambda	WP_046091464.1	38.213	526	297	7	2	519	1	506	0.0	846	57.79
Ea59_Lambda	WP_122266831.1	50.570	526	254	3	2	525	1	522	0.0	846	65.78
Ea59_Lambda	WP_049197126.1	49.809	524	245	3	2	523	1	508	0.0	845	66.98
Ea59_Lambda	WP_351744573.1	39.882	509	280	7	24	524	2	492	0.0	845	54.22
Ea59_Lambda	WP_091159191.1	39.024	533	295	8	2	523	1	514	0.0	845	54.97
Ea59_Lambda	WP_075684202.1	38.910	532	297	8	2	525	1	512	0.0	845	56.77
Ea59_Lambda	MCG8053949.1	50.860	523	238	3	2	522	1	506	0.0	845	65.77
Ea59_Lambda	WP_229773229.1	67.681	526	169	1	1	525	2	527	0.0	845	79.85
Ea59_Lambda	WP_206741677.1	39.658	527	300	7	7	523	2	520	0.0	845	56.55
Ea59_Lambda	MDO8336169.1	50.763	524	254	3	2	524	1	521	0.0	845	65.27
Ea59_Lambda	WP_201656066.1	39.494	514	281	7	25	525	3	499	0.0	845	55.25
Ea59_Lambda	WP_390678458.1	38.837	533	295	9	2	523	13	525	0.0	845	53.10
Ea59_Lambda	EAW1174397.1	38.113	530	300	7	2	523	1	510	0.0	845	56.60
Ea59_Lambda	WP_293399675.1	52.672	524	248	0	2	525	1	524	0.0	845	68.51
Ea59_Lambda	WP_059171998.1	40.607	527	284	7	2	520	1	506	0.0	844	57.50
Ea59_Lambda	WP_317245289.1	41.770	486	258	5	46	523	16	484	0.0	844	57.00
Ea59_Lambda	WP_035232395.1	51.521	526	252	3	1	524	1	525	0.0	844	68.82
Ea59_Lambda	WP_128202665.1	48.037	535	267	3	2	525	1	535	0.0	844	62.80
Ea59_Lambda	WP_273848671.1	64.829	526	184	1	1	525	1	526	0.0	844	79.66
Ea59_Lambda	WP_054552629.1	39.847	522	286	7	2	515	1	502	0.0	844	56.70
Ea59_Lambda	WP_086978493.1	50.860	523	251	3	2	522	1	519	0.0	844	66.35
Ea59_Lambda	WP_210247412.1	48.674	528	250	5	2	525	1	511	0.0	843	62.88
Ea59_Lambda	HEY3278207.1	39.723	506	279	6	22	518	4	492	0.0	843	55.93
Ea59_Lambda	WP_091176981.1	39.848	527	288	7	2	520	1	506	0.0	843	57.12
Ea59_Lambda	WP_264305399.1	50.096	523	258	3	2	522	1	522	0.0	843	69.79
Ea59_Lambda	WP_306136144.1	42.910	536	274	6	4	518	5	529	0.0	843	59.33
Ea59_Lambda	PCH60213.1	51.331	526	235	3	2	523	1	509	0.0	842	66.16
Ea59_Lambda	OFW87502.1	51.145	524	253	3	1	522	1	523	0.0	842	66.41
Ea59_Lambda	NTW88513.1	39.354	526	293	6	2	518	1	509	0.0	842	54.56
Ea59_Lambda	WP_167631727.1	52.060	534	242	3	2	521	1	534	0.0	842	67.79
Ea59_Lambda	WP_104765050.1	45.455	528	265	4	2	523	1	511	0.0	842	62.50
Ea59_Lambda	WP_177069363.1	45.265	528	266	4	2	523	1	511	0.0	841	61.93
Ea59_Lambda	WP_083909521.1	46.080	523	260	4	1	518	1	506	0.0	841	62.91
Ea59_Lambda	WP_160738845.1	39.171	531	305	7	2	522	1	523	0.0	841	55.56
Ea59_Lambda	WP_356951653.1	37.823	542	302	7	2	525	1	525	0.0	841	54.24
Ea59_Lambda	WP_163907780.1	49.336	527	247	3	2	525	1	510	0.0	841	64.52
Ea59_Lambda	MFM5579259.1	53.435	524	241	3	2	523	1	523	0.0	841	70.23
Ea59_Lambda	WP_353728062.1	50.000	522	239	3	2	522	1	501	0.0	841	65.33
Ea59_Lambda	WP_306882685.1	45.627	526	258	5	2	519	3	508	0.0	841	60.08
Ea59_Lambda	WP_086936685.1	52.290	524	244	3	2	523	1	520	0.0	841	67.94
Ea59_Lambda	WP_154610637.1	38.491	530	300	7	2	522	1	513	0.0	840	57.36
Ea59_Lambda	WP_202250517.1	47.409	521	253	3	2	518	1	504	0.0	840	62.96
Ea59_Lambda	TAJ74911.1	47.529	526	256	2	2	524	1	509	0.0	840	64.07
Ea59_Lambda	WP_317953338.1	40.417	527	285	7	2	520	1	506	0.0	840	57.50
Ea59_Lambda	WP_147223659.1	47.893	522	252	3	2	522	1	503	0.0	840	61.69
Ea59_Lambda	WP_215801353.1	51.346	520	234	3	2	520	5	506	0.0	840	63.27
Ea59_Lambda	WP_338704069.1	39.328	506	284	6	24	525	4	490	0.0	839	54.35
Ea59_Lambda	MFN7767716.1	39.048	525	303	9	2	519	1	515	0.0	839	55.43
Ea59_Lambda	WP_029686202.1	38.023	526	298	7	2	519	1	506	0.0	839	57.03
Ea59_Lambda	HCI7175061.1	47.664	535	269	3	2	525	1	535	0.0	839	64.11
Ea59_Lambda	MFT5420427.1	50.191	524	259	2	2	523	1	524	0.0	838	67.37
Ea59_Lambda	WP_020302034.1	49.524	525	259	3	2	524	1	521	0.0	838	66.48
Ea59_Lambda	MCY7333050.1	43.519	540	272	8	1	524	25	547	0.0	838	57.96
Ea59_Lambda	WP_260781039.1	39.388	523	289	7	4	517	5	508	0.0	838	56.60
Ea59_Lambda	WP_058288155.1	38.837	533	307	7	2	523	1	525	0.0	837	56.10
Ea59_Lambda	WP_038050444.1	49.331	523	263	2	2	522	1	523	0.0	837	66.16
Ea59_Lambda	WP_075930262.1	51.718	524	246	3	2	522	1	520	0.0	837	66.98
Ea59_Lambda	WP_248957100.1	46.981	530	260	7	2	522	3	520	0.0	837	61.70
Ea59_Lambda	WP_203854510.1	36.535	531	309	8	2	523	1	512	0.0	837	54.05
Ea59_Lambda	WP_021691891.1	40.449	534	290	6	2	524	1	517	0.0	837	56.18
Ea59_Lambda	WP_209307944.1	48.868	530	247	6	1	525	1	511	0.0	836	61.89
Ea59_Lambda	WP_098507522.1	36.792	530	309	7	2	524	1	511	0.0	836	56.23
Ea59_Lambda	MBL8854415.1	45.009	531	262	7	2	519	1	514	0.0	836	61.39
Ea59_Lambda	WP_003182739.1	46.198	526	261	4	2	522	1	509	0.0	835	62.93
Ea59_Lambda	WP_202642666.1	49.237	524	247	3	2	523	1	507	0.0	835	66.03
Ea59_Lambda	WP_372901536.1	38.068	528	310	7	2	520	1	520	0.0	835	55.30
Ea59_Lambda	WP_236268080.1	65.589	526	179	2	2	525	3	528	0.0	835	78.52
Ea59_Lambda	WP_218690658.1	47.259	529	258	7	2	521	3	519	0.0	835	64.08
Ea59_Lambda	WP_090725196.1	50.382	524	238	4	2	521	1	506	0.0	835	65.08
Ea59_Lambda	WP_310147364.1	46.679	527	259	4	1	523	52	560	0.0	835	61.10
Ea59_Lambda	MCK5384617.1	42.458	537	272	7	2	519	1	519	0.0	834	61.08
Ea59_Lambda	WP_282739886.1	45.057	526	266	5	2	521	1	509	0.0	834	62.93
Ea59_Lambda	WP_087870432.1	42.664	518	269	6	13	523	1	497	0.0	834	60.04
Ea59_Lambda	WP_394670883.1	44.886	528	268	5	7	522	8	524	0.0	834	59.09
Ea59_Lambda	WP_082502712.1	47.159	528	258	3	2	525	1	511	0.0	833	60.61
Ea59_Lambda	WP_127158145.1	37.262	526	301	8	2	519	1	505	0.0	833	56.27
Ea59_Lambda	WP_336237159.1	49.617	522	241	3	2	522	1	501	0.0	833	65.52
Ea59_Lambda	WP_180001280.1	46.904	533	272	3	2	523	1	533	0.0	833	64.17
Ea59_Lambda	MFN3549179.1	37.594	532	313	7	2	522	47	570	0.0	833	53.95
Ea59_Lambda	WP_105433178.1	46.525	518	257	3	2	516	1	501	0.0	832	61.39
Ea59_Lambda	WP_328434824.1	39.489	509	278	8	24	522	2	490	0.0	832	52.26
Ea59_Lambda	WP_369583036.1	45.849	530	265	4	2	524	1	515	0.0	832	63.02
Ea59_Lambda	GAB2196459.1	52.008	523	249	2	2	522	1	523	0.0	832	66.54
Ea59_Lambda	WP_323844103.1	43.985	532	275	7	5	524	6	526	0.0	831	58.27
Ea59_Lambda	WP_186234255.1	50.763	524	255	3	2	523	1	523	0.0	831	68.13
Ea59_Lambda	MFA9217470.1	48.000	525	253	2	2	523	1	508	0.0	830	62.29
Ea59_Lambda	WP_346311988.1	46.529	533	274	3	2	523	1	533	0.0	830	63.60
Ea59_Lambda	WP_207002190.1	43.985	532	275	7	5	524	6	526	0.0	830	59.02
Ea59_Lambda	WP_055008710.1	45.660	530	265	4	2	525	1	513	0.0	830	61.51
Ea59_Lambda	WP_197978032.1	45.094	530	265	5	2	523	1	512	0.0	830	61.51
Ea59_Lambda	WP_350172262.1	50.766	522	236	3	2	519	1	505	0.0	830	64.56
Ea59_Lambda	WP_225489744.1	50.000	526	244	3	2	525	1	509	0.0	829	66.54
Ea59_Lambda	WP_382353180.1	38.131	535	316	6	2	523	1	533	0.0	828	57.20
Ea59_Lambda	WP_140839106.1	51.346	520	250	3	2	520	1	518	0.0	828	66.73
Ea59_Lambda	MDO9161238.1	39.887	529	291	6	2	524	3	510	0.0	828	56.14
Ea59_Lambda	WP_240887721.1	43.879	531	269	6	1	524	1	509	0.0	828	58.57
Ea59_Lambda	WP_175752484.1	43.269	520	265	6	13	519	10	512	0.0	828	58.27
Ea59_Lambda	WP_339635781.1	39.775	533	302	7	2	523	1	525	0.0	827	55.72
Ea59_Lambda	WP_045126484.1	48.684	532	262	3	2	522	1	532	0.0	827	63.35
Ea59_Lambda	WP_394093887.1	48.674	528	248	5	1	523	1	510	0.0	827	62.88
Ea59_Lambda	MBL4696441.1	50.710	493	222	3	36	524	1	476	0.0	826	65.72
Ea59_Lambda	HBS26697.1	45.558	529	266	4	2	525	1	512	0.0	826	61.06
Ea59_Lambda	WP_018402792.1	37.429	529	303	7	2	522	1	509	0.0	826	56.52
Ea59_Lambda	WP_210515794.1	45.028	533	264	5	2	522	1	516	0.0	826	61.35
Ea59_Lambda	WP_248720846.1	49.237	524	248	3	2	523	1	508	0.0	826	64.69
Ea59_Lambda	WP_413017566.1	46.516	531	254	6	2	520	3	515	0.0	825	60.64
Ea59_Lambda	WP_119909391.1	44.612	529	268	5	2	522	3	514	0.0	825	60.87
Ea59_Lambda	WP_032134049.1	47.736	530	255	5	2	525	1	514	0.0	825	63.58
Ea59_Lambda	WP_402709671.1	43.833	527	273	4	2	522	3	512	0.0	825	62.43
Ea59_Lambda	WP_074836277.1	49.809	524	242	3	2	521	1	507	0.0	825	63.74
Ea59_Lambda	WP_395029338.1	45.180	529	267	4	2	524	3	514	0.0	825	62.00
Ea59_Lambda	WP_213366363.1	46.591	528	259	4	2	523	1	511	0.0	825	62.50
Ea59_Lambda	MEN9373206.1	49.046	524	254	5	1	523	1	512	0.0	825	63.93
Ea59_Lambda	WP_187031930.1	40.840	524	285	6	2	518	1	506	0.0	825	55.15
Ea59_Lambda	WP_342200642.1	38.697	522	292	7	2	515	1	502	0.0	825	56.51
Ea59_Lambda	MDE1161181.1	39.024	533	296	9	2	524	1	514	0.0	824	53.85
Ea59_Lambda	WP_342856364.1	38.202	534	299	7	2	523	1	515	0.0	824	53.00
Ea59_Lambda	WP_166233073.1	40.000	525	289	7	2	520	1	505	0.0	823	56.95
Ea59_Lambda	WP_331340211.1	40.684	526	287	8	3	519	5	514	0.0	823	56.08
Ea59_Lambda	WP_080891553.1	52.964	523	243	3	2	522	1	522	0.0	823	69.02
Ea59_Lambda	WP_237489749.1	50.096	523	255	3	2	522	1	519	0.0	823	66.35
Ea59_Lambda	WP_263115338.1	50.400	500	242	3	24	522	2	496	0.0	822	66.00
Ea59_Lambda	WP_306724240.1	42.065	523	273	5	8	518	12	516	0.0	822	59.85
Ea59_Lambda	MCF6285091.1	37.106	539	305	7	2	523	1	522	0.0	822	53.99
Ea59_Lambda	WP_186134482.1	46.008	526	261	4	2	521	3	511	0.0	822	62.17
Ea59_Lambda	WP_408369764.1	44.509	519	259	6	13	519	10	511	0.0	822	60.31
Ea59_Lambda	WP_411180649.1	41.431	531	289	5	3	522	4	523	0.0	822	57.25
Ea59_Lambda	WP_345686631.1	38.679	530	299	8	2	524	1	511	0.0	822	54.72
Ea59_Lambda	WP_127651680.1	51.423	527	235	3	2	524	1	510	0.0	822	64.14
Ea59_Lambda	WP_343060141.1	48.944	521	247	3	2	522	1	502	0.0	822	62.76
Ea59_Lambda	WP_318438127.1	42.830	523	269	5	8	518	11	515	0.0	822	58.13
Ea59_Lambda	CAC9601635.1	46.422	517	244	6	16	520	13	508	0.0	822	60.74
Ea59_Lambda	WP_123693970.1	50.476	525	258	2	2	525	1	524	0.0	822	67.62
Ea59_Lambda	WP_317970571.1	38.086	533	315	7	2	523	1	529	0.0	821	54.78
Ea59_Lambda	WP_206167786.1	44.272	515	260	4	16	521	2	498	0.0	821	60.00
Ea59_Lambda	WP_166894451.1	50.575	522	256	2	2	522	1	521	0.0	821	66.09
Ea59_Lambda	WP_318238628.1	42.351	536	279	6	2	525	9	526	0.0	821	60.07
Ea59_Lambda	WP_122254745.1	44.423	529	262	7	2	524	1	503	0.0	821	59.92
Ea59_Lambda	WP_222933269.1	43.503	531	278	6	2	521	3	522	0.0	820	58.19
Ea59_Lambda	WP_398475410.1	49.595	494	228	3	36	525	1	477	0.0	820	63.56
Ea59_Lambda	NLB11395.1	46.328	531	257	3	2	521	1	514	0.0	820	60.83
Ea59_Lambda	WP_257958187.1	44.078	515	262	4	15	519	14	512	0.0	819	60.78
Ea59_Lambda	WP_142131627.1	42.777	533	283	6	2	523	3	524	0.0	819	58.54
Ea59_Lambda	MCU4173950.1	39.015	528	286	10	2	521	1	500	0.0	819	54.36
Ea59_Lambda	WP_371949165.1	38.158	532	296	9	2	523	1	509	0.0	818	52.44
Ea59_Lambda	WP_201529329.1	48.855	524	250	3	2	524	1	507	0.0	818	63.55
Ea59_Lambda	WP_395136469.1	48.555	519	258	4	2	519	1	511	0.0	818	66.47
Ea59_Lambda	WP_136396137.1	37.476	531	302	6	2	523	1	510	0.0	818	57.25
Ea59_Lambda	WP_049351068.1	45.283	530	258	6	2	524	1	505	0.0	818	59.43
Ea59_Lambda	HEY2068095.1	38.993	536	295	8	2	524	1	517	0.0	818	54.10
Ea59_Lambda	WP_372012814.1	44.173	532	270	6	2	522	3	518	0.0	818	58.83
Ea59_Lambda	WP_265777986.1	46.503	529	251	7	2	523	1	504	0.0	818	60.30
Ea59_Lambda	MBS1683232.1	39.579	523	290	6	2	518	1	503	0.0	817	56.79
Ea59_Lambda	WP_215595204.1	39.434	530	306	5	2	522	1	524	0.0	817	55.66
Ea59_Lambda	WP_248385795.1	51.434	523	251	3	2	523	1	521	0.0	817	66.92
Ea59_Lambda	WP_335738141.1	51.341	522	251	3	2	522	1	520	0.0	817	64.75
Ea59_Lambda	WP_338517460.1	45.865	532	260	5	2	522	1	515	0.0	816	62.22
Ea59_Lambda	WP_336972217.1	46.038	530	263	4	2	525	3	515	0.0	816	62.83
Ea59_Lambda	PCH99878.1	44.400	500	254	4	25	519	2	482	0.0	816	61.60
Ea59_Lambda	WP_216332522.1	46.654	523	256	4	2	518	1	506	0.0	816	63.48
Ea59_Lambda	VGM94869.1	46.729	535	247	8	2	523	1	510	0.0	816	61.87
Ea59_Lambda	WP_186753147.1	49.524	525	259	3	2	524	1	521	0.0	816	66.48
Ea59_Lambda	HAS6251940.1	43.948	537	270	6	3	519	4	529	0.0	816	59.96
Ea59_Lambda	WP_124348337.1	43.421	532	279	6	2	522	1	521	0.0	816	58.27
Ea59_Lambda	MCB1585076.1	43.074	527	283	5	1	521	1	516	0.0	815	60.34
Ea59_Lambda	CAH7482166.1	48.577	527	248	4	2	522	1	510	0.0	815	66.79
Ea59_Lambda	WP_282361076.1	46.578	526	259	4	2	522	1	509	0.0	815	64.26
Ea59_Lambda	WP_208561542.1	38.679	530	295	7	2	523	1	508	0.0	815	57.36
Ea59_Lambda	WP_128786305.1	40.918	523	279	5	8	518	12	516	0.0	815	57.74
Ea59_Lambda	WP_126508002.1	40.643	529	284	5	9	525	13	523	0.0	815	58.98
Ea59_Lambda	MFA6144036.1	38.113	530	296	8	2	523	1	506	0.0	815	55.47
Ea59_Lambda	WP_329831694.1	52.290	524	243	3	2	524	1	518	0.0	815	66.22
Ea59_Lambda	WP_218126933.1	43.446	534	276	6	2	524	3	521	0.0	814	60.49
Ea59_Lambda	WP_204797098.1	46.600	500	245	5	2	490	3	491	0.0	813	59.80
Ea59_Lambda	WP_066710898.1	40.833	480	257	7	4	474	5	466	0.0	813	54.37
Ea59_Lambda	WP_183908697.1	50.000	522	259	2	2	522	1	521	0.0	812	66.28
Ea59_Lambda	WP_225589485.1	43.738	535	276	5	1	525	5	524	0.0	811	58.69
Ea59_Lambda	WP_366647046.1	38.131	535	295	9	2	524	1	511	0.0	811	51.96
Ea59_Lambda	WP_209721658.1	41.620	531	283	4	2	522	6	519	0.0	810	57.82
Ea59_Lambda	WP_256353425.1	52.481	524	245	4	2	522	1	523	0.0	810	67.94
Ea59_Lambda	EKW1653667.1	45.437	515	259	5	17	520	17	520	0.0	810	62.33
Ea59_Lambda	WP_211296987.1	43.810	525	272	4	2	520	3	510	0.0	810	61.14
Ea59_Lambda	WP_296273015.1	44.944	534	263	5	2	522	3	518	0.0	810	58.80
Ea59_Lambda	WP_371371074.1	38.095	525	304	7	2	523	1	507	0.0	810	54.10
Ea59_Lambda	WP_017448818.1	38.388	521	294	7	2	514	1	502	0.0	810	55.47
Ea59_Lambda	WP_137012372.1	39.885	524	287	5	2	525	3	498	0.0	810	55.92
Ea59_Lambda	WP_203243001.1	46.958	526	258	3	2	523	1	509	0.0	810	61.60
Ea59_Lambda	WP_310126182.1	46.578	526	259	4	2	522	1	509	0.0	810	61.60
Ea59_Lambda	WP_253129638.1	44.551	523	267	4	4	524	5	506	0.0	809	60.61
Ea59_Lambda	WP_282643625.1	44.991	529	266	5	2	522	3	514	0.0	809	61.25
Ea59_Lambda	WP_095647839.1	39.665	537	292	6	2	525	4	521	0.0	809	57.91
Ea59_Lambda	WP_339982868.1	44.213	527	268	5	2	519	3	512	0.0	809	59.96
Ea59_Lambda	WP_267542639.1	37.681	552	295	9	2	520	1	536	0.0	809	51.81
Ea59_Lambda	WP_151045271.1	48.069	518	251	2	2	519	1	500	0.0	809	62.93
Ea59_Lambda	WP_261315370.1	49.905	527	248	4	4	525	34	549	0.0	808	64.14
Ea59_Lambda	WP_271659019.1	44.487	526	261	6	2	516	3	508	0.0	808	59.32
Ea59_Lambda	MBP3221560.1	46.679	527	248	8	2	521	1	501	0.0	808	60.91
Ea59_Lambda	WP_340430852.1	36.812	527	306	7	2	521	1	507	0.0	808	54.27
Ea59_Lambda	WP_338853108.1	46.053	532	259	5	2	522	1	515	0.0	808	61.09
Ea59_Lambda	WP_211859345.1	44.213	527	269	5	2	520	3	512	0.0	808	61.86
Ea59_Lambda	WP_380010209.1	51.056	521	251	2	2	518	1	521	0.0	808	67.95
Ea59_Lambda	WP_124918012.1	42.048	547	264	6	2	524	3	520	0.0	808	57.59
Ea59_Lambda	EKZ9001013.1	40.037	537	291	6	2	525	3	521	0.0	808	57.54
Ea59_Lambda	WP_368607615.1	44.444	531	270	6	1	524	2	514	0.0	808	60.08
Ea59_Lambda	WP_113182887.1	48.077	520	250	3	2	518	1	503	0.0	807	63.08
Ea59_Lambda	WP_273504590.1	42.481	532	283	6	2	521	1	521	0.0	807	57.14
Ea59_Lambda	TDF35019.1	44.886	528	266	5	2	521	3	513	0.0	807	60.98
Ea59_Lambda	HWJ64593.1	39.715	491	269	6	22	507	2	470	0.0	807	56.21
Ea59_Lambda	WP_126799203.1	49.713	523	259	3	1	520	1	522	0.0	807	64.24
Ea59_Lambda	WP_090677414.1	36.553	528	324	6	2	521	7	531	0.0	807	57.58
Ea59_Lambda	WP_188068819.1	37.524	525	317	6	2	518	1	522	0.0	807	55.81
Ea59_Lambda	WP_197151830.1	45.283	530	264	6	2	522	3	515	0.0	806	59.43
Ea59_Lambda	WP_062835534.1	37.951	527	318	6	2	523	1	523	0.0	806	56.55
Ea59_Lambda	WP_077237576.1	44.466	506	259	4	21	520	23	512	0.0	806	62.65
Ea59_Lambda	WP_375118561.1	38.346	532	298	8	2	523	1	512	0.0	806	53.95
Ea59_Lambda	WP_196778224.1	38.679	530	291	9	2	524	1	503	0.0	806	54.15
Ea59_Lambda	WP_287148955.1	45.076	528	266	4	2	521	3	514	0.0	806	60.98
Ea59_Lambda	MDD2356471.1	37.051	529	300	9	2	523	1	503	0.0	805	53.31
Ea59_Lambda	WP_138738500.1	44.340	530	270	6	1	523	2	513	0.0	805	60.00
Ea59_Lambda	WP_342884457.1	42.105	551	281	8	2	525	3	542	0.0	805	56.26
Ea59_Lambda	WP_205815503.1	42.994	521	266	6	14	520	10	513	0.0	805	58.93
Ea59_Lambda	WP_019437122.1	42.214	533	285	6	2	522	3	524	0.0	805	58.54
Ea59_Lambda	MDH4564533.1	37.640	534	301	8	2	523	1	514	0.0	805	55.24
Ea59_Lambda	WP_374501730.1	42.996	514	266	4	19	520	3	501	0.0	805	58.95
Ea59_Lambda	WP_125081095.1	37.100	531	323	5	2	524	1	528	0.0	805	56.50
Ea59_Lambda	MCK5016359.1	39.885	524	287	7	2	518	1	503	0.0	805	54.96
Ea59_Lambda	WP_203896598.1	38.202	534	293	10	4	524	100	609	0.0	804	52.06
Ea59_Lambda	WP_113790864.1	45.905	525	259	4	2	522	1	504	0.0	804	59.81
Ea59_Lambda	MCS4635035.1	100.000	486	0	0	1	486	1	486	0.0	804	100.00
Ea59_Lambda	WP_212189683.1	38.041	531	298	7	3	522	6	516	0.0	804	55.18
Ea59_Lambda	WP_287160230.1	37.778	540	296	9	2	522	1	519	0.0	804	54.07
Ea59_Lambda	WP_169148649.1	49.906	531	244	4	2	521	1	520	0.0	803	65.54
Ea59_Lambda	WP_379848874.1	38.286	525	296	7	2	519	7	510	0.0	803	54.67
Ea59_Lambda	KAA3506366.1	46.958	526	257	4	2	523	1	508	0.0	803	62.93
Ea59_Lambda	WP_148519500.1	39.479	537	293	6	2	525	4	521	0.0	803	57.17
Ea59_Lambda	WP_207779458.1	44.340	530	272	4	2	525	7	519	0.0	803	60.00
Ea59_Lambda	WP_158878840.1	47.419	523	250	5	1	518	1	503	0.0	803	64.24
Ea59_Lambda	WP_182681725.1	44.340	530	270	5	2	523	3	515	0.0	803	60.38
Ea59_Lambda	WP_160060991.1	48.496	532	246	5	2	522	1	515	0.0	803	63.53
Ea59_Lambda	WP_029574895.1	45.438	537	278	4	2	523	1	537	0.0	803	61.64
Ea59_Lambda	WP_037620153.1	36.822	535	305	8	2	523	1	515	0.0	802	54.39
Ea59_Lambda	WP_265089549.1	46.272	523	261	3	2	523	52	555	0.0	802	61.19
Ea59_Lambda	WP_263183944.1	44.023	527	269	6	2	519	3	512	0.0	802	61.67
Ea59_Lambda	WP_373101148.1	45.996	537	252	7	2	525	1	512	0.0	802	60.89
Ea59_Lambda	WP_163124907.1	42.745	510	267	5	19	519	18	511	0.0	802	59.02
Ea59_Lambda	WP_329686560.1	38.140	527	302	8	2	523	1	508	0.0	802	53.89
Ea59_Lambda	WP_168254726.1	45.769	520	262	3	2	518	1	503	0.0	802	62.50
Ea59_Lambda	WP_154221947.1	43.094	543	277	7	2	525	1	530	0.0	802	60.41
Ea59_Lambda	HWH31692.1	38.685	517	287	6	2	507	9	506	0.0	802	53.38
Ea59_Lambda	MCK6405051.1	44.486	535	267	6	2	524	3	519	0.0	802	62.06
Ea59_Lambda	WP_395173880.1	37.175	538	303	7	2	523	3	521	0.0	802	53.72
Ea59_Lambda	WP_095366981.1	43.019	530	276	6	2	522	3	515	0.0	801	59.81
Ea59_Lambda	WP_060322899.1	39.474	532	291	7	2	522	1	512	0.0	801	55.64
Ea59_Lambda	WP_348464684.1	40.190	525	287	7	2	520	1	504	0.0	801	54.67
Ea59_Lambda	WP_045793306.1	45.826	539	277	4	2	525	1	539	0.0	801	61.97
Ea59_Lambda	WP_137173008.1	43.629	518	268	5	11	523	8	506	0.0	801	60.04
Ea59_Lambda	WP_224240657.1	37.853	531	306	9	2	521	1	518	0.0	801	54.61
Ea59_Lambda	MCJ8325143.1	49.237	524	245	3	2	521	1	507	0.0	801	64.50
Ea59_Lambda	WP_118775703.1	44.569	534	258	7	2	522	1	509	0.0	801	60.30
Ea59_Lambda	WP_225444283.1	49.237	524	257	4	2	522	20	537	0.0	801	66.41
Ea59_Lambda	WP_127088292.1	38.202	534	297	7	2	522	1	514	0.0	801	55.81
Ea59_Lambda	WP_186097597.1	44.757	534	265	5	2	522	3	519	0.0	800	60.11
Ea59_Lambda	WP_202047179.1	40.000	535	289	6	4	525	6	521	0.0	800	56.64
Ea59_Lambda	WP_299615311.1	36.015	547	308	8	2	525	1	528	0.0	800	52.65
Ea59_Lambda	WP_042304791.1	42.574	505	262	5	27	520	26	513	0.0	800	58.22
Ea59_Lambda	MBU2068787.1	42.911	529	277	5	3	523	4	515	0.0	800	61.06
Ea59_Lambda	WP_237947220.1	38.068	528	293	9	2	522	1	501	0.0	800	54.36
Ea59_Lambda	WP_371842702.1	39.292	537	294	6	2	525	4	521	0.0	800	57.17
Ea59_Lambda	WP_184856967.1	45.703	512	253	5	15	518	18	512	0.0	800	62.50
Ea59_Lambda	WP_004397234.1	44.112	535	269	7	1	518	1	522	0.0	800	59.44
Ea59_Lambda	WP_071535171.1	46.139	531	257	6	2	522	3	514	0.0	800	62.52
Ea59_Lambda	PWK30801.1	38.060	536	295	10	2	524	1	512	0.0	799	52.05
Ea59_Lambda	WP_209444586.1	37.269	542	297	10	2	524	1	518	0.0	799	51.11
Ea59_Lambda	HRH76257.1	49.618	524	258	3	2	524	1	519	0.0	799	65.46
Ea59_Lambda	WP_140117461.1	45.490	510	254	5	22	518	2	500	0.0	799	60.78
Ea59_Lambda	MEE4999183.1	46.314	529	258	5	2	525	1	508	0.0	799	63.14
Ea59_Lambda	EAW30201.1	42.697	534	276	5	2	523	3	518	0.0	799	58.24
Ea59_Lambda	WP_369459918.1	41.917	532	279	5	3	522	4	517	0.0	798	57.89
Ea59_Lambda	WP_042126166.1	45.747	529	265	4	2	525	1	512	0.0	798	62.38
Ea59_Lambda	MFT3734101.1	45.143	525	264	4	2	519	3	510	0.0	798	59.62
Ea59_Lambda	WP_361427090.1	36.499	537	308	8	2	525	1	517	0.0	798	55.12
Ea59_Lambda	WP_180315441.1	38.910	532	291	8	2	521	1	510	0.0	798	56.02
Ea59_Lambda	WP_011158116.1	36.746	547	300	9	2	523	1	526	0.0	798	54.84
Ea59_Lambda	WP_082621588.1	43.264	527	276	4	2	522	3	512	0.0	798	59.39
Ea59_Lambda	WP_145155022.1	45.283	530	265	6	2	524	3	514	0.0	798	62.08
Ea59_Lambda	WP_065493377.1	37.201	543	302	7	2	523	1	525	0.0	797	51.57
Ea59_Lambda	WP_349540666.1	42.205	526	281	4	2	521	4	512	0.0	797	58.94
Ea59_Lambda	WP_145949468.1	37.667	523	317	5	2	518	1	520	0.0	797	56.98
Ea59_Lambda	WP_275790575.1	38.508	496	288	6	36	522	1	488	0.0	797	53.63
Ea59_Lambda	WFS17886.1	42.750	531	283	5	2	522	3	522	0.0	797	57.63
Ea59_Lambda	WP_202262412.1	41.917	532	283	8	2	519	3	522	0.0	797	58.46
Ea59_Lambda	NOR71337.1	43.019	530	285	5	2	525	3	521	0.0	797	58.87
Ea59_Lambda	WP_244731535.1	44.112	535	264	8	2	523	3	515	0.0	796	59.25
Ea59_Lambda	WP_250937865.1	38.817	541	289	10	2	522	7	525	0.0	796	55.27
Ea59_Lambda	WP_249250600.1	40.734	518	277	5	19	525	2	500	0.0	796	58.30
Ea59_Lambda	WP_248194695.1	42.329	541	280	7	3	522	4	533	0.0	796	58.96
Ea59_Lambda	WP_122302634.1	44.112	535	277	6	2	525	3	526	0.0	796	58.69
Ea59_Lambda	WP_231904324.1	65.145	482	166	2	2	482	1	481	0.0	796	77.59
Ea59_Lambda	MCC7702248.1	42.495	513	265	6	21	521	7	501	0.0	796	58.09
Ea59_Lambda	WP_062907574.1	40.530	528	283	6	9	523	13	522	0.0	795	58.14
Ea59_Lambda	WP_337322168.1	39.813	535	283	8	2	521	1	511	0.0	795	56.45
Ea59_Lambda	WP_379957761.1	36.716	542	301	8	2	522	1	521	0.0	795	54.61
Ea59_Lambda	WP_267837083.1	43.269	520	275	5	13	523	1	509	0.0	795	59.42
Ea59_Lambda	WP_205465019.1	42.086	537	264	7	7	521	8	519	0.0	795	57.17
Ea59_Lambda	MBP6014778.1	38.318	535	300	7	2	525	1	516	0.0	795	55.33
Ea59_Lambda	WP_137028219.1	40.777	515	272	8	20	524	20	511	0.0	795	56.89
Ea59_Lambda	WP_086599863.1	36.313	537	309	8	2	525	1	517	0.0	795	55.31
Ea59_Lambda	WP_348254468.1	43.798	516	270	5	13	519	1	505	0.0	794	58.91
Ea59_Lambda	WP_139412030.1	51.823	521	247	4	2	519	1	520	0.0	794	68.14
Ea59_Lambda	WP_223212069.1	40.571	525	285	8	2	520	6	509	0.0	794	57.14
Ea59_Lambda	HIP27113.1	39.048	525	291	9	2	523	1	499	0.0	794	55.62
Ea59_Lambda	WP_085828792.1	45.265	528	264	4	2	525	1	507	0.0	793	61.36
Ea59_Lambda	WP_135802464.1	43.691	531	280	5	2	524	3	522	0.0	793	59.32
Ea59_Lambda	WP_234612143.1	37.218	532	304	7	2	522	1	513	0.0	793	55.08
Ea59_Lambda	WP_329560884.1	39.412	510	279	8	24	523	2	491	0.0	793	53.53
Ea59_Lambda	WP_357907279.1	37.803	537	298	8	3	522	7	524	0.0	793	54.38
Ea59_Lambda	NLW33974.1	37.079	534	303	9	2	524	1	512	0.0	793	54.31
Ea59_Lambda	WP_122055293.1	44.383	543	271	6	2	524	3	534	0.0	793	60.22
Ea59_Lambda	WP_292149216.1	38.462	533	295	7	2	521	1	513	0.0	793	55.72
Ea59_Lambda	WP_027834870.1	37.848	539	296	8	2	522	1	518	0.0	793	54.36
Ea59_Lambda	WP_065349969.1	44.528	530	269	5	2	524	3	514	0.0	792	60.19
Ea59_Lambda	WP_109893013.1	35.940	537	311	8	2	525	1	517	0.0	792	54.38
Ea59_Lambda	WP_126293372.1	45.009	531	269	4	2	525	1	515	0.0	792	61.21
Ea59_Lambda	WP_224209546.1	39.813	535	293	6	2	525	1	517	0.0	792	56.82
Ea59_Lambda	HMN12768.1	36.007	536	305	8	4	523	8	521	0.0	792	54.48
Ea59_Lambda	WP_010906562.1	44.944	534	256	7	2	523	1	508	0.0	792	61.24
Ea59_Lambda	WP_311297414.1	36.636	535	305	8	2	523	1	514	0.0	792	55.33
Ea59_Lambda	WP_279829816.1	46.296	540	242	10	3	524	23	532	0.0	791	59.63
Ea59_Lambda	WP_271215534.1	37.406	532	295	11	2	523	1	504	0.0	791	52.07
Ea59_Lambda	WP_352888244.1	37.546	538	297	10	2	522	1	516	0.0	791	53.35
Ea59_Lambda	WP_303464115.1	42.481	532	280	8	2	519	3	522	0.0	791	58.46
Ea59_Lambda	WP_393235179.1	38.889	504	288	8	26	521	3	494	0.0	791	53.77
Ea59_Lambda	WP_409025769.1	45.624	537	254	7	2	525	1	512	0.0	790	60.34
Ea59_Lambda	WP_272763439.1	39.811	530	284	8	2	519	1	507	0.0	790	55.85
Ea59_Lambda	WP_253343301.1	46.565	524	257	4	2	519	4	510	0.0	790	61.26
Ea59_Lambda	WP_151050694.1	44.569	534	258	8	2	523	1	508	0.0	790	60.49
Ea59_Lambda	OGN48281.1	37.970	532	294	8	2	521	1	508	0.0	790	53.57
Ea59_Lambda	WP_351479592.1	38.447	528	299	8	2	524	1	507	0.0	790	53.60
Ea59_Lambda	WP_416795961.1	36.131	548	303	9	2	523	1	527	0.0	789	53.65
Ea59_Lambda	WP_167077146.1	43.762	505	260	3	23	519	22	510	0.0	789	61.19
Ea59_Lambda	WP_187821579.1	38.752	529	296	9	2	524	1	507	0.0	789	54.44
Ea59_Lambda	WP_291922306.1	43.633	534	273	6	4	525	5	522	0.0	789	59.55
Ea59_Lambda	WP_073256958.1	44.867	526	268	4	2	522	1	509	0.0	789	59.89
Ea59_Lambda	MDE0156822.1	37.476	531	298	8	2	517	1	512	0.0	788	52.54
Ea59_Lambda	WP_272834293.1	38.980	490	272	6	37	519	1	470	0.0	788	57.96
Ea59_Lambda	WP_172434657.1	44.190	525	264	6	2	515	1	507	0.0	788	60.76
Ea59_Lambda	MCB2160669.1	42.035	521	274	4	11	523	9	509	0.0	787	56.05
Ea59_Lambda	WP_355984866.1	37.853	531	300	9	2	524	1	509	0.0	787	52.92
Ea59_Lambda	WP_260893919.1	36.792	530	301	9	2	524	1	503	0.0	787	54.34
Ea59_Lambda	WP_034707863.1	37.262	526	309	6	2	523	1	509	0.0	786	56.46
Ea59_Lambda	HIP49219.1	42.197	519	276	5	2	520	3	497	0.0	786	58.77
Ea59_Lambda	WP_385183346.1	35.130	538	315	9	2	525	1	518	0.0	786	53.90
Ea59_Lambda	MEP5765205.1	45.580	509	255	4	19	521	2	494	0.0	786	63.26
Ea59_Lambda	WP_096378955.1	41.199	534	285	5	2	524	3	518	0.0	786	58.43
Ea59_Lambda	WP_294262607.1	42.667	525	275	5	2	521	1	504	0.0	786	61.52
Ea59_Lambda	BDT68847.1	44.673	535	264	7	2	522	1	517	0.0	785	60.00
Ea59_Lambda	MDQ5937404.1	39.286	532	293	9	2	523	1	512	0.0	785	52.44
Ea59_Lambda	WP_333662682.1	36.782	522	300	7	2	516	1	499	0.0	785	54.79
Ea59_Lambda	WP_312737420.1	38.086	533	298	8	3	524	4	515	0.0	784	54.60
Ea59_Lambda	WP_200947598.1	37.358	530	304	7	2	522	1	511	0.0	783	54.15
Ea59_Lambda	WP_411601078.1	38.951	534	293	9	2	523	3	515	0.0	783	55.81
Ea59_Lambda	WP_319798028.1	47.222	504	244	4	19	517	2	488	0.0	783	62.50
Ea59_Lambda	WP_152184547.1	40.154	518	282	5	2	519	3	492	0.0	783	57.14
Ea59_Lambda	WP_295023589.1	39.155	521	288	6	2	521	3	495	0.0	783	57.58
Ea59_Lambda	WP_193188989.1	35.196	537	315	9	2	523	1	519	0.0	783	53.63
Ea59_Lambda	WP_045747644.1	37.708	541	300	7	2	522	1	524	0.0	783	53.60
Ea59_Lambda	WP_373357897.1	51.125	489	217	3	36	522	1	469	0.0	783	66.67
Ea59_Lambda	WP_252410789.1	37.882	491	278	6	36	519	1	471	0.0	783	55.60
Ea59_Lambda	WP_258534410.1	36.015	522	305	9	7	522	2	500	0.0	783	53.45
Ea59_Lambda	MDD2790627.1	40.232	517	281	5	2	518	3	491	0.0	783	58.22
Ea59_Lambda	WP_181650047.1	37.288	531	302	10	2	524	1	508	0.0	783	51.98
Ea59_Lambda	MFL0805566.1	37.803	537	302	6	2	525	4	521	0.0	782	56.98
Ea59_Lambda	WP_083487959.1	41.894	549	261	8	3	524	4	521	0.0	782	56.65
Ea59_Lambda	WP_400976651.1	37.689	528	305	7	2	524	1	509	0.0	782	54.36
Ea59_Lambda	WP_140561606.1	36.636	535	303	10	2	524	1	511	0.0	781	53.27
Ea59_Lambda	WP_125945666.1	39.219	538	287	9	2	522	1	515	0.0	781	55.58
Ea59_Lambda	WP_081795065.1	38.113	530	303	7	2	518	1	518	0.0	781	54.72
Ea59_Lambda	WP_143959487.1	37.165	522	301	7	2	516	1	502	0.0	781	53.45
Ea59_Lambda	WP_320449523.1	38.168	524	292	8	13	524	1	504	0.0	781	55.73
Ea59_Lambda	MEX1211344.1	37.786	524	301	6	3	518	9	515	0.0	781	54.39
Ea59_Lambda	WP_354072081.1	37.106	539	298	10	2	523	43	557	0.0	781	55.29
Ea59_Lambda	WP_361840676.1	35.754	537	312	8	2	525	1	517	0.0	781	54.00
Ea59_Lambda	WP_307693485.1	45.047	535	264	6	2	524	3	519	0.0	781	60.93
Ea59_Lambda	WP_088744094.1	47.170	530	271	3	2	524	1	528	0.0	780	62.64
Ea59_Lambda	WP_130805079.1	38.993	536	288	10	2	521	1	513	0.0	780	56.34
Ea59_Lambda	WP_222854065.1	38.672	512	287	8	25	524	2	498	0.0	780	53.52
Ea59_Lambda	WP_372350189.1	37.782	532	298	10	2	524	1	508	0.0	780	52.82
Ea59_Lambda	WP_386829232.1	38.185	529	300	8	2	524	1	508	0.0	780	53.31
Ea59_Lambda	WP_413570903.1	36.051	552	304	10	2	525	1	531	0.0	780	53.26
Ea59_Lambda	WP_350920011.1	37.711	533	297	7	10	524	2	517	0.0	780	53.10
Ea59_Lambda	MCT4588904.1	36.138	523	307	8	2	519	1	501	0.0	780	52.96
Ea59_Lambda	WP_167765649.1	39.098	532	290	8	2	521	1	510	0.0	779	56.02
Ea59_Lambda	WP_320368323.1	34.701	536	312	8	4	523	8	521	0.0	779	53.17
Ea59_Lambda	WP_247372427.1	49.072	485	242	2	39	518	1	485	0.0	779	68.25
Ea59_Lambda	WP_382979864.1	37.665	531	300	10	2	524	1	508	0.0	779	53.11
Ea59_Lambda	WP_211413312.1	36.466	532	307	7	2	521	1	513	0.0	779	53.20
Ea59_Lambda	WP_365841390.1	36.210	533	307	11	2	524	63	572	0.0	778	52.72
Ea59_Lambda	WP_211448377.1	43.536	526	272	5	3	522	29	535	0.0	778	60.27
Ea59_Lambda	WP_358076180.1	36.347	531	309	7	2	524	1	510	0.0	778	51.98
Ea59_Lambda	WP_316228903.1	36.075	535	307	7	2	520	1	516	0.0	778	54.02
Ea59_Lambda	WP_075240074.1	44.129	528	267	7	3	522	4	511	0.0	778	59.28
Ea59_Lambda	HUZ51386.1	39.845	517	272	8	15	516	6	498	0.0	778	53.38
Ea59_Lambda	WP_249967919.1	36.329	523	307	8	2	519	1	502	0.0	776	53.54
Ea59_Lambda	WP_333658477.1	35.741	526	307	8	2	520	1	502	0.0	776	52.85
Ea59_Lambda	WP_343686106.1	38.041	531	303	6	2	523	1	514	0.0	776	55.18
Ea59_Lambda	WP_234478547.1	35.835	533	309	10	2	524	43	552	0.0	776	51.78
Ea59_Lambda	WP_292420265.1	38.734	537	289	9	2	521	1	514	0.0	776	55.68
Ea59_Lambda	WP_217371672.1	36.466	532	307	7	2	521	1	513	0.0	776	54.14
Ea59_Lambda	WP_250336332.1	37.782	532	299	10	2	524	1	509	0.0	776	52.44
Ea59_Lambda	WP_170327947.1	45.420	524	265	3	2	521	1	507	0.0	776	64.50
Ea59_Lambda	WP_410013946.1	43.561	528	274	5	1	523	1	509	0.0	776	59.85
Ea59_Lambda	MBD3672001.1	37.266	534	303	8	2	518	8	526	0.0	775	53.00
Ea59_Lambda	WP_221106813.1	42.379	538	278	7	2	524	1	521	0.0	775	57.81
Ea59_Lambda	WP_371696066.1	45.185	540	265	6	4	523	5	533	0.0	775	60.00
Ea59_Lambda	WP_322493165.1	44.508	528	268	6	4	524	13	522	0.0	775	59.09
Ea59_Lambda	WP_182736742.1	49.140	523	248	3	2	522	1	507	0.0	775	65.77
Ea59_Lambda	WP_081982432.1	36.381	536	306	8	2	523	1	515	0.0	774	54.29
Ea59_Lambda	WP_226552796.1	43.750	528	272	4	2	525	1	507	0.0	774	60.04
Ea59_Lambda	MES2011735.1	37.218	532	311	9	2	525	6	522	0.0	773	55.45
Ea59_Lambda	WP_210867259.1	42.193	538	280	6	2	519	3	529	0.0	772	60.41
Ea59_Lambda	WP_086009357.1	43.454	527	271	6	2	519	3	511	0.0	772	59.01
Ea59_Lambda	WP_031852563.1	45.057	526	268	3	2	525	1	507	0.0	772	62.17
Ea59_Lambda	WP_329719963.1	37.667	523	295	7	13	524	1	503	0.0	772	55.45
Ea59_Lambda	WP_414206464.1	42.940	517	275	3	10	523	12	511	0.0	771	58.03
Ea59_Lambda	WP_108194936.1	42.105	532	283	5	2	525	1	515	0.0	771	58.27
Ea59_Lambda	WP_367872993.1	38.619	536	296	8	2	522	8	525	0.0	771	55.22
Ea59_Lambda	WP_156196190.1	34.667	525	316	7	2	519	1	505	0.0	771	51.62
Ea59_Lambda	WP_095609940.1	43.954	521	273	3	2	521	1	503	0.0	771	60.84
Ea59_Lambda	AWY99610.1	44.423	529	267	6	2	525	1	507	0.0	771	61.44
Ea59_Lambda	WP_064037661.1	43.527	533	272	6	2	521	3	519	0.0	771	57.79
Ea59_Lambda	WP_245905396.1	43.077	520	276	5	13	523	1	509	0.0	770	58.46
Ea59_Lambda	WP_252717565.1	49.167	480	233	3	51	519	18	497	0.0	770	65.62
Ea59_Lambda	WP_108338740.1	43.045	532	276	4	2	522	1	516	0.0	770	59.40
Ea59_Lambda	WP_210235152.1	36.468	521	295	9	20	524	3	503	0.0	770	54.13
Ea59_Lambda	WP_256247959.1	39.231	520	279	9	19	523	5	502	0.0	770	54.62
Ea59_Lambda	MES2387872.1	35.171	526	307	8	2	516	1	503	0.0	769	51.71
Ea59_Lambda	WP_185821214.1	42.614	528	275	7	3	522	4	511	0.0	769	56.63
Ea59_Lambda	WP_232879150.1	46.927	537	237	6	1	519	1	507	0.0	769	60.52
Ea59_Lambda	WP_343657875.1	36.900	542	294	10	1	518	1	518	0.0	768	52.40
Ea59_Lambda	WP_189569903.1	36.773	533	308	8	2	525	6	518	0.0	768	52.91
Ea59_Lambda	WP_085396426.1	44.106	526	269	4	1	521	1	506	0.0	768	60.46
Ea59_Lambda	WP_080364164.1	44.508	528	269	4	1	524	1	508	0.0	768	61.36
Ea59_Lambda	WP_346493649.1	42.500	520	274	5	15	525	5	508	0.0	768	58.46
Ea59_Lambda	WP_204325940.1	36.059	538	311	10	2	524	1	520	0.0	767	53.72
Ea59_Lambda	WP_239396500.1	39.139	511	284	6	16	519	2	492	0.0	767	54.60
Ea59_Lambda	WP_222652976.1	44.381	525	262	7	2	516	3	507	0.0	767	62.48
Ea59_Lambda	KYO77899.1	41.542	467	245	6	61	519	1	447	0.0	767	57.17
Ea59_Lambda	MBV7434194.1	45.880	534	250	7	2	522	1	508	0.0	767	60.67
Ea59_Lambda	WP_161077854.1	49.614	518	257	4	2	518	1	515	0.0	767	64.67
Ea59_Lambda	WP_078599976.1	36.431	538	309	10	2	524	1	520	0.0	767	53.35
Ea59_Lambda	WP_386196018.1	36.622	527	309	7	2	523	1	507	0.0	767	54.46
Ea59_Lambda	WP_304846014.1	38.505	535	293	8	4	524	8	520	0.0	767	55.14
Ea59_Lambda	WP_271671652.1	35.863	527	303	7	2	512	1	508	0.0	766	54.27
Ea59_Lambda	WP_289913335.1	41.068	543	264	8	2	519	3	514	0.0	766	55.99
Ea59_Lambda	WP_320426675.1	43.208	530	274	6	2	522	3	514	0.0	766	59.06
Ea59_Lambda	WP_108819736.1	43.810	525	270	4	2	522	1	504	0.0	766	60.57
Ea59_Lambda	WP_249410725.1	43.561	528	270	6	2	519	1	510	0.0	766	60.23
Ea59_Lambda	WP_268054358.1	36.692	526	311	6	2	523	1	508	0.0	766	54.37
Ea59_Lambda	MEW6290343.1	36.754	536	304	8	4	521	10	528	0.0	766	53.54
Ea59_Lambda	MDR1181811.1	38.846	520	284	8	2	514	1	493	0.0	766	55.00
Ea59_Lambda	WP_019925204.1	37.523	533	289	9	2	516	1	507	0.0	766	52.16
Ea59_Lambda	WP_096409093.1	37.383	535	300	8	2	518	8	525	0.0	766	51.96
Ea59_Lambda	MEQ9263130.1	38.258	528	290	9	2	521	1	500	0.0	766	54.55
Ea59_Lambda	HEL5401829.1	42.505	527	274	8	4	522	5	510	0.0	765	58.25
Ea59_Lambda	WP_207769346.1	38.158	532	292	8	3	519	4	513	0.0	765	52.44
Ea59_Lambda	WP_182655475.1	38.447	541	299	5	2	523	1	526	0.0	765	55.08
Ea59_Lambda	WP_163819613.1	36.553	528	314	6	2	524	1	512	0.0	764	53.79
Ea59_Lambda	WP_276464374.1	52.008	523	246	5	2	521	1	521	0.0	764	66.92
Ea59_Lambda	MBS1939890.1	36.784	541	302	7	4	522	7	529	0.0	764	54.71
Ea59_Lambda	WP_132982034.1	45.747	529	278	6	2	524	1	526	0.0	764	62.95
Ea59_Lambda	WP_097249373.1	36.295	529	308	9	2	524	1	506	0.0	764	52.93
Ea59_Lambda	WP_030487923.1	36.535	531	307	8	2	523	1	510	0.0	764	51.60
Ea59_Lambda	SNQ51820.1	39.279	527	290	8	2	519	8	513	0.0	763	55.41
Ea59_Lambda	WP_228412442.1	37.431	545	293	10	1	521	2	522	0.0	763	53.21
Ea59_Lambda	WP_206545318.1	35.874	538	312	9	2	524	1	520	0.0	763	55.20
Ea59_Lambda	WP_081639004.1	39.065	535	288	8	2	523	4	513	0.0	763	56.45
Ea59_Lambda	WP_072269693.1	42.669	532	275	4	1	522	1	512	0.0	763	58.08
Ea59_Lambda	WP_410977339.1	44.318	528	287	2	2	522	1	528	0.0	763	61.17
Ea59_Lambda	WP_218832111.1	35.793	542	299	10	2	520	1	516	0.0	763	53.69
Ea59_Lambda	WP_168085316.1	42.315	527	277	6	2	519	3	511	0.0	763	59.20
Ea59_Lambda	WP_319992930.1	37.828	534	295	9	2	515	8	524	0.0	762	53.37
Ea59_Lambda	WP_093733416.1	42.697	534	278	5	2	524	1	517	0.0	762	57.30
Ea59_Lambda	WP_335855354.1	43.619	525	272	4	1	521	1	505	0.0	762	59.81
Ea59_Lambda	WP_150330819.1	38.619	536	291	8	2	524	4	514	0.0	762	55.78
Ea59_Lambda	WP_119127197.1	46.198	526	273	3	1	525	1	517	0.0	761	62.74
Ea59_Lambda	WP_115323009.1	43.233	532	265	11	2	523	1	505	0.0	761	59.59
Ea59_Lambda	MFP3524868.1	38.692	535	290	8	2	523	4	513	0.0	761	54.58
Ea59_Lambda	WP_317541962.1	46.800	500	228	6	39	525	1	475	0.0	761	60.00
Ea59_Lambda	WP_224870685.1	36.862	529	302	7	2	523	1	504	0.0	761	54.44
Ea59_Lambda	WP_218754340.1	35.227	528	306	9	2	519	1	502	0.0	761	51.52
Ea59_Lambda	WP_019945468.1	38.095	525	300	5	2	520	1	506	0.0	761	56.95
Ea59_Lambda	WP_236780243.1	42.991	535	277	6	2	524	3	521	0.0	761	59.81
Ea59_Lambda	WP_102946597.1	42.286	525	278	5	2	517	1	509	0.0	761	57.33
Ea59_Lambda	WP_233391131.1	34.630	540	309	10	1	518	4	521	0.0	761	53.15
Ea59_Lambda	WP_258459985.1	50.287	523	256	4	2	522	1	521	0.0	761	65.58
Ea59_Lambda	WP_078351627.1	39.509	529	296	5	2	524	1	511	0.0	760	58.03
Ea59_Lambda	WP_396599858.1	37.572	519	282	7	22	522	7	501	0.0	760	54.14
Ea59_Lambda	WP_094815594.1	38.086	533	295	8	4	518	10	525	0.0	760	54.22
Ea59_Lambda	WP_103379210.1	39.927	546	266	5	2	522	1	509	0.0	760	57.33
Ea59_Lambda	WP_108759076.1	38.961	539	295	5	2	521	1	524	0.0	760	57.33
Ea59_Lambda	WP_230695176.1	43.364	535	274	6	1	525	18	533	0.0	759	60.00
Ea59_Lambda	WP_383496581.1	38.230	531	292	11	2	524	1	503	0.0	759	53.86
Ea59_Lambda	WP_339792092.1	35.970	531	308	10	2	523	1	508	0.0	759	54.05
Ea59_Lambda	WP_386686443.1	45.736	516	246	7	2	508	1	491	0.0	759	60.08
Ea59_Lambda	WP_152865074.1	34.962	532	307	9	4	518	8	517	0.0	759	53.57
Ea59_Lambda	WP_218537771.1	43.019	530	275	6	4	524	5	516	0.0	759	59.06
Ea59_Lambda	WP_225999807.1	36.567	536	295	11	2	521	1	507	0.0	758	54.10
Ea59_Lambda	WP_290326636.1	50.287	523	256	4	2	522	1	521	0.0	758	65.20
Ea59_Lambda	WP_218896165.1	37.311	528	302	7	10	522	3	516	0.0	758	51.14
Ea59_Lambda	WP_080418998.1	38.131	535	296	9	2	524	1	512	0.0	758	52.71
Ea59_Lambda	TCM68450.1	47.753	534	257	4	2	519	1	528	0.0	758	63.11
Ea59_Lambda	WP_161632412.1	45.383	509	253	6	22	523	2	492	0.0	758	61.10
Ea59_Lambda	WP_100630801.1	37.782	532	301	7	2	522	1	513	0.0	758	54.32
Ea59_Lambda	WP_249990771.1	38.783	526	295	7	2	519	1	507	0.0	758	56.08
Ea59_Lambda	WP_203736778.1	34.579	535	303	10	4	522	12	515	0.0	758	51.96
Ea59_Lambda	WP_285680705.1	42.344	529	276	7	2	521	3	511	0.0	757	57.47
Ea59_Lambda	WP_336159140.1	37.970	532	290	11	2	522	1	503	0.0	757	53.38
Ea59_Lambda	WP_312282339.1	43.580	514	267	4	2	510	4	499	0.0	757	58.95
Ea59_Lambda	WP_376335595.1	35.970	531	311	9	2	524	1	510	0.0	757	53.30
Ea59_Lambda	SFQ64490.1	35.688	538	302	10	4	520	2	516	0.0	757	52.97
Ea59_Lambda	MFH2065433.1	36.961	533	301	8	4	518	11	526	0.0	757	52.72
Ea59_Lambda	WP_159832468.1	37.593	540	294	11	2	521	1	517	0.0	757	55.93
Ea59_Lambda	WP_017454876.1	48.387	527	266	3	2	523	1	526	0.0	757	63.95
Ea59_Lambda	WP_251753347.1	47.368	475	229	3	48	519	2	458	0.0	757	64.42
Ea59_Lambda	RVT81636.1	36.381	514	295	8	24	523	2	497	0.0	757	55.45
Ea59_Lambda	WP_411683640.1	43.810	525	271	4	1	521	1	505	0.0	756	59.62
Ea59_Lambda	WP_389494788.1	36.158	531	310	9	2	524	1	510	0.0	756	53.67
Ea59_Lambda	WP_020846007.1	39.434	530	294	7	2	518	1	516	0.0	756	56.60
Ea59_Lambda	WP_054049578.1	42.639	523	279	3	2	522	1	504	0.0	756	59.66
Ea59_Lambda	WP_398440018.1	37.452	526	304	8	2	524	1	504	0.0	756	54.37
Ea59_Lambda	WP_315859819.1	39.648	512	272	8	26	521	2	492	0.0	756	57.23
Ea59_Lambda	WP_200577627.1	42.533	529	281	4	2	525	4	514	0.0	756	60.68
Ea59_Lambda	WP_186681075.1	44.084	524	272	3	2	523	1	505	0.0	756	59.73
Ea59_Lambda	MES2641055.1	35.675	541	305	9	2	519	1	521	0.0	756	52.50
Ea59_Lambda	HFO0255538.1	65.376	465	161	0	1	465	1	465	0.0	756	79.35
Ea59_Lambda	WP_191149747.1	37.476	531	294	8	2	519	4	509	0.0	756	55.56
Ea59_Lambda	MXY54002.1	35.888	535	303	8	2	517	1	514	0.0	755	51.78
Ea59_Lambda	WP_210010779.1	37.127	536	298	9	2	521	1	513	0.0	755	54.66
Ea59_Lambda	WP_265409442.1	35.963	545	298	10	2	523	1	517	0.0	755	54.86
Ea59_Lambda	WP_111377048.1	38.667	525	296	7	2	519	1	506	0.0	755	55.81
Ea59_Lambda	WP_231738817.1	49.709	515	234	5	24	523	2	506	0.0	755	63.30
Ea59_Lambda	WP_386961253.1	37.643	526	291	8	2	516	1	500	0.0	755	52.85
Ea59_Lambda	WP_232845544.1	39.029	515	276	8	24	521	2	495	0.0	755	55.34
Ea59_Lambda	NDU85380.1	36.517	534	304	8	2	517	9	525	0.0	755	53.37
Ea59_Lambda	RZK44474.1	37.523	541	315	6	3	522	4	542	0.0	755	54.16
Ea59_Lambda	WP_379201696.1	37.316	544	298	9	2	522	1	524	0.0	754	51.47
Ea59_Lambda	MBW4028863.1	35.888	535	300	10	2	515	1	513	0.0	754	52.15
Ea59_Lambda	WP_404641426.1	49.057	477	221	4	49	522	2	459	0.0	753	63.73
Ea59_Lambda	WP_379012963.1	39.848	527	294	6	2	522	1	510	0.0	753	55.79
Ea59_Lambda	WP_415664101.1	45.386	531	258	8	2	522	1	509	0.0	753	61.39
Ea59_Lambda	MCY4559299.1	34.944	538	315	7	2	523	1	519	0.0	753	51.86
Ea59_Lambda	WP_035603245.1	38.086	533	295	8	4	518	11	526	0.0	753	53.47
Ea59_Lambda	MEZ8967477.1	45.574	531	279	7	2	525	1	528	0.0	753	62.15
Ea59_Lambda	WP_110565742.1	36.604	530	307	7	2	523	1	509	0.0	753	51.51
Ea59_Lambda	WP_224372474.1	38.791	513	291	8	21	523	8	507	0.0	753	54.78
Ea59_Lambda	MBU0623177.1	35.926	540	300	10	4	519	2	519	0.0	753	54.44
Ea59_Lambda	WP_126198901.1	36.762	525	307	7	4	516	2	513	0.0	753	54.10
Ea59_Lambda	WP_331330457.1	40.152	528	290	8	2	517	1	514	0.0	753	59.09
Ea59_Lambda	WP_197076211.1	47.143	490	236	4	36	519	1	473	0.0	752	61.84
Ea59_Lambda	WP_124771775.1	35.593	531	313	7	2	524	1	510	0.0	752	51.41
Ea59_Lambda	WP_078814668.1	35.622	539	303	7	4	514	7	529	0.0	752	50.65
Ea59_Lambda	WP_378155124.1	38.806	536	301	8	1	516	1	529	0.0	752	55.04
Ea59_Lambda	WP_060681308.1	37.143	525	296	9	2	518	1	499	0.0	752	55.81
Ea59_Lambda	HDR2553072.1	52.360	445	194	2	78	522	1	427	0.0	752	66.07
Ea59_Lambda	WP_413975271.1	42.884	527	272	7	4	522	5	510	0.0	752	55.98
Ea59_Lambda	WP_350425989.1	42.015	526	281	4	1	522	1	506	0.0	751	59.51
Ea59_Lambda	WP_210477102.1	36.431	538	298	10	4	520	2	516	0.0	751	53.53
Ea59_Lambda	WP_248391006.1	37.879	528	300	9	2	523	10	515	0.0	751	55.30
Ea59_Lambda	WP_388664832.1	36.122	526	311	7	2	524	1	504	0.0	751	54.56
Ea59_Lambda	WP_223283966.1	36.312	526	309	7	2	523	1	504	0.0	751	55.70
Ea59_Lambda	WP_198091070.1	34.727	550	294	12	2	525	1	511	0.0	751	52.36
Ea59_Lambda	WP_122980028.1	35.593	531	313	7	2	524	1	510	0.0	750	52.54
Ea59_Lambda	WP_122282304.1	42.939	524	278	3	2	523	1	505	0.0	750	58.78
Ea59_Lambda	WP_044872474.1	36.667	540	296	10	4	520	2	518	0.0	750	53.33
Ea59_Lambda	WP_069701665.1	35.472	530	305	9	2	520	1	504	0.0	749	54.15
Ea59_Lambda	WP_168945569.1	37.358	530	293	7	2	515	1	507	0.0	749	51.51
Ea59_Lambda	EFL7078653.1	68.000	450	144	0	1	450	1	450	0.0	748	82.44
Ea59_Lambda	WP_145397485.1	43.551	535	274	5	1	525	1	517	0.0	748	59.25
Ea59_Lambda	WP_413613235.1	38.346	532	288	8	2	517	1	508	0.0	748	55.26
Ea59_Lambda	MDO9333733.1	37.009	535	300	11	2	522	1	512	0.0	748	55.70
Ea59_Lambda	WP_121268596.1	37.828	534	306	6	2	522	1	521	0.0	748	57.30
Ea59_Lambda	WP_261641537.1	42.286	525	280	4	1	522	1	505	0.0	748	59.81
Ea59_Lambda	CUI02210.1	38.380	469	272	5	65	523	4	465	0.0	747	55.86
Ea59_Lambda	MDO9360674.1	37.009	535	299	8	2	521	1	512	0.0	747	51.40
Ea59_Lambda	WP_226180667.1	38.068	528	299	8	2	521	7	514	0.0	747	54.17
Ea59_Lambda	WP_079244304.1	37.618	529	287	7	15	523	5	510	0.0	746	52.93
Ea59_Lambda	WP_278020843.1	35.539	529	311	9	2	520	1	509	0.0	746	54.25
Ea59_Lambda	WP_092909648.1	38.314	522	264	8	2	507	3	482	0.0	746	53.45
Ea59_Lambda	WP_217654671.1	35.675	541	302	11	4	521	16	533	0.0	746	51.76
Ea59_Lambda	WP_087933568.1	42.205	526	280	4	1	522	1	506	0.0	746	58.56
Ea59_Lambda	MDD5384271.1	37.705	549	299	7	2	523	12	544	0.0	746	53.73
Ea59_Lambda	WP_176369706.1	37.148	533	288	12	10	515	5	517	0.0	745	52.91
Ea59_Lambda	MDP7223353.1	36.961	533	312	8	3	524	6	525	0.0	745	56.10
Ea59_Lambda	WP_368029155.1	38.780	508	283	5	2	509	3	482	0.0	745	55.91
Ea59_Lambda	WP_386748581.1	35.863	527	312	7	2	524	1	505	0.0	745	53.70
Ea59_Lambda	WP_148800448.1	38.158	532	296	8	7	519	18	535	0.0	745	55.08
Ea59_Lambda	HCI1915381.1	36.162	542	297	11	4	520	2	519	0.0	745	52.95
Ea59_Lambda	WP_370154277.1	37.616	537	294	11	2	520	1	514	0.0	744	56.80
Ea59_Lambda	WP_319852270.1	42.015	526	282	4	1	523	1	506	0.0	744	61.03
Ea59_Lambda	WP_131585449.1	37.548	522	312	4	2	522	1	509	0.0	743	52.49
Ea59_Lambda	WP_087822701.1	36.961	533	298	8	3	522	5	512	0.0	743	55.16
Ea59_Lambda	WP_194617398.1	39.048	525	294	7	2	519	1	506	0.0	743	56.19
Ea59_Lambda	WP_201542493.1	46.154	533	258	5	2	524	1	514	0.0	742	60.60
Ea59_Lambda	WP_279215128.1	34.259	540	310	10	4	519	69	587	0.0	742	52.78
Ea59_Lambda	WP_007245235.1	43.378	521	269	5	7	519	8	510	0.0	742	59.12
Ea59_Lambda	WP_195004741.1	37.058	537	291	7	2	515	1	513	0.0	742	51.77
Ea59_Lambda	WP_310345488.1	34.196	541	310	10	4	519	2	521	0.0	742	53.23
Ea59_Lambda	WP_272518080.1	43.874	506	261	4	19	519	24	511	0.0	741	61.07
Ea59_Lambda	WP_273416080.1	42.884	527	276	6	2	521	3	511	0.0	741	60.34
Ea59_Lambda	WP_114867344.1	44.068	531	287	7	2	525	1	528	0.0	741	61.21
Ea59_Lambda	WP_121376713.1	38.140	527	304	6	2	524	1	509	0.0	741	55.79
Ea59_Lambda	WP_239837506.1	44.867	526	269	4	2	525	1	507	0.0	741	63.12
Ea59_Lambda	WP_389329590.1	35.970	531	309	9	2	523	1	509	0.0	741	50.66
Ea59_Lambda	WP_135749994.1	35.448	536	313	6	2	524	1	516	0.0	740	53.73
Ea59_Lambda	WP_409077918.1	35.609	542	301	10	4	520	2	520	0.0	740	52.21
Ea59_Lambda	WP_063758985.1	36.590	522	305	8	6	524	2	500	0.0	740	54.02
Ea59_Lambda	WP_379471753.1	36.648	543	298	9	2	525	1	516	0.0	740	50.46
Ea59_Lambda	MDR2997534.1	36.514	545	308	8	4	525	166	695	0.0	740	51.38
Ea59_Lambda	WP_203162041.1	100.000	448	0	0	78	525	1	448	0.0	739	100.00
Ea59_Lambda	MBL0086255.1	35.798	514	291	8	11	507	2	493	0.0	739	52.53
Ea59_Lambda	WP_274082500.1	35.120	541	303	11	4	519	2	519	0.0	739	52.13
Ea59_Lambda	WP_217449662.1	36.989	538	295	10	4	519	16	531	0.0	739	53.53
Ea59_Lambda	WP_332674200.1	36.245	538	297	11	2	515	1	516	0.0	739	54.09
Ea59_Lambda	WP_086740498.1	35.382	537	300	11	2	515	1	513	0.0	738	48.60
Ea59_Lambda	WP_301375930.1	37.911	517	293	5	2	518	3	491	0.0	738	53.58
Ea59_Lambda	MEW6436956.1	36.142	534	298	11	2	515	1	511	0.0	738	53.37
Ea59_Lambda	MDR2000115.1	35.993	539	300	10	4	519	2	518	0.0	738	52.32
Ea59_Lambda	WP_327784072.1	45.198	531	281	7	2	525	1	528	0.0	738	62.71
Ea59_Lambda	WP_126277437.1	38.374	529	293	9	2	524	1	502	0.0	738	53.88
Ea59_Lambda	WP_233372048.1	35.196	537	305	10	4	519	2	516	0.0	737	52.89
Ea59_Lambda	WP_286397128.1	49.687	479	230	3	2	469	1	479	0.0	737	63.88
Ea59_Lambda	WP_398152268.1	35.888	535	310	6	2	521	1	517	0.0	737	53.46
Ea59_Lambda	WP_166133967.1	37.072	526	305	7	2	520	1	507	0.0	737	55.70
Ea59_Lambda	WP_392075912.1	35.795	528	313	8	3	524	15	522	0.0	737	52.27
Ea59_Lambda	WP_365420364.1	36.032	494	289	8	36	523	1	473	0.0	736	53.44
Ea59_Lambda	WP_279839416.1	45.265	528	281	3	2	521	1	528	0.0	736	62.12
Ea59_Lambda	WP_312841353.1	34.259	540	310	10	4	519	2	520	0.0	735	52.78
Ea59_Lambda	WP_160288084.1	35.478	544	303	10	4	522	2	522	0.0	735	53.68
Ea59_Lambda	WP_216845575.1	38.207	513	268	8	27	524	5	483	0.0	735	54.97
Ea59_Lambda	WP_355301439.1	34.601	526	308	10	2	523	1	494	0.0	734	50.95
Ea59_Lambda	WP_136222861.1	35.985	528	311	7	3	523	5	512	0.0	734	54.55
Ea59_Lambda	WP_366917756.1	37.378	511	286	9	23	521	4	492	0.0	734	52.25
Ea59_Lambda	WP_218156592.1	35.110	544	306	10	2	519	3	525	0.0	734	53.68
Ea59_Lambda	WP_031453380.1	37.333	525	303	7	2	519	1	506	0.0	734	55.81
Ea59_Lambda	WP_198666134.1	35.094	530	310	10	4	522	2	508	0.0	733	50.94
Ea59_Lambda	WP_133990938.1	38.033	539	297	10	2	525	1	517	0.0	733	54.55
Ea59_Lambda	PHQ85533.1	36.595	511	294	8	22	522	18	508	0.0	733	53.03
Ea59_Lambda	TFA86246.1	40.900	511	283	3	18	525	13	507	0.0	733	57.93
Ea59_Lambda	WP_364644115.1	35.382	537	311	9	2	525	1	514	0.0	733	50.47
Ea59_Lambda	WP_357749841.1	35.660	530	312	8	2	523	1	509	0.0	733	52.08
Ea59_Lambda	RPT56609.1	37.963	540	289	10	4	520	71	587	0.0	733	55.19
Ea59_Lambda	WP_236669849.1	35.171	526	309	8	6	525	2	501	0.0	733	53.99
Ea59_Lambda	WP_339429120.1	38.879	535	290	12	2	522	1	512	0.0	732	57.20
Ea59_Lambda	MFN0141305.1	37.058	537	304	11	2	523	1	518	0.0	732	54.00
Ea59_Lambda	WP_318353137.1	36.891	534	297	10	2	522	1	507	0.0	732	50.94
Ea59_Lambda	WP_108526186.1	35.860	541	299	10	4	519	2	519	0.0	732	53.42
Ea59_Lambda	WP_346746273.1	38.207	513	286	8	21	519	31	526	0.0	732	56.14
Ea59_Lambda	WP_197686058.1	35.849	530	311	7	2	523	1	509	0.0	731	51.32
Ea59_Lambda	WP_357133939.1	34.615	546	310	12	2	521	1	525	0.0	731	49.45
Ea59_Lambda	WP_103566799.1	37.917	509	296	7	21	519	31	529	0.0	731	55.80
Ea59_Lambda	WP_227971627.1	35.460	533	305	8	2	523	1	505	0.0	731	51.78
Ea59_Lambda	WP_348292259.1	35.352	512	301	8	21	522	17	508	0.0	731	52.15
Ea59_Lambda	WP_250522749.1	37.739	522	279	11	20	515	15	516	0.0	731	53.45
Ea59_Lambda	HEX4022173.1	37.732	538	292	10	2	518	1	516	0.0	730	53.35
Ea59_Lambda	WP_325918566.1	36.162	542	299	10	4	521	2	520	0.0	730	52.58
Ea59_Lambda	WP_014069715.1	40.357	560	279	5	1	525	1	540	0.0	730	57.50
Ea59_Lambda	WP_334147218.1	38.520	527	284	9	2	516	1	499	0.0	730	51.04
Ea59_Lambda	WP_204510482.1	38.104	517	289	8	21	519	31	534	0.0	730	55.71
Ea59_Lambda	WP_267416862.1	37.308	520	285	8	22	525	2	496	0.0	730	52.12
Ea59_Lambda	WP_266157245.1	40.698	516	280	4	18	524	22	520	0.0	729	56.98
Ea59_Lambda	WP_033901921.1	35.175	543	304	10	4	521	2	521	0.0	729	52.85
Ea59_Lambda	WP_062609662.1	37.736	530	278	10	19	515	15	525	0.0	729	52.64
Ea59_Lambda	WP_332373351.1	37.308	520	281	11	19	515	15	512	0.0	729	51.35
Ea59_Lambda	WP_282712730.1	38.550	524	297	6	2	518	1	506	0.0	729	56.30
Ea59_Lambda	WP_272625968.1	36.636	535	299	9	2	519	5	516	0.0	729	53.27
Ea59_Lambda	WP_192345342.1	36.280	543	296	12	4	520	2	520	0.0	728	51.75
Ea59_Lambda	WP_338887219.1	52.135	445	194	3	77	520	2	428	0.0	728	64.27
Ea59_Lambda	WP_326687256.1	37.546	538	297	10	2	525	1	513	0.0	728	49.81
Ea59_Lambda	WP_307666627.1	36.260	524	307	9	3	523	5	504	0.0	728	54.96
Ea59_Lambda	WP_316551501.1	52.000	425	186	2	75	499	1	407	0.0	727	65.41
Ea59_Lambda	WP_394947211.1	35.688	538	297	13	2	515	1	513	0.0	727	50.00
Ea59_Lambda	WP_231607786.1	35.433	508	301	7	23	524	3	489	0.0	727	53.74
Ea59_Lambda	WP_088375339.1	36.023	533	302	8	2	523	1	505	0.0	726	51.22
Ea59_Lambda	WP_386153686.1	36.917	493	285	8	36	524	1	471	0.0	726	54.56
Ea59_Lambda	WP_280359709.1	37.500	480	269	7	55	523	2	461	0.0	726	54.58
Ea59_Lambda	WP_339160121.1	36.782	522	303	7	2	515	1	503	0.0	726	55.75
Ea59_Lambda	WP_392224322.1	34.701	536	317	6	2	522	1	518	0.0	725	51.31
Ea59_Lambda	WP_230590573.1	47.177	496	235	6	36	523	1	477	0.0	725	61.29
Ea59_Lambda	WP_025146474.1	37.476	523	296	6	2	518	1	498	0.0	725	58.32
Ea59_Lambda	WP_359853664.1	34.667	525	309	11	2	523	1	494	0.0	725	51.24
Ea59_Lambda	WP_155232174.1	37.333	525	314	9	2	519	1	517	0.0	725	55.24
Ea59_Lambda	WP_175302657.1	36.194	536	302	9	2	525	1	508	0.0	724	54.10
Ea59_Lambda	QKW31242.1	35.227	528	310	9	6	524	2	506	0.0	724	52.27
Ea59_Lambda	WP_198414483.1	38.028	497	274	7	36	518	1	477	0.0	724	52.31
Ea59_Lambda	WP_291914739.1	34.451	537	310	10	4	519	2	517	0.0	724	52.89
Ea59_Lambda	HCT77517.1	38.659	507	279	7	23	523	13	493	0.0	723	52.27
Ea59_Lambda	WP_103634411.1	38.507	509	284	8	26	519	3	497	0.0	723	55.60
Ea59_Lambda	WP_191578333.1	35.846	544	304	8	2	523	1	521	0.0	723	52.21
Ea59_Lambda	WP_279925942.1	34.733	524	308	8	2	523	1	492	0.0	723	51.72
Ea59_Lambda	WP_357310291.1	36.433	527	289	10	2	525	1	484	0.0	723	52.94
Ea59_Lambda	WP_042506680.1	40.514	506	277	6	19	519	15	501	0.0	723	55.14
Ea59_Lambda	WP_305786491.1	35.150	532	308	12	2	523	1	505	0.0	723	52.82
Ea59_Lambda	WP_365369614.1	36.312	526	308	8	2	524	1	502	0.0	722	51.71
Ea59_Lambda	WP_219467845.1	34.879	539	310	9	2	523	1	515	0.0	722	51.39
Ea59_Lambda	WP_017235517.1	43.355	459	234	4	71	519	1	443	0.0	722	59.69
Ea59_Lambda	MBN8218444.1	37.812	521	294	6	2	507	6	511	0.0	722	53.55
Ea59_Lambda	WP_081737501.1	42.045	528	271	9	11	524	9	515	0.0	721	57.01
Ea59_Lambda	WP_376342874.1	36.053	527	311	8	2	524	1	505	0.0	721	52.94
Ea59_Lambda	WP_402414471.1	35.701	521	322	5	2	519	1	511	0.0	721	55.09
Ea59_Lambda	WP_365495989.1	34.320	507	306	7	23	523	3	488	0.0	721	52.66
Ea59_Lambda	WP_406754724.1	38.086	512	291	6	19	521	15	509	0.0	721	55.47
Ea59_Lambda	WP_366975419.1	38.491	530	305	10	2	523	3	519	0.0	721	57.92
Ea59_Lambda	WP_124352450.1	37.757	535	296	11	2	522	1	512	0.0	720	56.26
Ea59_Lambda	WP_385995665.1	35.824	522	309	8	6	523	2	501	0.0	719	54.02
Ea59_Lambda	WP_026171821.1	35.810	525	318	7	2	518	1	514	0.0	719	51.81
Ea59_Lambda	WP_379575264.1	35.382	537	317	9	4	524	167	689	0.0	719	51.02
Ea59_Lambda	WP_080952301.1	38.349	545	287	12	2	521	1	521	0.0	719	54.13
Ea59_Lambda	WP_146816909.1	37.761	527	295	10	2	522	3	502	0.0	719	55.79
Ea59_Lambda	WP_093936777.1	33.714	525	314	10	2	523	1	494	0.0	719	51.43
Ea59_Lambda	WP_035407632.1	36.654	532	294	8	2	520	1	502	0.0	719	53.76
Ea59_Lambda	WP_405376991.1	40.039	507	280	6	19	520	15	502	0.0	718	56.80
Ea59_Lambda	WP_342132361.1	37.944	535	294	6	8	525	8	521	0.0	718	53.64
Ea59_Lambda	WP_089267504.1	37.739	522	283	12	2	505	1	498	0.0	718	54.60
Ea59_Lambda	WP_221898570.1	42.563	437	226	4	94	523	1	419	0.0	718	60.18
Ea59_Lambda	WP_253208465.1	36.585	533	305	7	2	519	1	515	0.0	718	52.91
Ea59_Lambda	WP_197368293.1	36.920	539	300	9	2	523	5	520	0.0	718	54.17
Ea59_Lambda	MCY4060484.1	36.235	494	277	7	51	525	1	475	0.0	716	51.01
Ea59_Lambda	WP_009959101.1	37.288	531	296	9	2	515	9	519	0.0	716	54.24
Ea59_Lambda	WP_374817320.1	37.336	533	286	9	2	515	1	504	0.0	716	52.35
Ea59_Lambda	WP_124665576.1	46.137	453	221	4	76	522	5	440	0.0	716	61.37
Ea59_Lambda	WP_269290103.1	34.791	526	307	9	2	523	1	494	0.0	716	51.52
Ea59_Lambda	XDF78615.1	42.299	461	241	3	4	455	5	449	0.0	716	59.65
Ea59_Lambda	WP_343165547.1	38.163	490	268	7	2	476	1	470	0.0	715	54.49
Ea59_Lambda	WP_362628099.1	34.405	529	317	8	5	523	5	513	0.0	715	53.12
Ea59_Lambda	WP_080944554.1	35.327	535	310	11	2	523	1	512	0.0	715	54.95
Ea59_Lambda	WP_009169732.1	34.791	526	313	10	2	523	1	500	0.0	714	51.52
Ea59_Lambda	RYF26337.1	37.786	524	300	7	2	518	1	505	0.0	714	55.92
Ea59_Lambda	WP_149200210.1	35.240	542	304	11	4	521	2	520	0.0	713	53.51
Ea59_Lambda	HKI43136.1	37.860	486	266	7	2	470	1	467	0.0	713	51.65
Ea59_Lambda	WP_241478696.1	43.260	497	256	5	7	495	8	486	0.0	713	58.35
Ea59_Lambda	WP_390676415.1	34.659	528	315	9	2	524	1	503	0.0	712	51.89
Ea59_Lambda	WP_136891548.1	36.882	526	303	9	2	525	1	499	0.0	712	56.84
Ea59_Lambda	WP_412265809.1	34.444	540	308	7	1	522	1	512	0.0	712	52.41
Ea59_Lambda	WP_013208819.1	36.313	537	297	12	2	515	1	515	0.0	712	54.75
Ea59_Lambda	WP_358096710.1	38.649	533	295	8	2	524	1	511	0.0	712	54.97
Ea59_Lambda	WP_402722424.1	36.226	530	308	8	2	524	1	507	0.0	712	52.26
Ea59_Lambda	QQM04086.1	36.975	476	265	8	61	523	1	454	0.0	712	54.62
Ea59_Lambda	WP_063857009.1	35.038	528	317	8	2	518	1	513	0.0	711	50.95
Ea59_Lambda	WP_133343051.1	36.240	516	300	8	15	522	4	498	0.0	711	53.68
Ea59_Lambda	WP_247625065.1	36.347	531	293	9	2	516	1	502	0.0	711	52.35
Ea59_Lambda	MEP6067354.1	34.528	530	317	8	4	525	2	509	0.0	711	50.57
Ea59_Lambda	WP_304509166.1	38.400	500	276	10	20	515	18	489	0.0	711	54.60
Ea59_Lambda	WP_261971801.1	35.466	547	312	8	2	525	1	529	0.0	710	52.47
Ea59_Lambda	WP_368911886.1	37.244	537	288	11	2	514	1	512	0.0	710	52.51
Ea59_Lambda	WP_052235153.1	37.477	539	289	10	3	515	6	522	0.0	710	52.88
Ea59_Lambda	WP_278124742.1	33.457	541	318	8	2	523	1	518	0.0	709	49.17
Ea59_Lambda	WP_387794225.1	35.484	527	314	7	2	523	1	506	0.0	709	52.37
Ea59_Lambda	WP_319958470.1	35.283	547	300	10	3	522	4	523	0.0	709	53.20
Ea59_Lambda	WP_366677351.1	35.556	540	308	11	2	522	1	519	0.0	709	51.48
Ea59_Lambda	WP_029555518.1	35.065	539	304	10	4	519	2	517	0.0	709	51.21
Ea59_Lambda	WP_075478324.1	39.636	550	300	6	2	523	1	546	0.0	709	56.91
Ea59_Lambda	MCX6952973.1	35.701	535	309	8	4	525	5	517	0.0	709	49.53
Ea59_Lambda	WP_342207361.1	35.902	532	299	11	2	523	1	500	0.0	709	53.38
Ea59_Lambda	WP_310158745.1	42.243	535	295	6	2	522	4	538	0.0	709	57.94
Ea59_Lambda	WP_288684250.1	36.174	528	306	9	2	525	1	501	0.0	709	53.03
Ea59_Lambda	HEX9058818.1	34.694	539	315	13	2	524	1	518	0.0	709	54.55
Ea59_Lambda	WP_282914308.1	35.359	543	290	12	2	520	1	506	0.0	709	53.41
Ea59_Lambda	WP_207461788.1	35.849	530	297	11	4	515	21	525	0.0	709	51.13
Ea59_Lambda	WP_242692753.1	100.000	436	0	0	1	436	4	439	0.0	708	100.00
Ea59_Lambda	WP_120466018.1	33.892	537	317	12	2	523	1	514	0.0	708	55.87
Ea59_Lambda	PZQ60369.1	37.594	532	289	10	3	516	22	528	0.0	708	52.82
Ea59_Lambda	WP_048033544.1	37.594	532	290	8	2	520	1	503	0.0	708	55.08
Ea59_Lambda	MFA6900573.1	38.854	471	259	5	65	524	4	456	0.0	708	54.56
Ea59_Lambda	HTM67351.1	37.714	525	303	8	2	523	1	504	0.0	708	55.81
Ea59_Lambda	WP_157276294.1	42.771	498	256	6	36	524	1	478	0.0	707	58.23
Ea59_Lambda	WP_007596196.1	36.264	546	295	10	2	515	6	530	0.0	707	52.75
Ea59_Lambda	WP_217068541.1	36.852	521	283	11	9	505	5	503	0.0	706	50.10
Ea59_Lambda	WP_230199637.1	39.352	432	236	5	95	519	1	413	0.0	706	59.03
Ea59_Lambda	WP_264579475.1	37.523	533	290	11	3	517	4	511	0.0	706	53.85
Ea59_Lambda	WP_256484560.1	35.874	538	293	10	2	520	1	505	0.0	706	52.60
Ea59_Lambda	WP_166296988.1	36.007	536	304	10	2	520	1	514	0.0	706	55.78
Ea59_Lambda	WP_260963610.1	36.911	531	292	10	2	520	1	500	0.0	706	53.67
Ea59_Lambda	WP_215097636.1	35.926	540	315	8	4	525	166	692	0.0	706	52.41
Ea59_Lambda	WP_245176470.1	46.169	496	239	7	36	523	1	476	0.0	706	60.48
Ea59_Lambda	WP_076239762.1	35.484	527	308	9	2	523	1	500	0.0	706	53.13
Ea59_Lambda	WP_365116279.1	36.207	522	317	7	2	518	1	511	0.0	706	51.34
Ea59_Lambda	EOC1818437.1	42.286	525	275	6	2	523	1	500	0.0	705	57.71
Ea59_Lambda	MBF1036080.1	37.640	534	301	9	2	523	1	514	0.0	705	55.06
Ea59_Lambda	WP_412281428.1	33.710	531	314	12	2	517	1	508	0.0	705	55.18
Ea59_Lambda	WP_164465840.1	35.568	537	312	8	2	524	1	517	0.0	705	50.47
Ea59_Lambda	WP_366358508.1	37.106	539	309	7	4	525	168	693	0.0	705	50.83
Ea59_Lambda	WP_310940973.1	33.948	542	320	12	2	524	1	523	0.0	704	53.14
Ea59_Lambda	WP_162680599.1	34.201	538	306	13	2	520	1	509	0.0	704	53.72
Ea59_Lambda	MCH5260239.1	33.586	527	320	8	2	520	1	505	0.0	704	52.18
Ea59_Lambda	WP_317289971.1	40.039	507	280	6	19	520	15	502	0.0	703	54.44
Ea59_Lambda	WP_218639096.1	34.270	534	309	11	13	522	1	516	0.0	703	48.50
Ea59_Lambda	WP_171147693.1	34.470	528	315	9	2	524	1	502	0.0	703	50.76
Ea59_Lambda	WP_218599196.1	39.250	507	284	6	19	520	15	502	0.0	703	56.02
Ea59_Lambda	WP_187047355.1	35.229	545	299	7	2	520	1	517	0.0	703	51.74
Ea59_Lambda	WP_229819955.1	35.282	496	291	10	36	523	1	474	0.0	703	53.02
Ea59_Lambda	WP_241286481.1	41.386	534	278	5	2	522	1	512	0.0	703	56.93
Ea59_Lambda	NOT14750.1	33.952	539	309	9	2	515	1	517	0.0	703	52.32
Ea59_Lambda	WP_225578549.1	37.626	497	277	6	36	522	1	474	0.0	702	54.12
Ea59_Lambda	WP_247453867.1	36.106	529	283	11	2	505	1	499	0.0	702	52.36
Ea59_Lambda	WP_173865248.1	33.952	539	322	11	2	525	1	520	0.0	702	52.88
Ea59_Lambda	WP_253542138.1	34.457	534	305	10	4	515	10	520	0.0	701	51.50
Ea59_Lambda	WP_325259412.1	35.619	525	317	7	2	523	1	507	0.0	701	53.90
Ea59_Lambda	WP_097077664.1	39.548	531	289	4	2	521	1	510	0.0	700	56.12
Ea59_Lambda	WP_013722618.1	36.197	547	295	12	1	515	1	525	0.0	700	52.65
Ea59_Lambda	WP_356965454.1	37.358	530	297	9	2	522	1	504	0.0	699	53.58
Ea59_Lambda	WP_035866807.1	33.962	530	330	7	2	523	1	518	0.0	699	50.00
Ea59_Lambda	EHI6630646.1	54.146	410	170	2	113	522	1	392	0.0	698	65.85
Ea59_Lambda	WP_338749872.1	37.058	537	289	13	2	519	3	509	0.0	698	53.26
Ea59_Lambda	NWN89592.1	35.853	516	304	9	2	514	5	496	0.0	698	51.94
Ea59_Lambda	WP_309827313.1	36.276	521	287	8	2	500	1	498	0.0	698	51.63
Ea59_Lambda	WP_234619594.1	39.411	543	278	7	1	525	1	510	0.0	698	56.91
Ea59_Lambda	WP_416934944.1	36.932	528	312	5	2	523	1	513	0.0	697	53.22
Ea59_Lambda	EFB9775798.1	73.515	404	107	0	120	523	1	404	0.0	695	85.40
Ea59_Lambda	WP_065205963.1	42.418	521	274	5	2	522	3	497	0.0	695	57.77
Ea59_Lambda	WP_378512186.1	35.728	529	305	11	12	522	46	557	0.0	695	53.88
Ea59_Lambda	WP_216257880.1	39.729	516	283	8	2	515	5	494	0.0	695	54.84
Ea59_Lambda	WP_045043900.1	43.822	518	265	5	5	522	6	497	0.0	695	58.69
Ea59_Lambda	WP_191942541.1	40.987	527	286	5	1	522	1	507	0.0	694	58.06


