# blastp
# Iteration: 7
# Query: Old Vibrio
# RID: X0NX2U87013
# Database: nr_cluster_seq
# Fields: query acc.ver, subject acc.ver, % identity, alignment length, mismatches, gap opens, q. start, q. end, s. start, s. end, evalue, bit score, % positives
# 1000 hits found
Old	WP_081245253.1	99.828	580	1	0	1	580	1	580	0.0	796	99.83
Old	WP_005436571.1	88.793	580	65	0	1	580	1	580	0.0	795	94.83
Old	WP_143960195.1	57.439	578	236	6	2	579	20	587	0.0	785	71.80
Old	MFT5297073.1	75.820	579	140	0	1	579	1	579	0.0	785	85.66
Old	MCP4249696.1	57.804	583	236	6	3	580	65	642	0.0	776	72.04
Old	MBI2512227.1	56.507	584	246	4	1	579	18	598	0.0	773	71.06
Old	WP_386048376.1	56.678	584	228	8	5	579	3	570	0.0	772	70.89
Old	WP_079911995.1	58.163	588	224	7	4	579	23	600	0.0	771	73.13
Old	MBK8701945.1	54.750	579	253	6	2	580	20	589	0.0	770	71.68
Old	MBN8707234.1	55.113	577	250	6	3	579	21	588	0.0	769	71.75
Old	HTF03014.1	54.138	580	259	7	2	579	19	593	0.0	768	70.00
Old	WP_036669115.1	55.172	580	253	7	2	579	19	593	0.0	766	70.17
Old	MEO8801803.1	55.422	581	254	3	3	579	17	596	0.0	765	71.94
Old	WP_367285265.1	55.786	579	250	6	2	579	19	592	0.0	765	71.50
Old	MBA3898919.1	56.574	578	240	6	2	579	20	586	0.0	765	72.32
Old	WP_071758408.1	58.966	580	232	6	2	579	20	595	0.0	763	75.86
Old	WP_094238184.1	53.162	585	249	8	3	578	1	569	0.0	762	69.91
Old	WP_343566116.1	52.778	576	257	7	3	577	17	578	0.0	762	70.31
Old	WP_274267924.1	51.641	579	265	7	2	579	16	580	0.0	762	69.95
Old	WP_147192213.1	54.483	580	257	7	2	579	19	593	0.0	761	71.03
Old	WP_333521907.1	57.143	581	240	7	1	580	19	591	0.0	759	73.67
Old	WP_132946904.1	55.043	585	238	8	3	578	1	569	0.0	758	69.40
Old	WP_077997772.1	55.766	581	251	5	2	579	18	595	0.0	756	71.43
Old	WP_249594023.1	55.842	582	250	5	3	580	19	597	0.0	756	72.68
Old	WP_286778439.1	53.448	580	263	7	3	580	19	593	0.0	756	70.17
Old	MBY0113637.1	56.971	581	246	2	3	580	26	605	0.0	755	72.12
Old	WP_308334640.1	58.895	579	233	5	2	579	19	593	0.0	755	74.61
Old	WP_214846365.1	54.017	585	256	7	3	580	19	597	0.0	754	70.60
Old	MBL8003548.1	55.709	578	246	6	2	579	20	587	0.0	753	72.15
Old	WP_053432390.1	56.552	580	245	6	2	580	18	591	0.0	753	73.97
Old	MBY0579810.1	55.345	580	255	3	1	579	17	593	0.0	753	71.72
Old	WP_404490698.1	53.713	579	261	7	3	579	20	593	0.0	753	70.29
Old	HYF80669.1	52.921	582	259	9	4	579	17	589	0.0	752	69.07
Old	HRL97526.1	55.172	580	257	3	1	579	18	595	0.0	751	71.55
Old	WP_033422798.1	53.886	579	261	6	2	579	18	591	0.0	751	69.95
Old	WP_294294857.1	53.022	579	265	7	3	579	23	596	0.0	751	70.64
Old	MBI5805595.1	54.217	581	263	2	1	579	1	580	0.0	750	71.43
Old	WP_218939995.1	53.726	577	251	7	5	580	7	568	0.0	750	71.06
Old	HNT26541.1	54.296	582	252	9	3	579	17	589	0.0	749	69.59
Old	NLE27046.1	53.093	582	260	9	4	580	19	592	0.0	748	70.45
Old	WP_307562841.1	50.862	580	274	7	2	579	18	588	0.0	748	70.52
Old	RYE58488.1	52.257	576	260	7	5	579	19	580	0.0	748	69.27
Old	HCD31924.1	56.747	578	243	6	3	580	11	581	0.0	747	73.88
Old	WP_348811314.1	53.873	581	261	7	2	580	16	591	0.0	746	71.60
Old	WP_328205920.1	52.586	580	266	6	2	579	18	590	0.0	746	70.69
Old	WP_062526041.1	50.517	580	274	8	2	579	19	587	0.0	746	69.14
Old	HEX8331129.1	53.806	578	260	7	5	580	22	594	0.0	745	70.59
Old	HEU4470177.1	53.484	574	261	6	7	579	19	587	0.0	745	69.51
Old	WP_133525790.1	54.073	577	258	7	5	579	22	593	0.0	744	70.54
Old	WP_121611608.1	54.231	579	250	6	2	579	4	568	0.0	743	70.29
Old	MCX6828350.1	51.453	585	269	9	1	580	15	589	0.0	743	68.89
Old	WP_307473875.1	55.232	583	253	6	2	580	18	596	0.0	743	72.90
Old	WP_076504752.1	53.886	579	261	6	2	579	19	592	0.0	743	69.60
Old	MBL8860738.1	52.577	582	272	2	2	580	25	605	0.0	742	68.38
Old	WP_379003951.1	52.768	578	258	7	3	579	18	581	0.0	742	70.24
Old	MBZ5553371.1	53.688	583	266	2	1	580	1	582	0.0	741	72.21
Old	WP_211748758.1	50.865	578	272	7	4	579	21	588	0.0	741	69.03
Old	WP_216855912.1	50.783	575	271	7	6	579	23	586	0.0	740	71.30
Old	WP_089525278.1	53.739	575	258	5	2	575	19	586	0.0	740	72.00
Old	WP_098090897.1	53.966	580	251	7	2	580	4	568	0.0	740	71.90
Old	WP_110360749.1	55.862	580	249	7	2	579	17	591	0.0	739	71.38
Old	WP_223042175.1	55.959	579	246	6	3	580	19	589	0.0	739	70.47
Old	WP_377552833.1	53.621	580	254	6	2	580	4	569	0.0	739	71.72
Old	WP_311224487.1	54.276	573	247	6	4	575	6	564	0.0	739	70.86
Old	WP_201713023.1	55.172	580	254	6	3	580	19	594	0.0	739	72.93
Old	WP_035507887.1	55.308	584	245	6	1	579	13	585	0.0	738	71.06
Old	WP_127703638.1	54.655	580	248	9	2	578	18	585	0.0	738	70.69
Old	MDQ5987800.1	53.184	581	258	9	4	579	18	589	0.0	737	70.57
Old	WP_206104898.1	53.401	588	252	8	5	579	15	593	0.0	737	70.24
Old	WP_093063054.1	55.130	575	242	7	2	575	4	563	0.0	737	70.96
Old	WP_038707847.1	49.659	586	282	8	2	580	15	594	0.0	737	68.43
Old	WP_327477770.1	50.257	583	275	7	2	579	12	584	0.0	736	67.07
Old	WP_083415469.1	51.453	585	271	7	2	579	14	592	0.0	736	66.50
Old	WP_007844538.1	51.813	579	264	7	3	580	17	581	0.0	736	69.78
Old	WP_412212300.1	52.860	577	258	7	3	579	19	581	0.0	736	69.15
Old	WP_405449641.1	54.231	579	257	5	2	579	19	590	0.0	735	71.33
Old	WP_192383127.1	51.199	584	273	7	3	580	17	594	0.0	735	66.78
Old	NTD96359.1	54.231	579	251	7	3	580	19	584	0.0	734	70.98
Old	WP_387800075.1	50.345	580	275	8	2	579	19	587	0.0	734	68.97
Old	WP_293785892.1	50.087	577	272	7	5	579	19	581	0.0	734	69.67
Old	WP_408301393.1	51.370	584	274	7	2	579	19	598	0.0	734	68.49
Old	WP_066291979.1	54.073	577	250	6	3	579	6	567	0.0	733	71.23
Old	WP_221035684.1	49.654	578	275	8	2	578	181	743	0.0	733	65.22
Old	WP_185197236.1	55.766	581	247	6	1	580	19	590	0.0	733	71.60
Old	WP_404630105.1	51.365	586	271	7	1	579	12	590	0.0	733	68.09
Old	WP_061578667.1	53.886	579	248	7	2	580	5	564	0.0	733	71.85
Old	WP_402271412.1	50.600	583	278	6	3	579	16	594	0.0	732	66.38
Old	WP_215164304.1	52.551	588	258	8	5	579	16	595	0.0	732	68.54
Old	WP_259433263.1	51.115	583	275	6	3	579	38	616	0.0	730	67.24
Old	WP_119637273.1	50.171	586	279	8	2	580	15	594	0.0	730	67.41
Old	WP_058009507.1	57.266	578	234	8	3	579	18	583	0.0	730	72.32
Old	WP_083505549.1	51.652	575	264	7	6	579	27	588	0.0	729	69.04
Old	WP_183873679.1	51.295	579	267	7	3	580	20	584	0.0	727	69.43
Old	WP_317097366.1	50.514	584	277	7	2	579	18	595	0.0	727	66.61
Old	WP_156628225.1	51.384	578	267	8	3	579	23	587	0.0	727	66.78
Old	WP_208629789.1	55.172	580	248	6	3	580	36	605	0.0	727	71.21
Old	WP_258213622.1	53.041	592	257	8	1	579	24	607	0.0	727	70.61
Old	WP_090054033.1	50.868	576	272	5	2	572	13	582	0.0	727	69.10
Old	WP_304792797.1	46.632	579	296	8	2	579	24	590	0.0	726	65.80
Old	WP_321870896.1	51.211	578	268	8	3	579	23	587	0.0	725	66.44
Old	WP_320463720.1	52.768	578	258	7	3	579	25	588	0.0	725	69.38
Old	WP_083415336.1	51.795	585	269	7	2	579	14	592	0.0	725	68.03
Old	WP_196455922.1	49.913	577	273	8	2	577	56	617	0.0	724	65.68
Old	WP_332410442.1	66.205	577	192	2	5	580	3	577	0.0	724	78.86
Old	WP_410801854.1	51.379	580	272	7	2	575	19	594	0.0	723	68.28
Old	WP_060241856.1	50.171	586	279	8	2	580	15	594	0.0	723	67.75
Old	MDB5155333.1	52.159	579	261	9	3	578	19	584	0.0	722	70.12
Old	WP_234263679.1	48.103	580	287	8	2	580	21	587	0.0	722	65.52
Old	MCP5317105.1	48.348	575	277	10	3	575	20	576	0.0	721	66.43
Old	WP_176628185.1	54.939	577	245	9	2	576	20	583	0.0	721	70.19
Old	WP_091876983.1	51.111	585	273	7	2	579	14	592	0.0	721	66.84
Old	WP_404542080.1	51.826	575	264	6	9	578	2	568	0.0	720	68.70
Old	WP_393052913.1	51.641	579	266	8	1	577	14	580	0.0	720	69.08
Old	WP_012505466.1	47.652	575	285	8	2	575	19	578	0.0	720	66.26
Old	WP_126563033.1	53.608	582	256	8	1	580	13	582	0.0	720	68.73
Old	WP_411343587.1	53.590	571	253	6	11	579	1	561	0.0	719	72.15
Old	WP_139065628.1	52.749	582	259	8	3	580	6	575	0.0	718	70.27
Old	WP_196859092.1	53.646	576	253	7	2	576	24	586	0.0	718	70.66
Old	WP_199284176.1	49.043	575	273	10	3	575	20	576	0.0	718	67.13
Old	QQS38213.1	51.375	582	271	7	2	580	22	594	0.0	717	69.76
Old	WP_084209364.1	47.660	577	282	10	2	576	18	576	0.0	716	65.68
Old	WP_367885519.1	48.547	585	285	10	2	580	33	607	0.0	715	66.84
Old	MFH0793779.1	48.696	575	279	8	2	575	19	578	0.0	714	65.74
Old	WP_369622981.1	48.696	575	275	10	3	575	20	576	0.0	714	66.09
Old	MCW5642065.1	49.050	579	281	8	2	579	21	586	0.0	712	65.11
Old	WP_238866010.1	46.864	574	290	8	4	576	24	583	0.0	711	64.81
Old	WP_414062296.1	47.304	575	287	8	2	575	20	579	0.0	710	65.57
Old	MEZ5384110.1	51.552	580	260	10	6	579	24	588	0.0	708	66.38
Old	WP_368881575.1	48.696	575	275	10	3	575	20	576	0.0	707	66.78
Old	WP_394374892.1	48.432	574	280	8	3	575	20	578	0.0	707	66.38
Old	WP_087091488.1	49.567	577	275	8	3	578	19	580	0.0	707	65.16
Old	WP_289665296.1	49.913	575	274	8	3	575	1	563	0.0	705	66.96
Old	WP_195321111.1	49.479	576	275	8	2	576	19	579	0.0	704	63.02
Old	WP_250330600.1	49.129	574	276	8	3	575	19	577	0.0	704	64.46
Old	HTT97804.1	48.432	574	279	9	4	576	19	576	0.0	704	65.16
Old	WP_145521763.1	47.735	574	284	8	3	575	19	577	0.0	702	67.07
Old	HUA97881.1	50.839	596	265	8	1	579	14	598	0.0	702	68.62
Old	WP_082846226.1	48.288	584	281	10	7	580	24	596	0.0	701	65.75
Old	WP_340648243.1	51.801	583	264	9	3	579	19	590	0.0	701	66.04
Old	MCY2998937.1	47.774	584	285	10	7	580	22	595	0.0	701	64.73
Old	WP_324063352.1	48.432	574	279	9	4	575	20	578	0.0	701	66.72
Old	WP_404736872.1	51.458	583	268	7	2	579	19	591	0.0	700	65.69
Old	WP_250813086.1	48.211	587	280	9	2	579	7	578	0.0	700	65.59
Old	OGS47331.1	50.865	578	276	7	3	579	20	590	0.0	700	71.28
Old	WP_262666345.1	49.915	585	282	7	2	579	19	599	0.0	700	66.15
Old	WP_346893792.1	46.712	593	287	8	2	578	48	627	0.0	699	63.58
Old	WP_311434897.1	48.877	579	278	10	2	579	20	581	0.0	699	67.70
Old	WP_139941190.1	47.478	575	285	9	3	575	20	579	0.0	699	65.91
Old	WP_295200887.1	51.278	587	267	7	1	579	15	590	0.0	698	68.48
Old	WP_049429445.1	51.458	583	268	7	2	579	19	591	0.0	697	64.84
Old	MBQ9989826.1	50.348	574	269	8	4	576	21	579	0.0	696	63.94
Old	WP_302111133.1	49.653	576	274	8	2	576	17	577	0.0	696	63.89
Old	WP_308851627.1	49.742	581	276	8	2	579	18	585	0.0	696	66.27
Old	WP_183484121.1	45.993	574	296	8	4	576	26	586	0.0	696	64.29
Old	WP_088937398.1	48.722	587	277	9	2	579	7	578	0.0	696	64.40
Old	WP_226540652.1	54.138	580	253	5	5	580	16	586	0.0	694	71.03
Old	WP_255743036.1	48.299	588	280	9	1	579	6	578	0.0	694	64.63
Old	WP_002771499.1	48.432	574	281	7	4	576	20	579	0.0	693	66.38
Old	MDR3529323.1	46.791	592	284	9	7	580	92	670	0.0	693	64.70
Old	MEA4831931.1	49.826	574	273	8	4	576	20	579	0.0	692	66.38
Old	WP_097015346.1	48.866	573	278	8	4	575	20	578	0.0	692	65.10
Old	WP_153359308.1	47.863	585	281	9	4	579	9	578	0.0	692	64.96
Old	WP_371005654.1	50.174	574	274	7	3	575	25	587	0.0	691	66.90
Old	RYF22614.1	46.769	588	289	9	2	579	12	585	0.0	691	64.12
Old	WP_173189350.1	55.405	518	224	4	2	518	19	530	0.0	691	72.97
Old	WP_203428623.1	48.464	586	278	9	3	579	7	577	0.0	690	66.04
Old	BFP41170.1	49.402	585	277	10	1	579	13	584	0.0	690	68.03
Old	WP_350289587.1	50.598	585	270	10	2	580	14	585	0.0	690	67.69
Old	MFN8206831.1	49.079	597	280	9	2	579	1	592	0.0	690	68.01
Old	MBP9151986.1	48.722	587	271	9	7	579	4	574	0.0	689	65.42
Old	WP_264512042.1	47.938	582	280	9	3	579	25	588	0.0	687	62.20
Old	WP_285309599.1	45.638	596	289	9	6	579	17	599	0.0	687	60.57
Old	WP_145031500.1	47.179	585	287	11	7	580	24	597	0.0	686	64.44
Old	WP_375282650.1	47.009	585	286	9	4	579	8	577	0.0	686	64.62
Old	WP_222054500.1	49.574	587	272	9	2	579	7	578	0.0	686	66.27
Old	WP_323181373.1	46.610	590	284	8	7	578	32	608	0.0	684	62.88
Old	WP_002992046.1	46.875	576	288	10	2	576	24	582	0.0	680	67.01
Old	WP_266330813.1	46.520	589	288	8	5	579	17	592	0.0	680	64.18
Old	WP_142625483.1	46.062	584	294	6	9	579	1	576	0.0	679	66.44
Old	WP_012978942.1	48.527	577	282	9	2	576	18	581	0.0	679	66.72
Old	WP_101806799.1	47.009	585	286	9	4	579	9	578	0.0	679	64.79
Old	WP_253107934.1	46.114	579	283	10	7	571	16	579	0.0	676	62.00
Old	WP_313665895.1	48.067	595	274	9	7	579	18	599	0.0	676	62.86
Old	MBY8252738.1	45.734	586	297	6	7	579	5	582	0.0	675	65.70
Old	WP_156832421.1	47.120	573	284	9	5	576	23	577	0.0	675	64.92
Old	WP_109156467.1	46.392	582	282	11	1	567	15	581	0.0	672	62.89
Old	HAT1822549.1	46.794	577	292	9	2	576	18	581	0.0	671	65.51
Old	WP_209790943.1	46.713	578	284	9	11	579	1	563	0.0	670	64.36
Old	WP_149606101.1	38.662	613	328	12	2	580	1	599	0.0	663	58.73
Old	WP_303414987.1	37.520	613	335	12	2	580	1	599	0.0	661	58.40
Old	WP_251247497.1	58.017	474	196	3	2	474	18	489	0.0	660	75.53
Old	QDU69638.1	43.229	576	311	7	2	575	21	582	0.0	658	59.20
Old	WP_347691086.1	38.989	613	326	12	2	580	1	599	0.0	657	59.22
Old	WP_208932752.1	40.457	613	317	12	2	580	1	599	0.0	655	59.22
Old	WP_226860686.1	40.294	613	318	12	2	580	1	599	0.0	653	61.01
Old	WP_212383073.1	43.761	585	305	9	2	578	10	578	0.0	653	62.91
Old	WP_341185667.1	53.346	523	221	8	5	514	15	527	0.0	653	69.02
Old	WP_346289038.1	37.316	611	335	12	3	579	1	597	0.0	652	57.12
Old	WP_236327238.1	38.072	612	331	12	2	579	1	598	0.0	652	58.82
Old	WP_248212970.1	38.662	613	328	12	2	580	1	599	0.0	651	59.22
Old	WP_349424270.1	38.825	613	327	12	2	580	1	599	0.0	650	59.54
Old	WP_411199365.1	38.662	613	328	12	2	580	1	599	0.0	650	57.91
Old	WP_239053779.1	38.889	612	325	12	2	579	1	597	0.0	649	58.66
Old	WP_021783269.1	36.007	611	343	12	3	579	1	597	0.0	648	57.61
Old	HQT89951.1	47.885	591	277	9	7	579	21	598	0.0	648	66.33
Old	WP_146475884.1	36.438	612	341	12	3	580	1	598	0.0	646	57.35
Old	WP_122500668.1	36.170	611	342	12	3	579	1	597	0.0	645	57.77
Old	WP_174010074.1	46.235	571	276	8	29	580	18	576	0.0	645	63.75
Old	WP_184673951.1	28.797	632	379	12	2	580	1	614	0.0	644	44.94
Old	WP_331894668.1	43.869	579	305	8	7	580	14	577	0.0	644	60.45
Old	WP_409390447.1	39.315	613	324	12	2	580	1	599	0.0	644	59.05
Old	WP_080445417.1	28.549	627	379	11	2	577	3	611	0.0	641	43.54
Old	WP_222473458.1	38.424	609	326	12	6	579	3	597	0.0	641	56.65
Old	WP_313474461.1	38.752	609	327	13	2	580	1	593	0.0	640	60.26
Old	WP_236707047.1	27.316	637	378	14	1	570	18	636	0.0	640	42.70
Old	WP_219940258.1	38.399	612	330	11	2	579	1	599	0.0	640	59.64
Old	WP_287030964.1	27.586	638	380	13	2	575	3	622	0.0	640	42.48
Old	WP_203445149.1	28.433	619	370	12	2	565	1	601	0.0	639	43.78
Old	WP_179000713.1	37.152	611	336	12	3	579	1	597	0.0	639	57.94
Old	WP_267087241.1	28.797	632	379	12	2	580	1	614	0.0	638	45.25
Old	WP_269715649.1	29.487	624	373	11	5	579	2	607	0.0	637	45.83
Old	MBD1209319.1	44.925	601	294	12	1	580	19	603	0.0	636	61.73
Old	WP_052134135.1	27.174	644	383	15	2	578	3	627	0.0	636	42.24
Old	GIK26561.1	28.173	646	378	14	2	579	3	630	0.0	635	43.50
Old	WP_206513551.1	27.229	617	386	12	2	573	1	599	0.0	635	43.92
Old	WP_408306998.1	27.202	647	384	15	2	579	4	632	0.0	635	42.04
Old	OIJ41720.1	48.502	534	262	7	53	579	1	528	0.0	635	64.79
Old	WP_196410755.1	27.346	618	389	12	2	578	1	599	0.0	635	44.66
Old	WP_271426158.1	26.471	646	385	14	2	575	3	630	0.0	634	42.11
Old	MBP9819169.1	43.581	592	304	11	3	577	1	579	0.0	631	63.68
Old	WP_200946522.1	27.303	608	380	11	5	568	2	591	0.0	631	44.74
Old	WP_254793377.1	26.592	628	381	13	2	567	19	628	0.0	631	43.79
Old	RJP53441.1	27.907	645	381	14	2	580	3	629	0.0	630	42.79
Old	WP_207383066.1	28.081	641	376	14	2	575	40	662	0.0	629	43.21
Old	WP_247310304.1	26.868	629	376	15	2	564	3	613	0.0	628	40.54
Old	WP_400676707.1	27.823	611	374	10	5	566	2	594	0.0	628	45.34
Old	WP_302097949.1	38.197	610	330	12	3	579	1	596	0.0	628	57.70
Old	WP_335726186.1	36.913	596	331	12	15	580	45	625	0.0	628	59.06
Old	WP_184364047.1	25.271	645	394	14	2	575	3	630	0.0	627	39.69
Old	WP_159567290.1	27.666	647	381	15	2	579	3	631	0.0	627	43.12
Old	WP_092795922.1	27.287	645	382	16	2	579	3	627	0.0	626	42.33
Old	WP_341987674.1	26.512	645	388	15	3	579	4	630	0.0	625	41.55
Old	WP_088019167.1	26.183	634	385	14	2	569	3	619	0.0	624	41.17
Old	WP_226299147.1	27.962	633	371	15	1	564	1	617	0.0	624	42.65
Old	WP_350447760.1	27.174	644	386	13	2	580	3	628	0.0	624	42.70
Old	WP_315677392.1	25.581	645	392	14	2	575	3	630	0.0	624	40.31
Old	WP_275925457.1	28.594	626	373	12	11	580	1	608	0.0	623	44.09
Old	WP_322068204.1	27.329	644	381	15	3	579	5	628	0.0	623	42.86
Old	WP_305693090.1	29.140	628	373	13	5	579	2	610	0.0	623	44.27
Old	WP_261242994.1	26.512	645	387	15	2	579	3	627	0.0	623	41.71
Old	WP_072322130.1	28.039	617	365	12	2	563	1	593	0.0	622	44.41
Old	WP_083202205.1	28.146	604	375	11	2	564	1	586	0.0	622	44.21
Old	WP_089417023.1	35.961	609	342	12	5	579	6	600	0.0	622	56.49
Old	WP_215229323.1	27.677	607	380	11	1	566	1	589	0.0	622	43.66
Old	WP_331776723.1	39.280	611	323	12	3	579	1	597	0.0	621	58.92
Old	WP_226836322.1	28.663	621	375	11	5	575	2	604	0.0	621	44.77
Old	HZW24031.1	28.861	641	370	15	3	575	4	626	0.0	621	43.99
Old	WP_083952733.1	28.778	622	381	10	5	579	2	608	0.0	620	44.86
Old	WP_175132834.1	27.751	627	369	14	4	564	5	613	0.0	620	41.63
Old	ENM5791808.1	39.474	608	322	11	1	579	12	602	0.0	620	56.09
Old	WP_248101792.1	38.397	599	321	11	15	579	13	597	0.0	619	59.60
Old	WP_227791877.1	30.259	618	357	12	2	563	14	613	0.0	619	45.15
Old	MCE3234369.1	56.008	491	209	4	89	579	4	487	0.0	618	71.28
Old	WP_153687094.1	37.847	613	331	13	2	580	1	597	0.0	618	57.91
Old	WP_003632858.1	28.526	631	380	12	2	579	3	615	0.0	618	43.26
Old	WP_103903621.1	26.624	631	379	14	2	566	3	615	0.0	618	41.68
Old	MDO9053659.1	28.837	645	374	14	2	579	3	629	0.0	618	42.95
Old	WP_024106411.1	28.197	610	371	10	5	565	2	593	0.0	618	44.43
Old	WP_416690595.1	26.508	630	378	14	2	564	3	614	0.0	618	41.75
Old	WP_189121553.1	27.445	634	376	14	4	571	5	620	0.0	617	42.59
Old	WP_109650910.1	27.273	616	381	10	5	571	2	599	0.0	616	44.32
Old	WP_213681716.1	27.903	620	379	10	5	574	2	603	0.0	616	45.16
Old	WP_380010163.1	28.254	630	367	14	2	577	1	599	0.0	616	43.02
Old	PKO28112.1	25.077	646	396	14	2	576	3	631	0.0	616	40.25
Old	WP_227874283.1	48.807	545	229	9	5	537	3	509	0.0	615	62.20
Old	WP_252879739.1	27.027	629	374	15	2	563	3	613	0.0	615	41.81
Old	MER2535070.1	27.934	605	377	11	2	565	3	589	0.0	614	43.80
Old	WP_295909737.1	28.617	629	371	12	2	576	1	605	0.0	614	43.56
Old	WP_092797490.1	28.257	637	374	14	4	575	6	624	0.0	614	41.76
Old	WP_217482459.1	27.186	629	374	14	3	565	1	611	0.0	613	43.24
Old	WP_251768352.1	38.980	608	324	12	2	579	1	591	0.0	613	55.59
Old	WP_222387552.1	27.200	625	387	11	5	579	2	608	0.0	613	44.00
Old	WP_014243466.1	42.906	585	311	10	2	578	5	574	0.0	613	61.88
Old	USX25533.1	27.752	645	382	14	2	580	4	630	0.0	612	42.02
Old	WP_393940539.1	27.751	627	380	12	5	576	2	610	0.0	612	45.77
Old	WP_131539507.1	54.487	468	204	5	3	469	25	484	0.0	611	71.15
Old	WP_099258946.1	28.956	632	379	13	2	580	1	615	0.0	609	44.94
Old	WP_076901189.1	26.324	642	389	15	3	578	5	628	0.0	608	41.28
Old	WP_288811709.1	54.194	465	198	7	3	460	19	475	0.0	608	71.18
Old	WP_074568819.1	27.925	641	377	14	1	574	2	624	0.0	608	42.28
Old	WP_236212560.1	26.299	635	385	13	2	571	3	619	0.0	608	43.31
Old	WP_306135823.1	37.167	600	328	12	15	579	12	597	0.0	607	57.67
Old	WP_265775136.1	39.029	556	293	10	2	524	1	543	0.0	605	58.63
Old	WP_320076834.1	27.987	611	373	10	5	566	17	609	0.0	603	45.34
Old	WP_320400044.1	26.911	628	378	14	3	564	4	616	0.0	603	41.40
Old	WP_249542490.1	26.698	648	389	16	1	579	1	631	0.0	602	40.43
Old	WP_220087884.1	28.868	627	363	15	2	564	1	608	0.0	601	43.22
Old	MFL6613653.1	26.316	646	391	14	2	580	3	630	0.0	600	43.03
Old	WP_322834356.1	26.232	629	380	14	3	565	4	614	0.0	597	39.90
Old	WP_227766382.1	29.861	576	376	11	6	575	1	554	0.0	596	48.26
Old	WP_408444353.1	28.571	588	336	13	2	522	34	604	0.0	596	42.86
Old	KAA3607151.1	30.120	581	371	14	6	579	1	553	0.0	595	48.19
Old	WP_340207779.1	28.498	586	353	9	5	541	2	570	0.0	595	45.73
Old	MBD8629996.1	27.245	646	385	14	2	580	4	631	0.0	595	42.72
Old	WP_093509799.1	27.435	616	383	12	2	571	1	598	0.0	592	43.18
Old	WP_284718632.1	27.554	646	383	15	2	579	3	631	0.0	591	41.49
Old	WP_058952106.1	36.394	599	333	12	15	579	13	597	0.0	591	57.60
Old	WP_250667881.1	28.477	604	365	10	5	559	2	587	0.0	591	46.03
Old	WP_280997545.1	26.689	607	360	14	25	564	2	590	0.0	590	43.00
Old	WP_064095812.1	36.745	596	332	12	15	579	13	594	0.0	590	58.72
Old	WP_338598949.1	29.503	583	379	14	6	580	1	559	0.0	590	46.48
Old	WP_077540444.1	26.935	620	386	15	3	580	1	595	0.0	589	46.45
Old	MFQ7273265.1	30.104	578	364	14	6	578	1	543	0.0	589	49.31
Old	WP_326461315.1	56.689	441	187	4	137	575	1	439	0.0	589	73.47
Old	WP_332664104.1	27.812	640	378	14	4	580	5	623	0.0	588	43.75
Old	WP_372425337.1	28.523	589	372	11	1	559	4	573	0.0	588	43.80
Old	WP_180868143.1	26.424	632	381	14	2	568	1	613	0.0	588	41.30
Old	WP_166913799.1	29.585	578	371	14	6	578	1	547	0.0	587	48.79
Old	MBP3609967.1	30.796	578	361	14	6	578	1	544	0.0	587	49.13
Old	WP_310619813.1	28.185	628	382	13	2	580	1	608	0.0	586	46.02
Old	WP_180159659.1	36.074	596	336	12	15	579	13	594	0.0	586	59.06
Old	WP_205837116.1	28.370	638	370	15	11	579	1	620	0.0	586	43.57
Old	WP_410373301.1	37.007	608	336	13	4	580	12	603	0.0	586	56.09
Old	WP_241932090.1	28.448	580	387	12	6	579	1	558	0.0	586	49.66
Old	HXP80584.1	28.935	629	370	14	2	574	1	608	0.0	585	44.36
Old	WP_164965079.1	28.966	580	385	12	6	579	1	559	0.0	585	48.97
Old	WP_281992821.1	26.176	638	400	13	1	580	1	625	0.0	584	43.42
Old	MDR3613243.1	29.285	601	359	14	2	555	1	582	0.0	584	45.59
Old	MDR3751060.1	29.118	601	350	13	10	555	2	581	0.0	584	44.59
Old	WP_239398902.1	28.497	579	378	14	6	579	1	548	0.0	584	46.63
Old	WP_194748404.1	27.760	634	379	14	2	580	1	610	0.0	583	44.79
Old	WP_017253545.1	27.288	579	385	14	6	579	1	548	0.0	583	45.94
Old	WP_193475874.1	27.200	625	383	14	3	580	1	600	0.0	583	46.24
Old	WP_341858914.1	28.114	562	346	10	2	522	1	545	0.0	583	43.95
Old	MBW2738545.1	29.897	582	379	13	6	580	1	560	0.0	582	46.22
Old	WP_349154143.1	30.969	578	359	14	6	578	1	543	0.0	581	49.83
Old	WP_312149872.1	28.571	581	387	12	6	580	1	559	0.0	581	49.91
Old	WP_104031162.1	28.448	580	387	12	6	579	1	558	0.0	581	50.34
Old	WP_003411801.1	25.426	645	396	15	2	578	4	631	0.0	580	40.31
Old	MEJ1361780.1	29.066	578	374	14	6	578	1	547	0.0	580	47.06
Old	MEE8059558.1	29.239	578	373	14	6	578	1	547	0.0	580	47.40
Old	WP_338658848.1	36.964	606	336	13	4	579	13	602	0.0	580	55.94
Old	WP_315121294.1	28.621	580	384	13	6	580	1	555	0.0	579	48.45
Old	WP_346802000.1	29.016	579	375	14	6	579	1	548	0.0	578	47.67
Old	OLA01748.1	29.066	578	371	14	6	578	1	544	0.0	578	48.96
Old	WP_077709019.1	27.586	580	384	15	6	577	1	552	0.0	578	50.52
Old	WP_116081760.1	27.301	641	392	15	1	580	1	628	0.0	578	43.06
Old	WP_039172677.1	29.853	613	362	14	1	568	1	590	0.0	576	46.98
Old	WP_017107727.1	26.207	580	392	14	6	580	1	549	0.0	576	46.38
Old	WP_242858788.1	28.694	582	379	14	6	579	1	554	0.0	576	48.80
Old	MBO8093199.1	30.584	582	374	13	6	580	1	559	0.0	576	46.05
Old	KAB2893937.1	28.850	565	370	13	6	566	1	537	0.0	575	46.37
Old	WP_336574004.1	28.720	578	376	14	6	578	1	547	0.0	575	46.89
Old	HET7106358.1	27.680	625	375	14	2	570	1	604	0.0	575	44.16
Old	WP_159549564.1	27.855	578	381	14	6	578	1	547	0.0	575	46.37
Old	WP_224729316.1	29.310	580	340	10	5	535	2	560	0.0	575	46.55
Old	WP_370978317.1	27.163	578	385	14	6	578	1	547	0.0	575	45.16
Old	WP_290618592.1	27.682	578	382	14	6	578	1	547	0.0	575	46.02
Old	WP_260008900.1	26.427	613	380	13	1	555	1	600	0.0	574	43.07
Old	WP_312369673.1	28.325	579	385	13	6	579	1	554	0.0	574	48.53
Old	MES2365226.1	27.464	619	365	13	2	556	1	599	0.0	573	44.75
Old	WP_036970272.1	28.547	578	377	14	6	578	1	547	0.0	573	46.54
Old	WP_076342568.1	26.235	648	388	16	2	580	1	627	0.0	573	41.20
Old	HFC29963.1	27.682	578	382	14	6	578	1	547	0.0	573	47.75
Old	MFR0865510.1	29.706	579	366	14	6	578	1	544	0.0	572	49.57
Old	WP_349519956.1	28.374	578	378	14	6	578	1	547	0.0	572	46.54
Old	WP_126305009.1	27.680	625	379	13	3	580	1	599	0.0	571	47.04
Old	MDH4331903.1	29.554	538	349	12	6	537	1	514	0.0	571	46.65
Old	WP_350041484.1	26.291	639	399	13	1	580	1	626	0.0	571	42.41
Old	WP_231468098.1	36.772	601	334	12	7	579	4	586	0.0	571	53.08
Old	WP_198839284.1	25.203	615	387	12	1	555	5	606	0.0	570	42.28
Old	MEK6685883.1	27.778	612	363	14	2	556	1	590	0.0	570	45.92
Old	WP_254970599.1	29.181	586	378	15	6	580	1	560	0.0	570	47.95
Old	WP_082512117.1	27.014	633	377	15	11	575	1	616	0.0	570	41.86
Old	NFH70569.1	29.361	579	379	13	6	579	1	554	0.0	570	48.88
Old	WP_126329296.1	25.116	645	400	15	2	580	3	630	0.0	570	42.33
Old	WP_259399625.1	28.769	577	375	14	7	578	105	650	0.0	570	47.31
Old	WP_224375356.1	28.342	561	371	13	6	558	1	538	0.0	570	49.55
Old	EJD6036970.1	26.943	579	387	14	6	579	1	548	0.0	569	46.46
Old	WP_263560780.1	29.182	538	357	11	6	537	1	520	0.0	569	49.44
Old	WP_232186426.1	28.621	580	386	12	6	579	1	558	0.0	569	50.17
Old	WP_343633793.1	29.032	558	363	14	6	560	1	528	0.0	569	46.06
Old	MDC1175565.1	37.303	571	319	9	7	552	4	560	0.0	569	55.17
Old	WP_374641324.1	29.181	562	365	13	6	562	1	534	0.0	568	47.86
Old	WP_145743534.1	29.749	558	360	13	6	559	1	530	0.0	568	46.59
Old	WP_395584116.1	25.155	644	399	14	2	579	3	629	0.0	568	41.61
Old	WP_345828695.1	24.496	645	404	15	2	580	3	630	0.0	568	40.93
Old	WP_303502303.1	25.779	578	393	14	6	578	1	547	0.0	568	45.67
Old	WP_154239358.1	27.883	581	385	14	6	579	1	554	0.0	568	49.57
Old	MEO5331277.1	27.630	637	383	16	2	580	1	617	0.0	567	45.68
Old	WP_015945227.1	29.496	556	355	13	6	556	1	524	0.0	567	48.74
Old	WP_128630618.1	28.276	580	374	12	6	579	1	544	0.0	566	49.66
Old	WP_020413730.1	27.036	577	385	14	6	577	1	546	0.0	566	45.75
Old	WP_343637755.1	29.696	559	360	14	6	561	1	529	0.0	566	46.51
Old	WP_408462914.1	28.164	561	371	13	6	562	1	533	0.0	566	45.63
Old	WP_411645008.1	25.323	620	392	13	1	562	4	610	0.0	566	42.42
Old	HEX7320442.1	27.683	643	381	13	2	580	1	623	0.0	566	45.72
Old	WP_196769202.1	42.778	540	274	9	62	579	1	527	0.0	566	58.52
Old	WP_369799056.1	28.000	600	356	13	11	555	1	579	0.0	566	45.83
Old	WP_354387688.1	34.647	609	348	14	7	580	4	597	0.0	565	51.23
Old	WP_161669283.1	26.298	578	390	14	6	578	1	547	0.0	565	46.89
Old	WP_080639813.1	26.240	625	377	16	2	561	1	606	0.0	565	41.76
Old	WP_097541131.1	30.053	569	365	13	6	568	1	542	0.0	564	47.28
Old	WP_152320303.1	27.855	578	381	14	6	578	1	547	0.0	564	46.71
Old	WP_242846995.1	28.201	578	379	14	6	575	1	550	0.0	564	48.96
Old	WP_073937344.1	29.851	536	344	13	6	537	1	508	0.0	563	47.20
Old	WP_110844182.1	27.959	583	386	15	6	579	1	558	0.0	563	48.89
Old	WP_258461324.1	34.647	609	348	14	7	580	4	597	0.0	563	50.57
Old	WP_354395094.1	28.201	578	379	14	6	578	1	547	0.0	563	50.17
Old	WP_110303110.1	27.288	579	385	14	6	579	1	548	0.0	563	47.15
Old	WP_010464466.1	29.893	562	361	13	6	562	1	534	0.0	563	48.58
Old	WP_025579967.1	21.837	577	420	13	6	568	1	560	0.0	562	41.77
Old	WP_413568210.1	29.831	590	373	13	6	578	1	566	0.0	562	47.46
Old	WP_377534861.1	23.304	575	404	14	6	567	1	551	0.0	562	43.65
Old	MCD4656250.1	29.897	582	378	13	6	580	1	559	0.0	562	46.74
Old	WP_159457695.1	29.485	563	364	13	6	562	1	536	0.0	562	48.13
Old	WP_114725841.1	21.295	587	431	13	6	578	1	570	0.0	561	41.40
Old	WP_156085792.1	28.276	580	380	14	6	580	1	549	0.0	561	47.07
Old	WP_374536175.1	30.536	560	356	13	6	560	1	532	0.0	561	48.75
Old	WP_139443921.1	35.041	605	346	14	7	580	4	592	0.0	561	51.24
Old	WP_223535832.1	40.396	505	274	7	2	486	1	498	0.0	561	61.39
Old	WP_176671512.1	27.360	625	384	17	3	580	1	602	0.0	561	46.24
Old	WP_333956724.1	28.000	575	332	12	4	513	5	562	0.0	561	42.09
Old	WP_164566264.1	29.188	579	372	14	6	578	1	547	0.0	561	46.98
Old	WP_081075436.1	29.234	561	365	13	6	562	1	533	0.0	560	46.17
Old	WP_199026909.1	29.391	558	362	13	6	559	1	530	0.0	558	47.31
Old	WP_342821071.1	26.943	579	387	14	6	579	1	548	0.0	558	46.80
Old	WP_116991856.1	27.682	578	382	14	6	578	1	547	0.0	557	47.40
Old	WP_054405863.1	24.610	577	393	13	6	567	1	550	0.0	556	43.33
Old	EJL6880303.1	35.702	605	342	14	7	579	4	593	0.0	556	52.56
Old	WP_404996397.1	23.208	586	407	15	6	579	1	555	0.0	556	42.66
Old	WP_293297588.1	34.926	607	348	12	2	579	1	589	0.0	556	53.38
Old	WP_171465743.1	29.231	585	379	16	6	578	1	562	0.0	556	49.40
Old	HVT89965.1	27.630	637	362	15	3	566	6	616	0.0	556	42.70
Old	MBN8856572.1	24.696	575	392	14	6	566	1	548	0.0	555	44.17
Old	WP_330148127.1	26.425	579	390	14	6	579	1	548	0.0	555	46.63
Old	MES2951414.1	29.338	559	362	13	6	559	1	531	0.0	555	47.58
Old	WP_181163933.1	29.211	558	363	13	6	559	1	530	0.0	555	46.42
Old	WP_352412202.1	26.937	568	382	13	6	568	1	540	0.0	554	46.30
Old	WP_135584405.1	29.464	560	362	13	6	560	1	532	0.0	554	50.18
Old	WP_386694837.1	25.323	620	393	15	2	572	1	599	0.0	554	46.29
Old	WP_350358019.1	34.483	609	349	14	7	580	4	597	0.0	553	50.25
Old	WP_116870792.1	22.125	574	416	13	6	565	1	557	0.0	553	40.94
Old	WP_289484374.1	24.564	574	396	15	6	567	1	549	0.0	553	42.33
Old	WP_372012968.1	26.772	635	397	12	1	580	1	622	0.0	553	42.68
Old	WP_268565891.1	24.869	571	393	15	6	564	1	547	0.0	552	43.61
Old	WP_213344477.1	21.612	583	421	14	11	579	1	561	0.0	552	41.68
Old	WP_236313902.1	28.620	587	383	16	6	580	1	563	0.0	552	49.74
Old	WP_023221022.1	33.388	608	355	14	7	579	4	596	0.0	552	49.67
Old	WP_092832418.1	26.194	649	387	19	2	575	3	634	0.0	551	39.14
Old	WP_063243969.1	29.966	584	371	14	6	580	1	555	0.0	551	47.09
Old	WP_312438259.1	28.374	578	378	14	6	578	1	547	0.0	551	47.92
Old	WP_227741954.1	21.784	583	421	14	16	580	1	566	0.0	551	40.31
Old	WP_241579920.1	27.087	587	392	16	6	580	1	563	0.0	550	48.38
Old	WP_069490963.1	26.770	579	388	14	6	579	1	548	0.0	550	47.67
Old	WP_130099296.1	26.863	577	387	14	6	577	1	547	0.0	549	45.93
Old	WP_253427499.1	29.382	599	380	17	6	580	1	580	0.0	548	48.41
Old	WP_215841165.1	29.196	572	372	13	6	571	1	545	0.0	548	47.73
Old	WP_408166743.1	29.730	555	357	14	6	555	1	527	0.0	547	47.93
Old	HLA58075.1	56.448	411	174	5	2	410	19	426	0.0	547	72.99
Old	WP_207113939.1	30.517	580	368	14	6	579	1	551	0.0	547	52.24
Old	WP_107228325.1	20.238	588	433	14	6	579	1	566	0.0	547	39.80
Old	WP_066564461.1	25.871	603	376	13	11	555	1	590	0.0	547	42.12
Old	WP_372165300.1	32.841	609	359	14	7	580	4	597	0.0	546	50.74
Old	WP_065770643.1	35.058	599	346	14	7	579	4	585	0.0	546	51.25
Old	WP_396666644.1	34.057	599	352	15	7	579	4	585	0.0	546	53.59
Old	WP_147051783.1	22.688	573	402	15	6	564	1	546	0.0	545	44.33
Old	WP_218587033.1	20.812	591	430	15	4	579	11	578	0.0	545	40.27
Old	WP_019442187.1	34.215	605	351	13	7	579	4	593	0.0	545	50.08
Old	WP_135220640.1	24.522	575	392	13	6	565	1	548	0.0	545	44.00
Old	GIN88453.1	23.356	578	412	13	6	568	1	562	0.0	545	42.73
Old	WP_371176325.1	22.688	573	403	15	6	564	1	547	0.0	544	42.58
Old	WP_322357423.1	22.393	585	411	15	6	578	1	554	0.0	544	41.37
Old	WP_404275831.1	31.156	597	370	16	6	579	1	579	0.0	543	48.74
Old	WP_277465391.1	22.892	581	400	18	6	567	1	552	0.0	543	43.37
Old	WP_331636941.1	25.561	579	395	14	6	579	1	548	0.0	543	45.08
Old	WP_289554400.1	52.900	431	190	5	150	579	5	423	0.0	542	70.53
Old	WP_287916561.1	27.509	578	382	15	6	578	1	546	0.0	542	44.98
Old	MEM9670696.1	28.250	577	379	14	6	577	19	565	0.0	541	46.79
Old	WP_051759044.1	29.899	592	379	17	6	580	1	573	0.0	541	50.17
Old	WP_232583484.1	34.818	606	347	14	7	579	4	594	0.0	541	49.50
Old	WP_312488147.1	26.448	639	391	14	2	580	3	622	0.0	541	43.19
Old	WP_132051836.1	29.078	564	368	11	6	562	1	539	0.0	540	48.58
Old	WP_148895283.1	21.309	596	420	17	6	580	1	568	0.0	540	40.10
Old	WP_252705366.1	29.350	569	368	15	6	568	1	541	0.0	540	50.09
Old	MBL7693922.1	21.943	597	421	15	6	579	1	575	0.0	539	40.20
Old	WP_394165527.1	25.220	567	390	13	6	567	1	538	0.0	539	44.09
Old	WP_236892559.1	22.906	585	415	13	6	571	1	568	0.0	539	42.74
Old	WP_186139876.1	27.127	623	385	14	3	568	5	615	0.0	539	41.09
Old	WP_113593626.1	21.963	601	410	15	6	571	1	577	0.0	538	39.43
Old	WP_279757393.1	28.853	558	365	13	6	560	1	529	0.0	538	46.59
Old	WP_197471780.1	29.423	520	333	13	6	520	1	491	0.0	538	47.69
Old	WP_114765069.1	33.719	605	353	14	7	579	4	592	0.0	537	50.08
Old	WP_221701131.1	21.317	577	412	14	6	567	1	550	0.0	536	41.94
Old	WP_240129955.1	34.272	604	350	14	7	579	4	591	0.0	536	50.17
Old	WP_373533413.1	24.658	584	404	16	6	580	1	557	0.0	535	42.81
Old	WP_255044091.1	22.095	611	410	17	6	580	1	581	0.0	534	39.44
Old	MBW2738362.1	20.748	588	424	15	6	574	1	565	0.0	534	39.46
Old	WP_217700607.1	52.860	437	193	5	145	580	2	426	0.0	534	71.85
Old	WP_193161838.1	29.768	561	363	13	6	562	1	534	0.0	534	49.02
Old	WP_214302326.1	21.761	602	410	16	6	571	1	577	0.0	534	38.70
Old	WP_142732822.1	21.700	553	404	12	38	578	1	536	0.0	533	41.05
Old	MEE9606047.1	23.519	574	398	14	6	567	1	545	0.0	532	42.86
Old	HAT1883526.1	28.472	576	376	14	6	576	1	545	0.0	532	48.61
Old	WP_072680711.1	22.509	582	409	16	6	567	1	560	0.0	532	41.07
Old	WP_016207848.1	22.774	584	410	14	6	575	1	557	1.03e-180	531	41.10
Old	WP_307684039.1	22.076	607	407	16	6	571	1	582	1.27e-180	532	38.22
Old	WP_260960228.1	23.024	582	406	16	6	567	1	560	1.31e-180	531	41.24
Old	WP_338631006.1	21.934	579	406	15	6	567	1	550	1.60e-180	531	42.14
Old	HSW69891.1	22.049	576	408	13	6	567	1	549	1.63e-180	531	40.28
Old	WP_010181415.1	22.278	597	420	15	6	580	1	575	1.67e-180	531	41.21
Old	WP_377110353.1	21.511	609	415	16	6	580	1	580	1.77e-180	531	39.08
Old	WP_299256392.1	22.998	587	410	15	6	567	1	570	1.80e-180	531	40.72
Old	MEE1119859.1	24.365	591	400	18	6	577	1	563	1.85e-180	531	44.33
Old	WP_285412299.1	24.923	646	400	20	2	575	3	635	2.24e-180	535	38.39
Old	HOX40337.1	25.392	638	378	14	2	561	1	618	2.49e-180	534	43.57
Old	HRI68278.1	41.123	552	277	11	2	536	21	541	3.48e-180	533	58.51
Old	WP_176560551.1	21.325	619	413	15	6	573	1	596	8.75e-180	531	38.13
Old	WP_395043091.1	22.432	584	410	16	6	573	1	557	1.45e-179	529	42.64
Old	WP_294574388.1	20.883	589	417	15	6	579	1	555	1.52e-179	528	41.77
Old	WP_205451910.1	25.128	585	397	15	6	574	1	560	1.63e-179	529	44.44
Old	WP_333494450.1	35.961	609	338	17	6	580	13	603	1.86e-179	530	55.83
Old	WP_296685852.1	22.261	575	404	16	6	564	1	548	2.42e-179	528	43.48
Old	WP_241030219.1	44.798	471	247	7	108	576	2	461	3.20e-179	524	64.12
Old	WP_337906125.1	22.261	566	401	14	6	559	1	539	3.46e-179	527	41.70
Old	WP_236308050.1	25.473	581	351	14	2	516	3	567	4.85e-179	527	43.03
Old	WP_320470277.1	22.149	605	395	14	6	557	1	582	4.98e-179	529	38.84
Old	WP_258262980.1	26.405	587	394	17	6	579	1	562	6.99e-179	528	48.89
Old	WP_063372527.1	34.360	617	345	16	7	579	4	604	8.09e-179	529	49.76
Old	WP_132745542.1	23.643	571	400	14	6	564	1	547	1.23e-178	527	43.78
Old	MFC1510201.1	24.216	574	394	14	6	567	1	545	1.42e-178	526	43.55
Old	WP_267150569.1	21.849	595	404	17	6	571	1	563	1.51e-178	526	39.83
Old	WP_263507373.1	38.604	487	271	8	15	481	13	491	1.75e-178	523	59.96
Old	WP_181600542.1	21.562	589	415	15	6	579	1	557	1.94e-178	526	42.28
Old	HEC8062266.1	29.107	560	364	14	6	560	1	532	2.13e-178	526	48.75
Old	MDY6835024.1	25.117	641	382	14	2	564	1	621	2.59e-178	528	41.97
Old	WP_332922672.1	22.530	577	405	16	6	567	1	550	3.51e-178	525	42.81
Old	WP_152116956.1	22.185	604	408	16	6	572	1	579	4.33e-178	526	38.91
Old	MCG9899310.1	22.241	598	418	16	6	579	1	575	5.91e-178	525	39.80
Old	WP_028468991.1	20.786	611	418	17	6	580	1	581	7.46e-178	525	39.61
Old	WP_386074196.1	26.950	564	330	14	2	501	1	546	8.93e-178	523	43.79
Old	WP_090659618.1	24.117	651	398	15	5	580	2	631	1.02e-177	527	41.47
Old	WP_247846923.1	21.429	602	399	16	6	557	1	578	1.16e-177	525	38.54
Old	WP_313322709.1	20.638	596	430	14	6	580	1	574	1.59e-177	524	39.09
Old	WP_282015466.1	22.391	594	413	17	6	576	1	569	2.77e-177	523	41.75
Old	WP_126791917.1	22.351	604	415	15	6	577	1	582	3.76e-177	523	40.73
Old	MCG7988414.1	21.525	590	417	16	6	574	1	565	5.00e-177	522	40.85
Old	HDY7456759.1	27.447	521	344	13	6	521	1	492	7.02e-177	519	47.98
Old	WP_272516659.1	35.468	609	341	16	6	580	13	603	7.90e-177	523	56.81
Old	WP_416780469.1	21.122	606	404	16	6	561	1	582	9.48e-177	523	37.29
Old	WP_029826378.1	32.686	618	355	16	7	579	4	605	2.35e-176	523	50.16
Old	WP_311402839.1	22.521	595	417	17	6	575	1	576	2.60e-176	521	41.68
Old	WP_312606700.1	20.695	604	423	16	6	572	1	585	6.97e-176	520	39.90
Old	WP_219287087.1	22.741	642	402	12	5	571	2	624	9.03e-176	522	41.12
Old	WP_288035716.1	20.325	615	421	16	6	580	1	586	1.15e-175	519	39.67
Old	MBD5507859.1	30.181	497	319	8	6	499	1	472	2.30e-175	514	50.30
Old	NLD46223.1	24.191	587	401	17	6	580	1	555	1.13e-174	516	42.25
Old	MCH3923492.1	23.064	594	411	17	6	580	1	567	1.20e-174	516	44.11
Old	WP_118421521.1	22.847	569	395	16	6	564	1	535	4.55e-174	514	42.88
Old	WP_152643706.1	27.978	554	332	11	80	580	1	540	1.34e-173	513	43.86
Old	WP_343531958.1	22.511	653	410	13	5	580	2	635	1.58e-173	516	41.19
Old	WP_176448231.1	25.503	596	385	16	6	571	1	567	4.25e-173	513	43.46
Old	WP_342542727.1	23.292	571	401	14	6	564	1	546	5.63e-173	511	41.68
Old	WP_101805321.1	24.000	600	393	17	6	571	1	571	8.02e-173	512	42.67
Old	WP_242815906.1	26.871	521	319	8	93	565	2	508	1.06e-172	510	42.80
Old	WP_349461413.1	28.036	560	372	13	6	562	1	532	1.17e-172	511	48.04
Old	WP_165570795.1	24.181	641	390	15	5	570	2	621	1.24e-172	514	42.59
Old	MCX6579894.1	25.692	650	386	15	2	574	1	630	1.42e-172	514	45.85
Old	WP_349489402.1	22.586	611	407	17	6	580	1	581	1.68e-172	511	40.43
Old	MDO5787826.1	23.498	566	391	15	6	566	1	529	2.55e-172	509	42.23
Old	WP_313609898.1	21.287	606	420	16	6	573	1	587	3.41e-172	511	39.60
Old	WP_130069749.1	21.528	576	414	17	6	567	1	552	3.43e-172	510	40.45
Old	HUC82522.1	23.486	545	376	14	37	567	1	518	3.76e-172	508	42.94
Old	WP_408828250.1	19.697	594	423	15	6	569	1	570	6.87e-172	511	38.05
Old	HOM61621.1	26.357	645	393	15	2	580	1	629	7.76e-172	512	44.50
Old	OGU94286.1	25.266	657	393	15	2	580	1	637	8.30e-172	512	45.66
Old	WP_236321864.1	40.919	457	242	8	2	442	1	445	1.16e-171	504	60.18
Old	WP_260291431.1	21.931	611	411	17	6	580	1	581	2.00e-171	509	40.26
Old	WP_224894472.1	26.007	596	382	15	6	571	1	567	2.13e-171	508	42.62
Old	WP_308597081.1	23.868	574	393	17	6	564	1	545	2.42e-171	508	44.43
Old	PIP96611.1	22.355	586	412	17	6	572	1	562	4.39e-171	507	42.66
Old	MBE3039241.1	27.290	524	354	12	63	579	6	509	4.99e-171	506	47.33
Old	WP_181850306.1	21.477	596	429	17	6	580	1	578	5.54e-171	507	39.60
Old	WP_123133983.1	24.398	664	393	17	2	578	1	642	6.74e-171	509	42.47
Old	WP_203055146.1	21.658	591	415	17	6	577	1	562	7.10e-171	507	40.61
Old	WP_065604980.1	32.577	617	356	18	7	579	4	604	7.32e-171	508	49.11
Old	WP_083729980.1	23.502	651	402	14	5	580	2	631	8.28e-171	509	42.86
Old	WP_142488354.1	21.122	606	421	16	6	573	1	587	8.50e-171	507	39.44
Old	WP_052491271.1	20.096	622	422	16	6	576	1	598	8.80e-171	508	37.46
Old	WP_290363572.1	25.039	643	388	13	5	572	2	625	8.92e-171	509	42.15
Old	WP_231401232.1	29.899	495	315	12	6	495	1	468	1.79e-170	502	48.28
Old	MCE1164616.1	25.000	660	390	16	2	578	1	638	2.20e-170	508	44.24
Old	WP_122242675.1	20.336	595	400	14	30	573	1	572	6.51e-170	504	37.48
Old	MBL7821433.1	20.513	585	418	15	6	574	1	554	6.58e-170	504	41.20
Old	HRT84718.1	32.753	574	340	11	36	580	1	557	7.51e-170	504	51.74
Old	WP_228154019.1	26.667	525	323	8	90	566	2	512	1.06e-169	503	43.62
Old	WP_117811589.1	21.391	575	415	17	6	567	1	551	1.15e-169	504	40.70
Old	WP_136984828.1	23.404	611	397	20	6	580	1	576	1.71e-169	503	39.93
Old	MBI5938668.1	24.126	572	377	17	24	568	13	554	5.50e-169	501	39.86
Old	RYE59585.1	50.623	401	190	4	180	579	4	397	1.73e-168	494	68.83
Old	MBI1911782.1	22.089	584	416	16	6	575	1	559	3.23e-168	499	42.98
Old	MFC1833723.1	27.599	558	317	12	2	491	1	539	4.98e-168	500	42.29
Old	MCI4621418.1	56.919	383	163	2	199	580	2	383	6.40e-168	492	74.67
Old	WP_232770968.1	28.956	594	360	16	6	562	1	569	8.77e-168	500	47.31
Old	MBS4066763.1	25.904	498	330	13	6	491	1	471	8.79e-168	495	45.78
Old	MCH8519042.1	21.831	568	394	18	6	562	1	529	1.52e-167	497	42.78
Old	WP_171347411.1	22.332	609	404	20	6	580	1	574	2.20e-167	498	39.41
Old	WP_245123103.1	25.210	595	390	17	6	571	1	569	2.54e-167	498	44.37
Old	WP_243328496.1	22.091	593	406	16	6	568	1	567	1.08e-166	498	39.29
Old	WP_289999331.1	23.846	650	399	14	5	579	2	630	1.49e-166	498	41.54
Old	HCN33156.1	34.328	536	311	11	74	579	1	525	2.30e-166	494	56.16
Old	RKZ72041.1	26.210	599	379	18	6	578	1	562	2.32e-166	496	44.57
Old	WP_348028959.1	23.934	610	401	19	6	579	1	583	3.05e-166	495	42.46
Old	EOI3462793.1	22.240	625	406	18	6	580	1	595	7.19e-166	495	39.68
Old	WP_203323322.1	23.895	611	387	18	10	578	2	576	2.56e-165	493	39.28
Old	WP_390298180.1	23.154	596	402	15	6	572	1	569	3.25e-165	493	43.62
Old	MCJ7503887.1	24.603	630	379	14	10	562	2	612	5.26e-165	494	42.86
Old	WP_310838164.1	45.991	424	216	6	156	579	2	412	9.25e-165	485	65.80
Old	WP_248594027.1	27.273	594	370	15	6	562	1	569	1.03e-164	492	44.95
Old	WP_006714364.1	32.570	568	335	13	46	579	1	554	1.08e-164	491	49.30
Old	MER2042472.1	20.668	629	416	17	1	571	22	625	1.91e-164	493	37.36
Old	WP_374845440.1	22.515	493	354	11	6	487	1	476	3.89e-164	486	42.80
Old	MFO0081176.1	24.104	614	369	15	29	566	2	594	4.37e-164	491	39.41
Old	NCU31135.1	59.091	352	138	2	229	580	21	366	4.79e-164	481	76.99
Old	WP_190480539.1	23.103	593	407	17	6	580	1	562	1.16e-163	488	40.13
Old	WP_051638974.1	23.715	603	396	18	6	574	1	573	5.94e-163	487	41.46
Old	WP_196492161.1	26.599	594	374	15	6	562	13	581	9.12e-163	488	45.29
Old	MEQ8238896.1	24.316	658	392	13	5	577	2	638	1.34e-162	488	42.10
Old	WP_153260118.1	53.151	365	164	5	218	580	4	363	2.70e-162	477	71.78
Old	EEY9635309.1	30.801	487	307	13	6	487	1	462	3.39e-162	481	50.72
Old	WP_252858298.1	20.744	511	379	11	79	577	2	498	4.09e-162	482	39.73
Old	WP_341283253.1	55.342	365	154	5	216	579	2	358	6.20e-162	476	73.42
Old	WP_061034698.1	23.519	591	396	19	6	571	1	560	1.59e-161	482	39.93
Old	WP_236249848.1	26.729	535	314	11	106	574	2	524	3.89e-161	481	40.75
Old	MES1190568.1	21.951	574	391	17	25	571	2	545	2.19e-160	479	37.98
Old	WP_336703089.1	21.070	598	427	15	6	580	1	576	3.29e-160	480	39.63
Old	WP_041329554.1	17.500	600	430	19	6	558	1	582	8.00e-160	479	36.83
Old	WP_402851717.1	24.000	600	393	19	6	572	1	570	8.54e-160	479	42.50
Old	WP_253025449.1	45.522	402	203	6	175	575	1	387	1.06e-159	471	65.42
Old	WP_097766201.1	26.599	594	374	14	6	562	1	569	2.25e-159	478	44.44
Old	WP_108714020.1	22.975	605	401	18	6	575	1	575	2.26e-159	478	42.98
Old	EFK6628942.1	27.565	497	329	12	77	568	1	471	2.89e-159	474	48.49
Old	WP_410502832.1	23.383	603	399	20	6	574	1	574	3.01e-159	477	42.45
Old	WP_224770926.1	54.011	374	167	4	209	580	2	372	3.21e-159	469	69.52
Old	WP_414608208.1	24.638	552	333	13	83	565	2	539	5.06e-159	476	39.13
Old	WP_371021509.1	21.383	622	412	18	6	580	1	592	8.39e-159	477	39.55
Old	WP_190306481.1	20.317	630	413	17	6	571	1	605	9.68e-159	477	36.83
Old	WP_323664323.1	17.696	599	427	19	6	558	1	579	1.40e-158	476	36.73
Old	MCD8550299.1	27.696	473	311	11	110	578	11	456	1.73e-158	471	47.36
Old	MDM8566335.1	21.222	589	422	15	6	574	1	567	3.09e-158	475	41.26
Old	WP_289891063.1	21.045	651	409	20	6	580	1	622	3.48e-158	476	36.56
Old	WP_193764519.1	20.630	635	413	17	6	573	1	611	3.78e-158	476	36.85
Old	WP_249541753.1	27.419	496	300	7	112	559	21	504	5.91e-158	472	44.56
Old	WP_280556466.1	30.998	571	344	15	45	580	10	565	8.04e-158	474	47.29
Old	WP_169318693.1	16.861	599	432	19	6	558	1	579	1.47e-157	473	36.89
Old	WP_051125384.1	22.491	538	382	14	41	567	10	523	1.74e-157	471	42.38
Old	WP_109461880.1	46.005	413	211	5	172	580	23	427	2.22e-157	467	65.38
Old	WP_269987656.1	18.562	598	422	20	6	558	1	578	3.47e-157	472	36.96
Old	MBY7829995.1	16.972	601	429	19	6	556	1	581	4.22e-157	472	37.27
Old	WP_341069480.1	26.494	502	338	12	93	580	2	486	6.06e-157	469	48.01
Old	WP_252863262.1	48.184	413	180	7	180	579	1	392	1.19e-156	464	66.34
Old	EKC7222018.1	27.869	488	324	10	77	561	1	463	1.72e-156	467	48.57
Old	WP_311072627.1	25.340	588	380	17	6	579	1	543	3.14e-156	469	41.84
Old	HEL4257233.1	54.670	364	159	4	216	579	2	359	5.88e-156	461	68.13
Old	WP_001604125.1	17.362	599	429	18	6	558	1	579	9.08e-156	468	36.56
Old	WP_116836429.1	19.290	648	431	19	6	579	1	630	1.55e-155	470	36.57
Old	WP_252405419.1	28.059	474	282	6	112	537	14	476	2.95e-155	463	44.51
Old	WP_320186529.1	18.605	602	423	17	6	559	1	583	3.16e-155	467	36.71
Old	WP_180264058.1	17.529	599	428	19	6	558	1	579	3.30e-155	467	36.06
Old	WP_220385120.1	25.545	505	347	10	80	580	1	480	3.85e-155	463	45.35
Old	WP_222184409.1	17.000	600	429	20	6	556	1	580	4.61e-155	467	36.50
Old	WP_006880473.1	18.060	598	425	20	6	558	1	578	5.09e-155	466	37.63
Old	WP_025125139.1	19.435	602	418	17	6	559	1	583	5.98e-155	466	37.38
Old	WP_165431527.1	18.928	597	421	18	6	558	1	578	1.57e-154	465	37.35
Old	WP_194588167.1	100.000	317	0	0	264	580	1	317	2.20e-154	455	100.00
Old	WP_006687656.1	17.923	597	428	18	6	558	1	579	2.53e-154	465	36.01
Old	MEG0915628.1	19.934	602	416	17	6	559	1	584	2.67e-154	465	37.21
Old	WP_352523973.1	24.830	588	383	17	6	579	1	543	2.83e-154	464	41.67
Old	WP_015469884.1	24.961	641	390	16	3	577	1	616	4.17e-154	466	42.43
Old	MFM5314080.1	17.815	595	429	18	6	558	1	577	4.45e-154	464	36.30
Old	WP_158106214.1	18.562	598	423	19	6	558	1	579	5.77e-154	464	37.79
Old	WP_299014529.1	19.103	602	419	17	6	558	1	583	1.19e-153	463	37.54
Old	MFC1626360.1	19.072	582	410	19	6	547	1	561	1.55e-153	462	39.18
Old	MBX9770161.1	49.868	379	179	6	5	382	24	392	4.75e-153	455	66.75
Old	WP_308723125.1	23.777	593	388	17	6	579	1	548	5.28e-153	461	42.33
Old	MCH1921500.1	37.445	454	246	8	156	580	2	446	5.98e-153	457	58.59
Old	WP_340862215.1	23.858	591	389	16	6	579	1	547	9.17e-153	461	40.78
Old	WP_226670751.1	24.150	588	387	19	6	579	1	543	1.82e-152	459	41.16
Old	WP_406966348.1	17.057	598	431	19	6	558	1	578	2.89e-152	459	35.12
Old	WP_101578056.1	24.155	592	386	17	6	579	1	547	3.55e-152	459	42.23
Old	WP_340906475.1	23.283	597	390	20	6	579	1	552	5.91e-152	459	39.20
Old	WP_153260060.1	49.020	357	174	4	2	351	15	370	1.17e-151	450	68.91
Old	WP_090117769.1	24.579	594	383	18	6	579	1	549	1.18e-151	458	39.90
Old	WP_307319002.1	22.973	592	394	17	6	579	1	548	1.64e-151	457	41.22
Old	WP_251670168.1	23.154	596	391	17	6	579	1	551	3.07e-151	456	40.27
Old	WP_284601520.1	18.258	597	422	18	6	556	1	577	3.72e-151	457	37.19
Old	WP_148955081.1	23.311	592	392	19	6	579	1	548	4.29e-151	456	41.72
Old	UQS87833.1	26.427	473	271	10	2	409	3	463	4.42e-151	452	41.44
Old	WP_137744649.1	25.340	588	380	19	6	579	1	543	4.89e-151	456	42.69
Old	WP_233902155.1	88.288	333	39	0	1	333	1	333	5.70e-151	447	95.50
Old	MDF1821047.1	19.933	597	409	21	6	555	1	575	6.20e-151	456	39.36
Old	WP_293938146.1	18.303	601	424	17	6	558	1	582	7.43e-151	456	36.11
Old	WP_146218625.1	24.286	630	381	13	6	560	4	612	7.90e-151	458	43.49
Old	WP_371270596.1	18.605	602	423	17	6	559	1	583	8.55e-151	456	37.21
Old	WP_370296199.1	22.804	592	394	18	6	579	1	547	2.41e-150	454	40.54
Old	MEZ8697824.1	17.726	598	428	18	6	558	1	579	2.70e-150	454	36.29
Old	WP_132794527.1	17.608	602	426	18	6	557	1	582	4.16e-150	454	37.21
Old	HUC89450.1	18.613	591	423	18	6	558	1	571	4.28e-150	454	37.39
Old	WP_203000252.1	19.301	601	418	18	6	558	1	582	4.74e-150	454	37.44
Old	WP_167430206.1	16.528	599	434	19	6	558	1	579	5.29e-150	454	36.39
Old	WP_373986549.1	23.649	592	389	17	6	579	1	547	1.14e-149	452	40.03
Old	WP_108464359.1	22.804	592	394	16	6	579	1	547	1.28e-149	452	40.88
Old	WP_012342504.1	29.698	431	279	9	6	431	1	412	1.33e-149	447	52.20
Old	WP_120464735.1	23.609	593	389	18	6	579	1	548	1.41e-149	452	40.81
Old	WP_103289995.1	17.667	600	428	17	6	558	1	581	1.94e-149	452	37.17
Old	WP_350302204.1	24.490	588	385	18	6	579	1	543	2.01e-149	452	42.01
Old	WP_123872182.1	18.968	601	420	17	6	558	1	582	6.44e-149	451	36.94
Old	WP_207976626.1	24.320	588	387	19	6	579	1	544	6.55e-149	451	41.84
Old	WP_235247819.1	23.469	588	395	17	6	579	1	547	1.08e-148	450	41.16
Old	WP_142579239.1	46.429	364	183	3	225	579	1	361	1.13e-148	442	68.13
Old	XDD52968.1	18.395	598	425	18	6	558	1	580	1.42e-148	450	37.96
Old	WP_394139060.1	22.054	594	399	17	6	580	1	549	1.44e-148	450	40.07
Old	MBP6025450.1	19.048	609	416	20	6	559	1	587	3.58e-148	449	36.78
Old	WP_036649571.1	24.370	595	384	17	6	579	1	550	5.59e-148	448	42.02
Old	WP_098801097.1	24.452	593	384	16	6	579	1	548	7.62e-148	448	41.32
Old	WP_150157969.1	23.529	595	389	16	6	579	1	550	8.06e-148	449	40.84
Old	WP_088032447.1	23.729	590	389	18	6	579	1	545	1.90e-147	447	41.02
Old	HAS3564816.1	21.604	449	329	8	141	578	1	437	2.82e-147	442	40.76
Old	WP_325593036.1	18.843	605	419	19	6	558	1	585	3.80e-147	447	35.70
Old	WP_394661835.1	16.333	600	434	20	6	558	1	579	1.22e-146	445	34.83
Old	WP_236758466.1	49.857	349	165	6	4	351	20	359	1.24e-146	437	70.20
Old	QIG68351.1	31.148	427	268	10	6	426	1	407	1.63e-146	439	48.48
Old	WP_167184437.1	19.634	601	414	19	6	556	1	582	1.87e-146	445	37.60
Old	WP_012575225.1	23.986	592	389	17	6	580	1	548	2.32e-146	444	42.40
Old	WP_100330464.1	23.469	588	391	18	6	579	1	543	2.72e-146	444	42.69
Old	WP_036614329.1	22.857	595	393	16	6	579	1	550	2.75e-146	444	40.00
Old	HAT8968070.1	45.119	379	199	4	199	576	2	372	3.07e-146	436	65.17
Old	WP_203293596.1	18.017	605	426	18	6	559	1	586	3.17e-146	444	36.69
Old	WP_079290399.1	23.597	606	407	19	6	580	1	581	4.08e-146	444	41.91
Old	CAJ4241327.1	54.375	320	139	5	263	580	1	315	6.41e-146	434	70.94
Old	WP_339601573.1	22.222	621	377	16	6	547	1	594	6.53e-146	444	39.13
Old	WP_390307059.1	23.986	592	387	16	6	579	1	547	7.43e-146	443	42.06
Old	WP_081100750.1	17.668	566	404	19	33	557	3	547	1.90e-145	441	36.75
Old	WP_407870465.1	22.222	594	397	18	6	579	1	549	3.25e-145	441	39.39
Old	EKE18702.1	18.122	607	419	20	6	559	1	582	3.33e-145	441	37.89
Old	WP_212985411.1	22.973	592	393	16	6	579	1	547	5.84e-145	441	40.88
Old	MDU5511120.1	30.769	429	272	9	6	429	1	409	6.47e-145	435	53.38
Old	WP_243503671.1	23.034	534	356	14	6	529	1	489	8.10e-145	437	41.39
Old	MDD2892154.1	18.076	603	424	18	6	557	1	584	8.17e-145	441	35.32
Old	MES0490850.1	18.605	602	421	18	6	558	1	582	1.19e-144	440	37.04
Old	WP_245118325.1	23.858	591	387	18	6	579	1	545	1.82e-144	439	41.96
Old	WP_283226597.1	16.750	597	435	19	6	558	1	579	1.87e-144	439	34.84
Old	WP_221781958.1	22.466	592	396	17	6	579	1	547	2.02e-144	439	39.70
Old	WP_253707281.1	23.137	510	359	13	64	562	9	496	3.29e-144	436	41.57
Old	WP_090743899.1	23.939	589	392	16	6	580	1	547	3.35e-144	438	41.43
Old	MFC1484292.1	18.968	601	420	22	6	560	1	580	5.69e-144	438	38.10
Old	WP_251163636.1	22.962	601	413	18	6	580	1	577	7.23e-144	439	41.76
Old	WP_104036885.1	19.199	599	416	20	6	556	1	579	7.62e-144	438	37.90
Old	EOC0491134.1	21.837	490	337	12	6	468	1	471	1.08e-143	434	41.43
Old	EKK5245927.1	18.975	527	376	14	81	572	2	512	1.31e-143	435	39.09
Old	WP_321311091.1	18.893	614	412	20	6	558	1	589	1.59e-143	437	37.13
Old	HCA80967.1	55.150	301	129	4	281	580	1	296	1.93e-143	426	71.10
Old	MCB9211071.1	17.667	600	427	19	6	560	1	578	2.46e-143	437	35.83
Old	WP_095262212.1	23.350	591	391	18	6	579	1	546	2.80e-143	436	40.95
Old	WP_264383470.1	24.396	455	314	12	6	452	1	433	2.88e-143	431	44.84
Old	WP_279774751.1	22.819	596	392	19	6	579	1	550	3.24e-143	436	39.43
Old	WP_203219317.1	33.543	477	281	8	129	579	7	473	4.51e-143	433	49.69
Old	WP_311235886.1	18.288	514	374	15	6	493	1	494	5.51e-143	433	38.72
Old	WP_237671781.1	52.978	319	144	4	263	580	1	314	5.70e-143	426	71.16
Old	WP_189013635.1	51.724	348	165	3	2	348	21	366	8.67e-143	427	70.40
Old	QKK21264.1	25.420	476	294	8	153	579	1	464	8.72e-143	432	42.02
Old	KZD02618.1	27.966	472	285	6	153	579	1	462	9.42e-143	432	43.86
Old	WP_149994959.1	21.616	495	348	14	65	551	2	464	2.17e-142	430	42.63
Old	WP_368177134.1	26.545	437	292	9	146	579	2	412	3.67e-142	427	46.00
Old	WP_136363344.1	22.962	601	412	18	6	579	1	577	3.84e-142	434	40.93
Old	WP_223380950.1	27.506	429	255	6	198	577	24	445	3.95e-142	429	42.89
Old	WP_102802460.1	34.980	506	283	15	109	580	2	495	4.66e-142	430	54.74
Old	WP_160394738.1	22.951	610	408	18	6	580	1	583	4.91e-142	434	40.82
Old	WP_332071823.1	22.241	607	412	18	6	579	1	580	5.89e-142	434	40.20
Old	WP_130542134.1	18.451	607	418	20	6	557	1	585	7.15e-142	433	35.75
Old	WP_338122968.1	25.046	547	353	15	6	540	1	502	8.01e-142	430	44.06
Old	WP_069325715.1	23.064	594	393	18	6	579	1	550	9.44e-142	432	39.56
Old	WP_194852324.1	19.040	604	418	18	6	558	1	584	1.19e-141	432	36.92
Old	WP_134783954.1	22.130	601	417	18	6	579	1	577	1.29e-141	433	40.10
Old	PCM81467.1	26.695	472	285	8	153	575	1	460	1.63e-141	429	42.16
Old	WP_035507967.1	23.142	592	392	19	6	579	1	547	2.09e-141	431	42.40
Old	EKV3608629.1	25.813	461	270	9	167	567	1	449	3.05e-141	428	43.17
Old	WP_241097386.1	19.730	593	412	17	6	579	1	548	5.20e-141	430	39.63
Old	WP_004546195.1	20.612	621	387	17	6	547	1	594	8.44e-141	431	37.20
Old	OFW39637.1	22.920	637	374	17	6	555	1	607	8.49e-141	431	39.56
Old	MBW4180098.1	26.170	470	284	8	153	574	1	455	1.38e-140	426	43.62
Old	MED0010392.1	27.945	433	286	8	138	568	1	409	1.47e-140	424	48.96
Old	WP_154773049.1	39.500	400	218	6	15	398	13	404	1.53e-140	423	61.75
Old	WP_243763939.1	23.783	534	352	14	6	529	1	489	1.54e-140	427	41.01
Old	MBT1432787.1	26.030	461	281	7	153	565	1	449	2.10e-140	425	42.08
Old	WP_341013754.1	21.306	582	403	17	6	579	1	535	2.63e-140	428	42.44
Old	WP_312114329.1	23.024	582	396	18	6	579	1	538	3.42e-140	427	41.92
Old	WP_104032486.1	23.639	588	404	18	6	575	1	561	4.29e-140	429	41.50
Old	WP_223683077.1	20.437	504	354	14	6	481	1	485	5.23e-140	425	39.09
Old	WP_061522728.1	23.440	593	390	18	6	579	1	548	5.58e-140	428	39.12
Old	WP_076326564.1	23.090	602	409	19	6	579	1	576	7.07e-140	428	40.70
Old	WP_206361181.1	55.272	313	135	4	269	579	4	313	9.42e-140	418	71.25
Old	WP_268395661.1	23.618	597	402	18	6	574	1	571	9.47e-140	428	40.54
Old	WP_070548690.1	23.142	592	392	16	6	579	1	547	9.68e-140	427	40.54
Old	WP_342533114.1	23.906	594	386	17	6	579	1	548	1.35e-139	427	41.08
Old	WP_141058907.1	21.509	623	384	17	6	548	1	598	1.42e-139	428	37.72
Old	WP_236308975.1	25.150	501	299	12	2	437	3	492	1.51e-139	424	41.72
Old	WP_124071849.1	22.934	593	394	18	6	579	1	549	1.66e-139	427	42.16
Old	WP_343781222.1	23.697	595	387	17	6	580	1	548	2.32e-139	426	40.34
Old	WP_221780315.1	22.629	601	414	18	6	579	1	577	3.27e-139	427	40.93
Old	PXX72587.1	37.371	388	207	7	221	579	1	381	6.43e-139	419	59.28
Old	WP_240421269.1	22.049	576	403	16	6	559	1	552	6.55e-139	426	40.80
Old	MFH0990053.1	23.156	583	343	13	85	578	3	569	1.37e-138	424	39.79
Old	WP_018975726.1	22.651	596	394	16	6	579	1	551	3.41e-138	424	40.94
Old	WP_217591761.1	23.939	589	405	17	6	575	1	565	3.75e-138	424	41.26
Old	WP_243033121.1	26.682	431	287	9	152	579	2	406	5.06e-138	417	48.03
Old	WP_047150909.1	23.196	582	404	17	6	568	1	558	5.50e-138	424	42.44
Old	WP_161771009.1	21.704	622	382	16	6	547	1	597	7.98e-138	424	38.26
Old	MBC7515127.1	24.065	615	385	23	6	573	1	580	9.15e-138	423	40.81
Old	WP_264949177.1	19.262	488	353	13	6	469	1	471	1.46e-137	418	38.73
Old	WP_074554030.1	21.562	589	410	16	6	573	1	558	1.57e-137	421	41.09
Old	MFK5971013.1	27.542	472	298	11	6	455	1	450	2.54e-137	417	46.82
Old	WP_110929760.1	22.852	582	395	18	6	579	1	536	2.85e-137	420	42.27
Old	WP_215577455.1	23.196	582	404	17	6	568	1	558	3.60e-137	421	42.96
Old	HMR38738.1	19.764	592	412	19	6	556	1	570	4.84e-137	420	38.85
Old	EKE28194.1	17.833	600	425	18	6	557	1	580	8.79e-137	420	36.83
Old	WP_041169025.1	25.974	462	282	7	153	566	1	450	1.03e-136	416	42.42
Old	WP_341052600.1	23.156	583	393	18	6	579	1	537	1.16e-136	419	41.85
Old	WP_294746103.1	21.886	594	400	20	6	580	1	549	1.55e-136	419	40.24
Old	WP_027074455.1	27.155	464	287	9	141	566	1	451	2.41e-136	415	47.41
Old	WP_328590126.1	21.704	622	387	16	2	547	1	598	4.07e-136	419	39.71
Old	WP_336497425.1	20.930	602	423	17	6	579	1	577	4.54e-136	419	39.87
Old	WP_340976657.1	22.337	582	399	18	6	579	1	537	4.58e-136	417	41.75
Old	WP_405158725.1	21.993	582	400	18	6	579	1	536	8.88e-136	416	40.89
Old	WP_209404499.1	23.469	588	395	16	6	579	1	547	9.75e-136	417	40.82
Old	EBZ3010645.1	35.731	431	250	9	10	421	2	424	1.28e-135	411	52.20
Old	WP_131471369.1	22.689	595	394	18	6	580	1	549	1.62e-135	416	40.67
Old	MDY4097158.1	50.943	318	145	3	259	576	48	354	1.68e-135	408	65.72
Old	WP_210535786.1	21.163	619	386	18	6	547	1	594	2.10e-135	417	40.23
Old	WP_256975593.1	22.704	577	374	15	31	580	4	535	2.90e-135	415	40.73
Old	WP_094094588.1	20.331	605	428	18	6	580	1	581	3.58e-135	417	40.99
Old	MDP2946642.1	19.640	611	412	20	6	559	1	589	3.66e-135	416	38.13
Old	WP_198002615.1	51.592	314	138	5	263	575	1	301	4.30e-135	405	66.88
Old	WP_330985149.1	27.518	407	269	10	6	407	1	386	6.50e-135	408	46.93
Old	WP_409344237.1	22.277	606	412	18	6	579	1	579	6.58e-135	416	39.77
Old	WP_214845437.1	23.932	585	397	18	6	580	1	547	7.50e-135	414	43.59
Old	WP_327790556.1	99.624	266	1	0	212	477	2	267	9.77e-135	403	100.00
Old	MFH1718480.1	22.084	643	389	20	6	563	1	616	1.04e-134	416	40.12
Old	MBS1503774.1	19.818	550	383	19	6	519	1	528	1.13e-134	412	37.27
Old	WP_240056560.1	23.430	589	390	17	7	579	5	548	1.42e-134	414	41.43
Old	WP_234909895.1	99.054	317	3	0	53	369	1	317	2.41e-134	404	99.68
Old	WP_051254024.1	23.116	584	393	19	6	579	1	538	3.22e-134	412	42.47
Old	WP_307603316.1	22.241	607	413	18	6	580	1	580	5.59e-134	414	40.53
Old	WP_096981139.1	27.443	481	292	12	6	449	1	461	6.50e-134	408	44.91
Old	POR61430.1	25.495	455	270	9	186	578	15	462	6.97e-134	409	42.20
Old	WP_198462388.1	25.828	453	260	10	2	390	3	443	8.35e-134	407	40.18
Old	WP_367345235.1	21.372	627	390	18	6	555	1	601	9.02e-134	413	36.84
Old	MCT4617412.1	18.085	564	403	17	6	528	1	546	9.24e-134	414	37.59
Old	WP_071731689.1	22.629	601	414	18	6	579	1	577	2.41e-133	412	40.77
Old	RYH50430.1	24.896	482	282	11	2	415	3	472	2.52e-133	407	38.17
Old	WP_408330704.1	22.419	620	374	19	6	542	1	596	3.63e-133	412	38.87
Old	WP_059543401.1	21.725	626	381	19	6	547	1	601	3.83e-133	412	38.82
Old	WP_152910712.1	53.872	297	130	5	286	580	1	292	4.62e-133	400	71.04
Old	HWG88653.1	21.061	622	383	17	6	547	1	594	8.83e-133	411	38.42
Old	HFC8522967.1	26.809	470	286	10	149	580	1	450	8.96e-133	405	46.38
Old	WP_102503087.1	18.802	601	418	18	6	557	1	580	9.91e-133	409	36.11
Old	MFP5969808.1	20.395	608	424	18	6	580	1	581	1.36e-132	410	37.83
Old	MCC6360817.1	21.807	642	376	21	6	558	1	605	1.50e-132	410	38.94
Old	WP_201101907.1	23.295	601	396	18	6	578	1	564	1.51e-132	408	40.27
Old	WP_312781313.1	23.288	584	390	15	6	561	1	554	2.36e-132	408	39.73
Old	WP_201224037.1	21.870	599	420	17	6	580	1	575	3.30e-132	408	39.40
Old	WP_194577274.1	99.026	308	3	0	72	379	1	308	5.62e-132	397	99.68
Old	MDN6298215.1	38.196	377	209	7	2	362	1	369	5.76e-132	400	57.56
Old	WP_075617995.1	22.813	583	409	14	6	580	1	550	7.45e-132	407	42.88
Old	WP_028730834.1	21.406	626	382	17	6	547	1	600	8.20e-132	409	36.74
Old	WP_205608068.1	29.904	418	235	7	214	580	5	415	1.85e-131	401	44.74
Old	WP_215123408.1	23.299	588	392	17	6	579	1	543	1.97e-131	405	42.86
Old	WP_202378827.1	27.378	431	253	7	177	559	29	447	2.51e-131	402	44.55
Old	WP_017091875.1	20.690	493	344	12	69	535	1	472	4.23e-131	401	37.93
Old	WP_241471392.1	25.708	424	245	8	2	367	7	418	4.52e-131	400	42.45
Old	WP_257813140.1	25.397	504	310	12	122	568	2	496	8.30e-131	403	38.49
Old	WP_008637530.1	22.351	604	414	18	6	580	1	578	1.47e-130	404	40.56
Old	AKO02645.1	24.211	475	286	9	153	565	1	463	1.52e-130	401	39.58
Old	WP_408468037.1	21.774	620	381	19	6	547	1	594	2.30e-130	404	37.74
Old	WP_251572561.1	21.797	601	419	18	6	579	1	577	3.38e-130	404	40.43
Old	HAI32295.1	29.854	412	239	5	213	579	1	407	3.52e-130	398	44.66
Old	WP_164962400.1	20.385	623	389	17	6	547	1	597	3.75e-130	404	36.92
Old	MDP3822588.1	21.383	622	384	16	6	547	1	597	7.71e-130	403	38.42
Old	WP_164462088.1	53.716	296	126	3	285	580	1	285	8.98e-130	391	70.61
Old	KGW65355.1	24.832	447	270	9	191	578	2	441	2.34e-129	397	39.37
Old	WP_237332094.1	100.000	252	0	0	263	514	1	252	2.41e-129	389	100.00
Old	MET0010680.1	48.675	302	141	5	275	575	1	289	3.11e-129	390	65.89
Old	WP_211906350.1	21.691	627	381	20	6	548	1	601	7.42e-129	401	37.48
Old	WP_265216756.1	30.481	374	240	8	208	578	3	359	7.57e-129	392	50.53
Old	WP_214856022.1	22.425	602	416	18	6	580	1	578	1.06e-128	399	41.36
Old	WP_176544527.1	22.162	555	391	13	6	548	1	526	1.52e-128	398	40.18
Old	WP_144660951.1	22.867	586	405	18	6	580	1	550	4.47e-128	397	42.49
Old	MEP7121845.1	21.827	646	370	20	9	561	2	605	5.17e-128	401	37.31
Old	MEE2928919.1	21.739	621	385	18	6	549	1	597	5.93e-128	398	38.16
Old	WP_186167738.1	21.395	631	376	23	6	547	1	600	7.24e-128	398	37.56
Old	WP_154813922.1	17.078	527	380	17	73	558	1	511	1.08e-127	394	37.38
Old	WP_346425261.1	16.123	521	379	17	80	558	1	505	1.32e-127	394	37.04
Old	HCD8023047.1	17.426	505	366	15	71	540	1	489	1.58e-127	393	36.24
Old	WP_025689619.1	19.969	646	392	16	6	562	1	610	3.47e-127	397	36.07
Old	WP_014393196.1	21.575	635	384	22	6	557	1	604	4.36e-127	403	39.84
Old	WP_298788509.1	23.154	596	385	21	6	580	1	544	5.66e-127	394	42.28
Old	WP_223739618.1	20.370	648	378	22	6	558	1	605	8.82e-127	402	37.50
Old	WP_370451017.1	20.155	645	381	22	6	557	7	610	9.32e-127	402	36.59
Old	WP_261289682.1	16.926	514	370	17	88	558	2	501	1.02e-126	391	36.58
Old	WP_413058643.1	32.203	413	261	10	182	579	2	410	5.22e-126	387	51.57
Old	WP_374269858.1	19.907	648	383	20	6	559	1	606	9.12e-126	399	35.96
Old	MEB5958299.1	30.458	371	241	7	200	568	1	356	1.20e-125	384	50.94
Old	WP_120584828.1	20.679	648	384	20	6	562	1	609	1.71e-125	399	37.04
Old	WP_171811004.1	20.402	647	381	20	6	559	1	606	2.82e-125	398	35.09
Old	HAJ7308310.1	30.233	387	246	10	38	419	1	368	9.87e-125	381	50.65
Old	MDF8428460.1	27.294	425	246	7	5	382	2	410	1.07e-124	383	44.71
Old	WP_342108102.1	21.064	470	310	11	145	573	2	451	1.63e-124	384	38.72
Old	WP_063868081.1	59.310	290	102	5	233	509	2	288	3.65e-124	377	71.72
Old	HYO64899.1	21.240	645	377	20	6	559	1	605	5.89e-123	392	36.28
Old	MDU3723907.1	30.618	356	227	8	230	579	1	342	1.07e-122	377	50.28
Old	WP_120539639.1	21.240	645	378	20	6	559	1	606	1.73e-122	391	37.52
Old	WP_142577242.1	22.172	442	302	10	150	568	1	423	1.83e-122	379	40.05
Old	MCH8093322.1	23.089	641	376	18	6	562	1	608	1.92e-122	384	37.13
Old	OCN66615.1	17.478	452	336	12	17	448	3	437	2.36e-122	378	38.50
Old	WP_215077360.1	32.635	334	214	5	250	579	2	328	3.22e-122	374	53.29
Old	WP_120606515.1	20.062	643	383	22	6	557	1	603	1.43e-121	389	35.77
Old	WP_249339363.1	30.286	350	224	8	233	579	2	334	2.19e-121	372	49.71
Old	EFC5136411.1	17.125	473	341	14	121	558	9	465	2.56e-121	376	36.79
Old	WP_194575782.1	99.257	269	2	0	170	438	1	269	2.58e-121	369	99.63
Old	EJL6431524.1	18.261	460	330	14	110	539	1	444	3.12e-121	375	38.70
Old	WP_333953602.1	28.732	355	233	9	229	577	1	341	6.23e-121	372	52.11
Old	WP_348464414.1	22.820	539	362	14	31	552	2	503	6.25e-121	378	42.67
Old	WP_187553534.1	21.521	618	385	15	6	547	1	594	1.03e-120	380	40.94
Old	WP_313635596.1	24.663	519	355	13	6	507	1	500	1.08e-120	376	42.97
Old	ELY4391273.1	20.044	454	315	11	153	572	2	441	1.12e-120	374	40.09
Old	WP_257225477.1	37.500	352	188	6	254	579	1	346	1.14e-120	370	62.50
Old	WP_217080628.1	22.068	648	371	22	6	558	1	609	1.18e-120	386	37.81
Old	WP_248546294.1	21.495	642	384	21	6	558	1	611	1.62e-120	385	37.85
Old	WP_332374419.1	31.090	312	203	6	270	575	1	306	1.75e-120	369	49.36
Old	WP_324031470.1	46.688	317	159	6	4	319	20	327	3.55e-120	368	67.19
Old	WP_377735265.1	20.777	592	406	16	6	579	1	547	4.94e-120	376	39.86
Old	WP_169576871.1	28.680	394	231	6	210	555	29	420	6.26e-120	372	44.16
Old	WP_263350254.1	20.761	631	378	18	6	547	1	598	9.76e-120	377	38.19
Old	WP_336683011.1	16.953	466	336	15	128	558	7	456	1.37e-119	371	36.91
Old	WP_194589312.1	19.635	438	312	12	6	419	1	422	1.45e-119	370	39.04
Old	HZH78003.1	20.775	645	381	21	6	559	1	606	1.45e-119	383	35.35
Old	WP_178379417.1	21.891	571	401	14	6	558	1	544	1.49e-119	375	40.81
Old	WP_167426016.1	37.234	376	203	7	230	579	2	370	2.63e-119	368	52.13
Old	WP_012241382.1	20.963	644	374	22	6	556	1	602	4.05e-119	382	35.09
Old	MDO8742761.1	20.411	632	388	19	6	555	1	599	5.80e-119	375	35.92
Old	MEQ9617729.1	21.061	603	364	18	6	515	1	584	1.97e-118	373	36.15
Old	MBT9527530.1	21.019	628	381	22	6	547	1	599	2.31e-118	374	37.26
Old	WP_253995731.1	20.276	651	379	21	6	557	1	610	4.68e-118	380	35.02
Old	WP_323914759.1	50.365	274	129	3	303	575	3	270	5.92e-118	360	66.06
Old	KGW41303.1	34.296	277	171	6	306	578	2	271	8.08e-118	361	50.54
Old	WP_315625135.1	28.726	369	208	6	246	566	3	364	8.80e-118	365	43.90
Old	WP_161260363.1	20.537	633	392	17	6	558	1	602	8.81e-118	372	36.49
Old	WP_222906803.1	26.420	405	236	7	85	435	4	400	9.58e-118	366	41.73
Old	WP_035330701.1	28.108	370	244	9	6	370	1	353	1.42e-117	363	48.11
Old	ELA6925544.1	23.324	343	250	6	237	568	1	341	1.49e-117	362	42.57
Old	WP_327787086.1	100.000	247	0	0	326	572	1	247	2.31e-117	358	100.00
Old	WP_338297722.1	17.849	437	322	12	48	464	1	420	2.42e-117	364	37.76
Old	WP_149998557.1	21.588	403	290	10	69	464	1	384	3.49e-117	363	43.42
Old	WP_267863506.1	20.833	648	379	20	6	557	1	610	6.59e-117	377	36.27
Old	SVL62000.1	28.205	351	234	7	233	580	2	337	7.56e-117	360	48.43
Old	HVS73240.1	22.000	650	381	18	6	565	1	614	1.42e-116	375	38.15
Old	WP_348517517.1	22.892	498	328	12	6	475	1	470	3.77e-116	363	42.77
Old	WP_416757651.1	31.657	338	214	8	233	568	2	324	4.23e-116	359	50.30
Old	WP_158653994.1	34.562	434	248	12	171	580	1	422	4.38e-116	361	55.76
Old	WP_160435962.1	30.058	346	220	6	147	491	1	325	6.96e-116	357	49.71
Old	MCX8045820.1	24.396	455	308	13	142	580	55	489	1.15e-115	363	44.84
Old	MDU1755902.1	28.606	409	272	10	181	579	7	405	4.87e-115	359	44.01
Old	HBX8113077.1	26.531	392	230	5	153	497	1	381	6.24e-115	357	42.09
Old	WP_241651830.1	21.212	429	289	10	6	408	1	406	2.16e-114	356	38.23
Old	WP_133053813.1	19.021	531	366	18	75	559	2	514	3.64e-114	360	37.29
Old	MBD3341884.1	17.300	474	341	15	120	558	3	460	4.77e-114	357	36.08
Old	WP_196363787.1	98.885	269	3	0	1	269	1	269	5.28e-114	350	99.63
Old	WP_239689100.1	17.699	452	322	14	141	558	1	436	5.39e-114	356	36.73
Old	WP_053600567.1	26.537	309	215	5	270	575	1	300	8.44e-114	351	43.69
Old	HGO6822576.1	34.409	279	175	4	301	577	51	323	9.03e-114	352	50.18
Old	MAF77267.1	18.201	467	329	15	126	556	43	492	9.54e-114	358	36.83
Old	WP_001617394.1	27.000	400	234	5	153	505	1	389	1.52e-113	354	44.25
Old	WP_197671986.1	22.273	440	301	13	6	420	1	424	2.40e-113	354	41.59
Old	WP_198153605.1	50.896	279	135	1	4	282	16	292	1.07e-112	348	70.97
Old	WP_311778611.1	21.902	589	400	14	6	572	1	551	1.93e-112	357	43.12
Old	HBB8672507.1	29.919	371	240	10	6	371	1	356	4.33e-112	348	52.56
Old	WP_317336894.1	24.936	389	234	8	5	348	2	377	6.53e-112	350	40.62
Old	HBT5018444.1	27.473	364	243	9	6	364	1	348	1.66e-111	347	47.80
Old	MDP3093575.1	22.203	572	396	17	6	558	1	542	3.38e-111	353	44.23
Old	WP_274028446.1	20.899	378	280	8	6	379	1	363	1.11e-110	346	41.53
Old	WP_234710906.1	34.843	287	177	5	298	580	12	292	4.68e-110	342	48.78
Old	WP_230681193.1	33.456	272	169	6	310	575	1	266	9.19e-110	341	50.00
Old	WP_329660878.1	31.359	287	183	7	300	580	5	283	1.84e-109	340	49.83
Old	MEK7328041.1	20.125	641	397	17	6	562	1	610	3.21e-109	350	35.10
Old	WP_234520877.1	32.323	297	184	6	285	578	1	283	5.47e-109	338	51.85
Old	WP_377022354.1	56.735	245	99	3	333	577	16	253	6.37e-109	337	71.43
Old	WP_234520588.1	18.970	427	306	12	6	408	1	411	9.48e-109	342	38.64
Old	WP_225719599.1	24.619	394	268	11	6	391	1	373	1.02e-108	340	43.65
Old	WP_147458092.1	34.843	287	177	5	298	580	55	335	2.13e-108	339	48.78
Old	WP_340963341.1	20.450	533	383	14	56	566	3	516	2.58e-108	346	38.46


