# blastp
# Iteration: 7
# Query: JetC_ECOR67 from 1338 to 1445
# RID: XMVZWA19016
# Database: nr_cluster_seq
# Fields: query acc.ver, subject acc.ver, % identity, alignment length, mismatches, gap opens, q. start, q. end, s. start, s. end, evalue, bit score, % positives
# 1000 hits found
JetC_ECOR67	HLL64485.1	34.545	110	67	2	2	106	14	123	4.22e-52	171	53.64
JetC_ECOR67	MDT7592411.1	34.545	110	67	2	2	106	61	170	2.36e-51	170	53.64
JetC_ECOR67	OCC07223.1	34.545	110	67	2	2	106	26	135	2.43e-50	167	51.82
JetC_ECOR67	AKG42063.1	35.455	110	66	2	2	106	26	135	4.66e-50	166	51.82
JetC_ECOR67	KDN86634.1	35.455	110	66	2	2	106	26	135	9.42e-50	165	50.91
JetC_ECOR67	MFE3285405.1	34.545	110	67	2	2	106	50	159	1.94e-49	165	51.82
JetC_ECOR67	HEY1971394.1	34.545	110	67	2	2	106	11	120	2.79e-49	163	53.64
JetC_ECOR67	WP_414094770.1	34.545	110	67	2	2	106	1230	1339	2.90e-49	178	56.36
JetC_ECOR67	MDX6361888.1	34.545	110	67	2	2	106	41	150	5.33e-49	164	51.82
JetC_ECOR67	MYU18307.1	35.455	110	66	2	2	106	45	154	5.37e-49	164	51.82
JetC_ECOR67	GGV46866.1	35.455	110	66	2	2	106	37	146	7.73e-49	163	51.82
JetC_ECOR67	MEU1167941.1	34.545	110	67	2	2	106	87	196	8.35e-49	165	51.82
JetC_ECOR67	WP_020498235.1	33.636	110	68	2	2	106	1316	1425	9.49e-49	176	54.55
JetC_ECOR67	MFD8638629.1	34.545	110	67	2	2	106	115	224	1.04e-48	165	51.82
JetC_ECOR67	WP_217307508.1	36.036	111	66	2	2	107	1334	1444	1.45e-48	176	54.05
JetC_ECOR67	EFL21424.1	35.455	110	66	2	2	106	117	226	1.72e-48	165	51.82
JetC_ECOR67	HSA50921.1	36.364	110	65	2	2	106	178	287	2.22e-48	167	53.64
JetC_ECOR67	HET6484343.1	32.727	110	69	2	2	106	285	394	2.71e-48	169	54.55
JetC_ECOR67	KOG36354.1	35.455	110	66	2	2	106	161	270	3.68e-48	166	51.82
JetC_ECOR67	SCF93039.1	34.545	110	67	2	2	106	169	278	4.77e-48	166	51.82
JetC_ECOR67	WP_378690202.1	36.697	109	64	2	3	106	1336	1444	5.03e-48	175	55.96
JetC_ECOR67	WP_344474265.1	35.455	110	66	2	3	107	1327	1436	6.05e-48	174	54.55
JetC_ECOR67	OEV07718.1	35.455	110	66	2	2	106	169	278	6.54e-48	166	51.82
JetC_ECOR67	WP_089301102.1	34.545	110	67	2	2	106	1361	1470	7.63e-48	174	56.36
JetC_ECOR67	WP_071046843.1	36.364	110	65	2	2	106	1341	1450	7.71e-48	174	52.73
JetC_ECOR67	WP_093853777.1	36.364	110	65	2	2	106	130	239	7.74e-48	166	51.82
JetC_ECOR67	MBQ1067018.1	35.455	110	66	2	2	106	236	345	9.18e-48	166	56.36
JetC_ECOR67	MFC7617273.1	33.636	110	68	2	2	106	387	496	9.97e-48	170	55.45
JetC_ECOR67	WP_184367029.1	33.945	109	68	2	2	106	1347	1455	1.07e-47	173	54.13
JetC_ECOR67	NSC20475.1	35.455	110	66	2	2	106	171	280	1.09e-47	166	51.82
JetC_ECOR67	WP_397010902.1	33.636	110	68	2	2	106	1326	1435	1.17e-47	173	52.73
JetC_ECOR67	MDG4860407.1	35.455	110	66	2	2	106	296	405	1.26e-47	168	51.82
JetC_ECOR67	WP_207811836.1	36.937	111	65	2	2	107	1335	1445	1.31e-47	173	54.95
JetC_ECOR67	WP_034270815.1	33.636	110	68	2	2	106	1346	1455	1.43e-47	173	54.55
JetC_ECOR67	EOD68604.1	32.727	110	69	2	2	106	318	427	1.54e-47	168	54.55
JetC_ECOR67	WP_206808710.1	33.636	110	68	2	2	106	1335	1444	1.55e-47	173	53.64
JetC_ECOR67	GAA1191126.1	31.818	110	70	2	2	106	295	404	1.78e-47	167	53.64
JetC_ECOR67	PWS41746.1	34.545	110	67	2	2	106	231	340	1.86e-47	166	51.82
JetC_ECOR67	WP_215543768.1	33.636	110	68	2	2	106	1335	1444	1.90e-47	173	53.64
JetC_ECOR67	WP_360721749.1	34.545	110	67	2	2	106	183	292	2.26e-47	164	51.82
JetC_ECOR67	NEA01579.1	34.545	110	67	2	2	106	208	317	2.37e-47	165	51.82
JetC_ECOR67	WP_326414652.1	33.636	110	68	2	2	106	1332	1441	2.54e-47	172	54.55
JetC_ECOR67	WP_091292521.1	33.636	110	68	2	2	106	1330	1439	2.67e-47	172	53.64
JetC_ECOR67	MQA62978.1	33.636	110	68	2	2	106	1335	1444	2.74e-47	172	53.64
JetC_ECOR67	WP_158890028.1	33.636	110	68	2	2	106	1330	1439	2.83e-47	172	53.64
JetC_ECOR67	HVQ99822.1	34.545	110	67	2	2	106	147	256	2.84e-47	163	50.91
JetC_ECOR67	WP_030530591.1	32.727	110	69	2	2	106	1344	1453	2.85e-47	172	54.55
JetC_ECOR67	HEY2764503.1	32.727	110	69	2	2	106	1330	1439	3.02e-47	172	54.55
JetC_ECOR67	MYT20202.1	34.545	110	67	2	2	106	187	296	3.32e-47	164	51.82
JetC_ECOR67	WP_091808123.1	33.636	110	68	2	2	106	1332	1441	3.33e-47	172	54.55
JetC_ECOR67	WP_252782562.1	34.545	110	67	2	2	106	1337	1446	3.33e-47	172	52.73
JetC_ECOR67	WP_344870838.1	33.636	110	68	2	2	106	1325	1434	3.43e-47	172	53.64
JetC_ECOR67	WP_247756401.1	35.455	110	66	2	2	106	1319	1428	3.60e-47	172	52.73
JetC_ECOR67	MYX56034.1	35.455	110	66	2	2	106	182	291	3.89e-47	164	51.82
JetC_ECOR67	MCM3926092.1	34.545	110	67	2	2	106	125	234	4.16e-47	162	51.82
JetC_ECOR67	WP_020637197.1	33.636	110	68	2	2	106	1338	1447	4.17e-47	172	54.55
JetC_ECOR67	WP_297551566.1	33.636	110	68	2	2	106	1330	1439	4.20e-47	172	53.64
JetC_ECOR67	WP_168514914.1	33.636	110	68	2	2	106	1328	1437	4.37e-47	172	54.55
JetC_ECOR67	WP_106180372.1	33.636	110	68	2	2	106	1341	1450	4.37e-47	172	54.55
JetC_ECOR67	WP_361517166.1	36.036	111	66	2	2	107	1335	1445	4.54e-47	171	54.05
JetC_ECOR67	WP_219667772.1	35.455	110	66	2	2	106	1332	1441	5.06e-47	171	56.36
JetC_ECOR67	MFE3781331.1	31.818	110	70	2	2	106	341	450	5.27e-47	167	50.00
JetC_ECOR67	WP_220131531.1	33.036	112	69	2	2	107	352	463	5.51e-47	167	54.46
JetC_ECOR67	MCU1654740.1	34.545	110	67	2	2	106	1356	1465	5.52e-47	171	53.64
JetC_ECOR67	WP_327551533.1	33.636	110	68	2	2	106	1334	1443	5.57e-47	171	54.55
JetC_ECOR67	WP_091507528.1	33.636	110	68	2	2	106	1328	1437	5.62e-47	171	54.55
JetC_ECOR67	WP_094928500.1	33.636	110	68	2	2	106	1341	1450	5.79e-47	171	53.64
JetC_ECOR67	MYW06635.1	35.455	110	66	2	2	106	183	292	5.83e-47	164	53.64
JetC_ECOR67	WP_036553203.1	35.780	109	65	2	3	106	1335	1443	5.96e-47	171	55.05
JetC_ECOR67	WP_388043505.1	36.036	111	66	2	2	107	1266	1376	6.01e-47	171	52.25
JetC_ECOR67	HEY7259924.1	33.636	110	68	2	2	106	116	225	6.02e-47	162	51.82
JetC_ECOR67	WP_092533469.1	33.636	110	68	2	2	106	1334	1443	6.26e-47	171	54.55
JetC_ECOR67	WP_410646798.1	32.727	110	69	2	2	106	1330	1439	6.32e-47	171	51.82
JetC_ECOR67	WP_183786992.1	32.727	110	69	2	2	106	1332	1441	6.76e-47	171	53.64
JetC_ECOR67	TQE34325.1	33.036	112	69	2	2	107	261	372	7.01e-47	165	54.46
JetC_ECOR67	WP_132879650.1	33.636	110	68	2	2	106	1331	1440	7.45e-47	171	53.64
JetC_ECOR67	WP_199433137.1	33.636	110	68	2	2	106	1335	1444	7.60e-47	171	54.55
JetC_ECOR67	HET6481296.1	34.545	110	67	2	2	106	1330	1439	7.75e-47	171	53.64
JetC_ECOR67	WP_172383159.1	36.364	110	65	2	2	106	1334	1443	7.75e-47	171	57.27
JetC_ECOR67	WP_144749705.1	33.636	110	68	2	2	106	1328	1437	8.05e-47	171	53.64
JetC_ECOR67	GDY72503.1	34.545	110	67	2	2	106	127	236	8.61e-47	161	51.82
JetC_ECOR67	MYS49381.1	34.545	110	67	2	2	106	186	295	8.77e-47	163	51.82
JetC_ECOR67	WP_236791227.1	33.636	110	68	2	2	106	1328	1437	8.79e-47	171	54.55
JetC_ECOR67	MEU1425404.1	35.455	110	66	2	2	106	493	602	9.03e-47	169	55.45
JetC_ECOR67	WP_387049539.1	36.697	109	64	2	3	106	1335	1443	9.78e-47	171	55.96
JetC_ECOR67	WP_365039771.1	36.937	111	65	2	2	107	1333	1443	1.04e-46	171	54.05
JetC_ECOR67	WP_184779762.1	32.727	110	69	2	2	106	1329	1438	1.05e-46	171	54.55
JetC_ECOR67	WP_112285081.1	33.636	110	68	2	2	106	1331	1440	1.05e-46	171	54.55
JetC_ECOR67	WP_167113507.1	33.636	110	68	2	2	106	1331	1440	1.06e-46	171	54.55
JetC_ECOR67	MDT7568056.1	34.545	110	67	2	2	106	456	565	1.07e-46	168	53.64
JetC_ECOR67	WP_384336425.1	36.697	109	64	2	3	106	1333	1441	1.11e-46	171	55.96
JetC_ECOR67	WP_154758081.1	32.727	110	69	2	2	106	1328	1437	1.14e-46	171	54.55
JetC_ECOR67	KIF02917.1	34.545	110	67	2	2	106	227	336	1.16e-46	163	51.82
JetC_ECOR67	WP_252438697.1	32.727	110	69	2	2	106	1334	1443	1.25e-46	170	51.82
JetC_ECOR67	MFE7122357.1	35.455	110	66	2	2	106	287	396	1.35e-46	165	51.82
JetC_ECOR67	WP_169178169.1	34.545	110	67	2	2	106	1330	1439	1.41e-46	170	52.73
JetC_ECOR67	WP_377388753.1	35.455	110	66	2	2	106	1332	1441	1.41e-46	170	54.55
JetC_ECOR67	WP_101434553.1	32.727	110	69	2	2	106	1329	1438	1.43e-46	170	54.55
JetC_ECOR67	WP_020672709.1	33.636	110	68	2	2	106	1336	1445	1.46e-46	170	53.64
JetC_ECOR67	WP_015099512.1	30.909	110	71	2	2	106	1333	1442	1.56e-46	170	51.82
JetC_ECOR67	WP_113643076.1	34.545	110	67	2	2	106	1332	1441	1.68e-46	170	54.55
JetC_ECOR67	HJQ46335.1	33.636	110	68	2	2	106	1328	1437	1.70e-46	170	53.64
JetC_ECOR67	HVW43081.1	33.636	110	68	2	2	106	738	847	1.71e-46	170	54.55
JetC_ECOR67	WP_138960258.1	37.273	110	64	2	2	106	1335	1444	1.73e-46	170	57.27
JetC_ECOR67	WP_234425430.1	34.545	110	67	2	2	106	188	297	1.74e-46	162	51.82
JetC_ECOR67	MEU7703210.1	34.545	110	67	2	2	106	230	339	1.74e-46	163	51.82
JetC_ECOR67	WP_087882811.1	37.615	109	63	2	3	106	1335	1443	1.75e-46	170	56.88
JetC_ECOR67	WP_378324825.1	32.727	110	69	2	2	106	1329	1438	1.77e-46	170	54.55
JetC_ECOR67	PBC69677.1	36.364	110	65	2	2	106	1332	1441	1.77e-46	170	57.27
JetC_ECOR67	WP_142003052.1	33.636	110	68	2	2	106	1334	1443	1.87e-46	170	53.64
JetC_ECOR67	WP_185065201.1	33.636	110	68	2	2	106	1338	1447	1.89e-46	170	52.73
JetC_ECOR67	OXM64971.1	33.636	110	68	2	2	106	566	675	1.98e-46	168	54.55
JetC_ECOR67	HWN33019.1	33.636	110	68	2	2	106	1369	1478	2.03e-46	170	52.73
JetC_ECOR67	WP_317494896.1	32.727	110	69	2	2	106	1373	1482	2.11e-46	170	56.36
JetC_ECOR67	WP_144121057.1	36.364	110	65	2	2	106	1310	1419	2.12e-46	170	52.73
JetC_ECOR67	EFG65588.1	36.364	110	65	2	2	106	323	432	2.15e-46	166	51.82
JetC_ECOR67	MEU3193811.1	35.455	110	66	2	2	106	282	391	2.20e-46	165	51.82
JetC_ECOR67	GAA4409941.1	33.636	110	68	2	2	106	764	873	2.27e-46	170	55.45
JetC_ECOR67	MYW07422.1	34.821	112	66	2	2	106	256	367	2.28e-46	164	50.89
JetC_ECOR67	WP_215027386.1	34.545	110	67	2	2	106	504	613	2.36e-46	168	51.82
JetC_ECOR67	WP_378400088.1	31.818	110	70	2	2	106	1278	1387	2.36e-46	170	50.00
JetC_ECOR67	WP_116047021.1	31.818	110	70	2	2	106	1333	1442	2.36e-46	170	52.73
JetC_ECOR67	MDT7659912.1	34.545	110	67	2	2	106	538	647	2.44e-46	168	53.64
JetC_ECOR67	WP_027940699.1	33.636	110	68	2	2	106	1329	1438	2.55e-46	170	54.55
JetC_ECOR67	HEY3482371.1	35.455	110	66	2	2	106	129	238	2.64e-46	161	50.91
JetC_ECOR67	WP_324240810.1	33.636	110	68	2	2	106	1332	1441	2.65e-46	170	53.64
JetC_ECOR67	WP_103354757.1	33.636	110	68	2	2	106	1327	1436	2.84e-46	170	54.55
JetC_ECOR67	MCF3965457.1	34.545	110	67	2	2	106	209	318	2.90e-46	164	51.82
JetC_ECOR67	WP_364191220.1	36.697	109	64	2	3	106	1339	1447	2.93e-46	169	56.88
JetC_ECOR67	MER6797324.1	33.636	110	68	2	2	106	434	543	3.02e-46	166	54.55
JetC_ECOR67	HEY2203407.1	33.636	110	68	2	2	106	1384	1493	3.04e-46	169	52.73
JetC_ECOR67	HKR50386.1	34.545	110	67	2	2	106	915	1024	3.08e-46	169	54.55
JetC_ECOR67	WP_179775076.1	33.636	110	68	2	2	106	1328	1437	3.10e-46	169	54.55
JetC_ECOR67	MZE76152.1	35.455	110	66	2	2	106	184	293	3.20e-46	161	51.82
JetC_ECOR67	WP_165283487.1	34.545	110	67	2	2	106	320	429	3.34e-46	165	51.82
JetC_ECOR67	WP_397620890.1	36.697	109	64	2	3	106	1336	1444	3.48e-46	169	55.96
JetC_ECOR67	MBL0803955.1	35.455	110	66	2	2	106	280	389	3.49e-46	163	51.82
JetC_ECOR67	WP_220254836.1	34.545	110	67	2	2	106	1332	1441	3.59e-46	169	54.55
JetC_ECOR67	PLW73505.1	35.780	109	65	2	2	105	171	279	3.60e-46	161	52.29
JetC_ECOR67	WP_091618834.1	32.727	110	69	2	2	106	1328	1437	3.88e-46	169	54.55
JetC_ECOR67	WP_091672976.1	33.636	110	68	2	2	106	1339	1448	3.88e-46	169	53.64
JetC_ECOR67	WP_389876751.1	35.455	110	66	2	2	106	1332	1441	3.88e-46	169	56.36
JetC_ECOR67	WP_234426967.1	35.455	110	66	2	2	106	1643	1752	4.01e-46	169	51.82
JetC_ECOR67	WP_358698656.1	34.545	110	67	2	2	106	268	377	4.10e-46	163	51.82
JetC_ECOR67	MEU3207674.1	34.545	110	67	2	2	106	274	383	4.32e-46	163	51.82
JetC_ECOR67	WP_281599283.1	33.636	110	68	2	2	106	1314	1423	4.39e-46	169	55.45
JetC_ECOR67	NDZ83557.1	34.545	110	67	2	2	106	308	417	4.41e-46	164	51.82
JetC_ECOR67	WP_379589685.1	34.545	110	67	2	2	106	1333	1442	4.48e-46	169	54.55
JetC_ECOR67	WP_043325502.1	35.455	110	66	2	2	106	1314	1423	4.61e-46	169	56.36
JetC_ECOR67	MEO7193542.1	34.545	110	67	2	2	106	1352	1461	4.62e-46	169	52.73
JetC_ECOR67	MEV0041816.1	34.545	110	67	2	2	106	298	407	4.64e-46	163	51.82
JetC_ECOR67	WP_141810587.1	31.818	110	70	2	2	106	1329	1438	4.89e-46	169	51.82
JetC_ECOR67	WP_387863425.1	32.727	110	69	2	2	106	1336	1445	4.94e-46	169	52.73
JetC_ECOR67	WP_139098891.1	33.636	110	68	2	2	106	1328	1437	5.18e-46	169	52.73
JetC_ECOR67	WP_144587187.1	32.727	110	69	2	2	106	1328	1437	5.77e-46	168	54.55
JetC_ECOR67	WP_030250610.1	35.455	110	66	2	2	106	1586	1695	6.14e-46	168	51.82
JetC_ECOR67	WP_130473246.1	32.727	110	69	2	2	106	1327	1436	6.17e-46	168	53.64
JetC_ECOR67	WP_132431308.1	32.727	110	69	2	2	106	1328	1437	6.48e-46	168	53.64
JetC_ECOR67	WP_380246599.1	36.036	111	66	2	2	107	1335	1445	6.80e-46	168	54.95
JetC_ECOR67	WP_367206727.1	34.545	110	67	2	2	106	305	414	6.84e-46	163	51.82
JetC_ECOR67	WP_385054972.1	34.545	110	67	2	2	106	281	390	7.22e-46	163	51.82
JetC_ECOR67	WP_216209758.1	32.143	112	69	2	2	106	1333	1444	7.72e-46	168	52.68
JetC_ECOR67	WP_028933237.1	33.636	110	68	2	2	106	1334	1443	7.79e-46	168	51.82
JetC_ECOR67	WP_240519471.1	33.636	110	68	2	2	106	1331	1440	7.87e-46	168	54.55
JetC_ECOR67	SCD79655.1	36.364	110	65	2	2	106	413	522	7.96e-46	166	51.82
JetC_ECOR67	WP_380235556.1	31.532	111	71	2	2	107	1333	1443	8.02e-46	168	52.25
JetC_ECOR67	HEX3260774.1	33.636	110	68	2	2	106	344	453	8.12e-46	164	53.64
JetC_ECOR67	WP_351667970.1	33.333	111	69	2	2	107	1344	1454	8.67e-46	168	54.95
JetC_ECOR67	WP_387771323.1	32.727	110	69	2	2	106	1329	1438	8.75e-46	168	51.82
JetC_ECOR67	WP_020421305.1	33.636	110	68	2	2	106	840	949	9.03e-46	168	54.55
JetC_ECOR67	NEB78131.1	34.545	110	67	2	2	106	265	374	9.14e-46	162	51.82
JetC_ECOR67	WP_410947032.1	33.636	110	68	2	2	106	1343	1452	9.19e-46	168	55.45
JetC_ECOR67	WP_220238691.1	32.727	110	69	2	2	106	1329	1438	9.83e-46	168	54.55
JetC_ECOR67	HEY3002246.1	32.727	110	69	2	2	106	1307	1416	1.10e-45	168	52.73
JetC_ECOR67	NUP32237.1	36.364	110	65	2	2	106	355	464	1.19e-45	164	53.64
JetC_ECOR67	MER7399600.1	35.455	110	66	2	2	106	999	1108	1.22e-45	168	51.82
JetC_ECOR67	NYV78455.1	34.545	110	67	2	2	106	379	488	1.23e-45	164	51.82
JetC_ECOR67	NED73533.1	34.545	110	67	2	2	106	414	523	1.23e-45	165	51.82
JetC_ECOR67	MFD0882972.1	36.364	110	65	2	2	106	1330	1439	1.24e-45	168	52.73
JetC_ECOR67	WP_306270583.1	33.636	110	68	2	2	106	1325	1434	1.28e-45	168	55.45
JetC_ECOR67	WP_358533587.1	32.727	110	69	2	2	106	1342	1451	1.28e-45	168	54.55
JetC_ECOR67	WP_135079473.1	34.545	110	67	2	2	106	1329	1438	1.28e-45	168	55.45
JetC_ECOR67	SCD86028.1	36.364	110	65	2	2	106	402	511	1.29e-45	164	51.82
JetC_ECOR67	WP_378262631.1	32.727	110	69	2	2	106	1329	1438	1.33e-45	168	53.64
JetC_ECOR67	MBL7502370.1	33.636	110	68	2	2	106	174	283	1.37e-45	159	51.82
JetC_ECOR67	POX43915.1	34.545	110	67	2	2	106	286	395	1.37e-45	162	51.82
JetC_ECOR67	WP_103540843.1	35.455	110	66	2	2	106	392	501	1.38e-45	164	51.82
JetC_ECOR67	MFF1422917.1	34.545	110	67	2	2	106	322	431	1.42e-45	163	51.82
JetC_ECOR67	WP_231632244.1	34.545	110	67	2	2	106	322	431	1.43e-45	163	51.82
JetC_ECOR67	WP_364279312.1	36.364	110	65	2	2	106	639	748	1.44e-45	167	55.45
JetC_ECOR67	WP_380102971.1	32.110	109	69	2	2	105	906	1014	1.49e-45	167	54.13
JetC_ECOR67	MYW74881.1	33.636	110	68	2	2	106	312	421	1.59e-45	163	55.45
JetC_ECOR67	WP_286253730.1	35.780	109	65	2	3	106	1314	1422	1.68e-45	167	55.05
JetC_ECOR67	WP_324165784.1	33.636	110	68	2	2	106	1328	1437	1.68e-45	167	53.64
JetC_ECOR67	WP_356664558.1	33.636	110	68	2	2	106	359	468	1.68e-45	163	51.82
JetC_ECOR67	WP_362766163.1	33.036	112	69	2	2	107	1335	1446	1.80e-45	167	55.36
JetC_ECOR67	WP_405951070.1	36.036	111	66	2	2	107	1335	1445	1.85e-45	167	54.05
JetC_ECOR67	NEB44556.1	34.545	110	67	2	2	106	421	530	1.87e-45	164	51.82
JetC_ECOR67	WP_143105216.1	32.727	110	69	2	2	106	1382	1491	1.89e-45	167	54.55
JetC_ECOR67	MYX49427.1	35.455	110	66	2	2	106	427	536	2.08e-45	164	51.82
JetC_ECOR67	HEY2063080.1	32.727	110	69	2	2	106	1169	1278	2.09e-45	167	54.55
JetC_ECOR67	NNJ08231.1	34.545	110	67	2	2	106	313	422	2.12e-45	163	51.82
JetC_ECOR67	WP_030996574.1	36.364	110	65	2	2	106	1423	1532	2.12e-45	167	51.82
JetC_ECOR67	WP_071041721.1	33.636	110	68	2	2	106	1572	1681	2.14e-45	167	51.82
JetC_ECOR67	WP_037958733.1	35.455	110	66	2	2	106	1759	1868	2.17e-45	167	51.82
JetC_ECOR67	POX36185.1	35.455	110	66	2	2	106	402	511	2.18e-45	164	51.82
JetC_ECOR67	HEX6520519.1	34.545	110	67	2	2	106	1307	1416	2.20e-45	167	52.73
JetC_ECOR67	WP_181356334.1	36.364	110	65	2	2	106	1369	1478	2.27e-45	167	51.82
JetC_ECOR67	MYR29433.1	36.364	110	65	2	2	106	486	595	2.30e-45	166	51.82
JetC_ECOR67	HSX99427.1	34.545	110	67	2	2	106	419	528	2.41e-45	164	51.82
JetC_ECOR67	WP_361111006.1	38.532	109	62	2	3	106	1331	1439	2.42e-45	167	56.88
JetC_ECOR67	HKN55863.1	33.636	110	68	2	2	106	1096	1205	2.50e-45	167	54.55
JetC_ECOR67	WP_400702521.1	33.636	110	68	2	2	106	1334	1443	2.80e-45	166	50.91
JetC_ECOR67	WP_218612685.1	33.636	110	68	2	2	106	1384	1493	2.83e-45	166	53.64
JetC_ECOR67	WP_402604075.1	36.364	110	65	2	2	106	1391	1500	2.86e-45	166	53.64
JetC_ECOR67	WP_011606179.1	34.545	110	67	2	2	106	1477	1586	2.92e-45	166	51.82
JetC_ECOR67	WP_398718317.1	35.455	110	66	2	2	106	1627	1736	2.93e-45	166	51.82
JetC_ECOR67	WP_091675192.1	36.364	110	65	2	2	106	1329	1438	2.97e-45	166	55.45
JetC_ECOR67	WP_182467928.1	35.455	110	66	2	2	106	1777	1886	2.99e-45	166	51.82
JetC_ECOR67	WP_161174096.1	35.455	110	66	2	2	106	402	511	3.11e-45	163	51.82
JetC_ECOR67	MDX6348903.1	36.364	110	65	2	2	106	1415	1524	3.18e-45	166	51.82
JetC_ECOR67	GAA1217012.1	35.455	110	66	2	2	106	315	424	3.28e-45	162	51.82
JetC_ECOR67	WP_075314762.1	33.636	110	68	2	2	106	1330	1439	3.34e-45	166	55.45
JetC_ECOR67	WP_143060599.1	36.364	110	65	2	2	106	1327	1436	3.37e-45	166	55.45
JetC_ECOR67	WP_351224378.1	34.545	110	67	2	2	106	1552	1661	3.38e-45	166	51.82
JetC_ECOR67	HET6504566.1	31.818	110	70	2	2	106	1330	1439	3.43e-45	166	53.64
JetC_ECOR67	WP_176179427.1	35.455	110	66	2	2	106	1783	1892	3.49e-45	166	51.82
JetC_ECOR67	WP_138912442.1	35.455	110	66	2	2	106	1777	1886	3.56e-45	166	51.82
JetC_ECOR67	HZZ51287.1	35.455	110	66	2	2	106	1330	1439	3.61e-45	166	54.55
JetC_ECOR67	WP_055507577.1	34.234	111	68	2	2	107	1329	1439	3.68e-45	166	51.35
JetC_ECOR67	WP_211127088.1	35.455	110	66	2	2	106	1856	1965	3.74e-45	166	51.82
JetC_ECOR67	WP_383146579.1	35.455	110	66	2	2	106	1832	1941	3.78e-45	166	51.82
JetC_ECOR67	NUP23201.1	34.545	110	67	2	2	106	434	543	3.87e-45	163	51.82
JetC_ECOR67	WP_313947552.1	34.545	110	67	2	2	106	1468	1577	3.87e-45	166	51.82
JetC_ECOR67	MBV9142192.1	33.636	110	68	2	2	106	1343	1452	3.94e-45	166	50.91
JetC_ECOR67	OEV12533.1	35.455	110	66	2	2	106	363	472	3.95e-45	163	51.82
JetC_ECOR67	WP_389397673.1	34.545	110	67	2	2	106	1453	1562	3.98e-45	166	51.82
JetC_ECOR67	WP_147260396.1	34.545	110	67	2	2	106	1339	1448	4.01e-45	166	54.55
JetC_ECOR67	WP_403803674.1	35.455	110	66	2	2	106	977	1086	4.02e-45	166	52.73
JetC_ECOR67	WP_329015687.1	34.545	110	67	2	2	106	1564	1673	4.03e-45	166	51.82
JetC_ECOR67	WP_350807337.1	34.545	110	67	2	2	106	1687	1796	4.04e-45	166	51.82
JetC_ECOR67	WP_246623027.1	35.455	110	66	2	2	106	1217	1326	4.12e-45	166	51.82
JetC_ECOR67	WP_210025445.1	33.636	110	68	2	2	106	1336	1445	4.13e-45	166	55.45
JetC_ECOR67	WP_226931360.1	34.545	110	67	2	2	106	1544	1653	4.23e-45	166	53.64
JetC_ECOR67	WP_356189977.1	35.455	110	66	2	2	106	1738	1847	4.24e-45	166	51.82
JetC_ECOR67	WP_067398107.1	35.455	110	66	2	2	106	1401	1510	4.30e-45	166	51.82
JetC_ECOR67	WP_152863359.1	34.545	110	67	2	2	106	1405	1514	4.30e-45	166	51.82
JetC_ECOR67	WP_201873633.1	35.455	110	66	2	2	106	1661	1770	4.32e-45	166	51.82
JetC_ECOR67	WP_003959686.1	34.545	110	67	2	2	106	1725	1834	4.32e-45	166	51.82
JetC_ECOR67	WP_363147971.1	35.455	110	66	2	2	106	1408	1517	4.43e-45	166	51.82
JetC_ECOR67	WP_257634352.1	35.455	110	66	2	2	106	1853	1962	4.46e-45	166	51.82
JetC_ECOR67	WP_044887233.1	34.545	110	67	2	2	106	1499	1608	4.48e-45	166	51.82
JetC_ECOR67	WP_386344354.1	34.545	110	67	2	2	106	380	489	4.56e-45	163	51.82
JetC_ECOR67	WP_114914148.1	35.455	110	66	2	2	106	1401	1510	4.60e-45	166	52.73
JetC_ECOR67	WP_362093496.1	35.455	110	66	2	2	106	1421	1530	4.66e-45	166	51.82
JetC_ECOR67	MER7820095.1	35.455	110	66	2	2	106	365	474	4.66e-45	163	52.73
JetC_ECOR67	WP_345225104.1	34.545	110	67	2	2	106	1433	1542	4.67e-45	166	51.82
JetC_ECOR67	WP_051886101.1	35.455	110	66	2	2	106	1959	2068	4.68e-45	166	51.82
JetC_ECOR67	WP_355952533.1	35.455	110	66	2	2	106	1814	1923	4.72e-45	166	51.82
JetC_ECOR67	WP_326593096.1	33.333	111	69	2	2	107	1338	1448	4.73e-45	166	53.15
JetC_ECOR67	WP_344378802.1	35.455	110	66	2	2	106	1342	1451	4.73e-45	166	51.82
JetC_ECOR67	WP_077974170.1	35.455	110	66	2	2	106	1409	1518	4.74e-45	166	51.82
JetC_ECOR67	HEV7654426.1	34.545	110	67	2	2	106	1020	1129	4.78e-45	166	53.64
JetC_ECOR67	WP_209211730.1	35.455	110	66	2	2	106	1480	1589	4.79e-45	166	51.82
JetC_ECOR67	WP_243087160.1	35.455	110	66	2	2	106	1491	1600	4.89e-45	166	51.82
JetC_ECOR67	WP_344020943.1	33.636	110	68	2	2	106	1333	1442	4.92e-45	166	55.45
JetC_ECOR67	WP_268970574.1	35.455	110	66	2	2	106	1761	1870	4.95e-45	166	51.82
JetC_ECOR67	WP_046087204.1	35.455	110	66	2	2	106	1887	1996	4.96e-45	166	51.82
JetC_ECOR67	WP_205364633.1	36.364	110	65	2	2	106	1410	1519	5.02e-45	166	51.82
JetC_ECOR67	WP_031509978.1	36.364	110	65	2	2	106	1411	1520	5.17e-45	166	51.82
JetC_ECOR67	WP_155072619.1	36.364	110	65	2	2	106	1419	1528	5.17e-45	166	51.82
JetC_ECOR67	WP_014134031.1	32.432	111	70	2	2	107	1333	1443	5.21e-45	166	53.15
JetC_ECOR67	NEC31771.1	34.545	110	67	2	2	106	435	544	5.38e-45	163	51.82
JetC_ECOR67	WP_329320710.1	36.364	110	65	2	2	106	1369	1478	5.42e-45	166	51.82
JetC_ECOR67	WP_356242240.1	34.545	110	67	2	2	106	1398	1507	5.43e-45	166	51.82
JetC_ECOR67	WP_329181342.1	36.364	110	65	2	2	106	1555	1664	5.45e-45	166	51.82
JetC_ECOR67	WP_406732741.1	34.545	110	67	2	2	106	1576	1685	5.45e-45	166	51.82
JetC_ECOR67	WP_018635867.1	35.455	110	66	2	2	106	1463	1572	5.49e-45	166	54.55
JetC_ECOR67	RMI27703.1	35.455	110	66	2	2	106	269	378	5.51e-45	161	51.82
JetC_ECOR67	WP_186362310.1	33.636	110	68	2	2	106	1327	1436	5.53e-45	166	55.45
JetC_ECOR67	WP_251416860.1	35.455	110	66	2	2	106	1432	1541	5.54e-45	166	51.82
JetC_ECOR67	WP_366402711.1	35.455	110	66	2	2	106	1468	1577	5.54e-45	166	51.82
JetC_ECOR67	WP_099500441.1	34.545	110	67	2	2	106	1439	1548	5.59e-45	166	51.82
JetC_ECOR67	WP_010277248.1	36.364	110	65	2	2	106	884	993	5.66e-45	166	51.82
JetC_ECOR67	WP_356482536.1	33.929	112	67	2	2	106	317	428	5.79e-45	161	50.89
JetC_ECOR67	MEV8408940.1	34.545	110	67	2	2	106	329	438	5.79e-45	162	51.82
JetC_ECOR67	WP_394640255.1	35.135	111	67	2	2	107	1335	1445	5.80e-45	166	53.15
JetC_ECOR67	WP_396046318.1	33.636	110	68	2	2	106	1331	1440	5.91e-45	166	55.45
JetC_ECOR67	WP_100200956.1	35.455	110	66	2	2	106	1416	1525	5.92e-45	166	51.82
JetC_ECOR67	WP_355344047.1	36.364	110	65	2	2	106	1467	1576	5.93e-45	166	51.82
JetC_ECOR67	WP_250923737.1	34.545	110	67	2	2	106	1578	1687	5.94e-45	166	51.82
JetC_ECOR67	WP_242438229.1	35.455	110	66	2	2	106	1281	1390	5.97e-45	166	51.82
JetC_ECOR67	WP_359711423.1	35.455	110	66	2	2	106	1397	1506	5.98e-45	166	51.82
JetC_ECOR67	MEW2042040.1	34.545	110	67	2	2	106	440	549	5.98e-45	163	51.82
JetC_ECOR67	WP_209266658.1	35.455	110	66	2	2	106	1506	1615	5.99e-45	166	51.82
JetC_ECOR67	WP_360861424.1	35.455	110	66	2	2	106	1567	1676	6.00e-45	166	51.82
JetC_ECOR67	WP_191066526.1	35.455	110	66	2	2	106	1940	2049	6.02e-45	166	51.82
JetC_ECOR67	WP_398247196.1	36.364	110	65	2	2	106	1424	1533	6.04e-45	166	51.82
JetC_ECOR67	WP_042173953.1	35.455	110	66	2	2	106	1399	1508	6.16e-45	166	51.82
JetC_ECOR67	WP_230988604.1	35.455	110	66	2	2	106	1410	1519	6.16e-45	166	51.82
JetC_ECOR67	MFD9874809.1	34.545	110	67	2	2	106	351	460	6.20e-45	162	51.82
JetC_ECOR67	WP_355852897.1	35.455	110	66	2	2	106	1706	1815	6.25e-45	166	51.82
JetC_ECOR67	WP_347233992.1	36.036	111	66	2	2	107	1326	1436	6.33e-45	166	53.15
JetC_ECOR67	WP_345034838.1	34.545	110	67	2	2	106	1419	1528	6.34e-45	166	51.82
JetC_ECOR67	WP_156721420.1	34.545	110	67	2	2	106	1443	1552	6.34e-45	166	51.82
JetC_ECOR67	MEV6786134.1	34.545	110	67	2	2	106	438	547	6.43e-45	164	51.82
JetC_ECOR67	WP_065966715.1	35.455	110	66	2	2	106	1758	1867	6.50e-45	166	51.82
JetC_ECOR67	MDX6314201.1	36.364	110	65	2	2	106	823	932	6.58e-45	165	51.82
JetC_ECOR67	WP_181657125.1	34.545	110	67	2	2	106	1543	1652	6.67e-45	165	51.82
JetC_ECOR67	WP_384723976.1	34.545	110	67	2	2	106	275	384	6.75e-45	161	51.82
JetC_ECOR67	WP_377272581.1	35.455	110	66	2	2	106	1389	1498	6.78e-45	165	52.73
JetC_ECOR67	WP_167990799.1	35.455	110	66	2	2	106	1411	1520	6.85e-45	165	51.82
JetC_ECOR67	WP_214943944.1	34.545	110	67	2	2	106	1530	1639	6.86e-45	165	51.82
JetC_ECOR67	WP_060954261.1	35.455	110	66	2	2	106	1919	2028	6.90e-45	165	51.82
JetC_ECOR67	WP_358938822.1	34.545	110	67	2	2	106	1522	1631	6.93e-45	165	51.82
JetC_ECOR67	WP_217185493.1	34.545	110	67	2	2	106	1415	1524	7.12e-45	165	51.82
JetC_ECOR67	WP_266375946.1	34.545	110	67	2	2	106	1425	1534	7.13e-45	165	51.82
JetC_ECOR67	WP_009322209.1	33.036	112	69	2	2	107	1330	1441	7.18e-45	165	54.46
JetC_ECOR67	WP_114024767.1	34.545	110	67	2	2	106	1503	1612	7.21e-45	165	51.82
JetC_ECOR67	WP_398179435.1	35.455	110	66	2	2	106	1607	1716	7.22e-45	165	51.82
JetC_ECOR67	WP_136726395.1	36.364	110	65	2	2	106	1700	1809	7.29e-45	165	51.82
JetC_ECOR67	WP_358624810.1	35.455	110	66	2	2	106	1770	1879	7.30e-45	165	51.82
JetC_ECOR67	OEV31282.1	35.455	110	66	2	2	106	395	504	7.34e-45	162	51.82
JetC_ECOR67	WP_134403764.1	34.545	110	67	2	2	106	1459	1568	7.34e-45	165	51.82
JetC_ECOR67	WP_048832919.1	35.455	110	66	2	2	106	1428	1537	7.48e-45	165	51.82
JetC_ECOR67	HEX5565612.1	36.364	110	65	2	2	106	828	937	7.62e-45	165	51.82
JetC_ECOR67	WP_327357585.1	35.455	110	66	2	2	106	1419	1528	7.62e-45	165	51.82
JetC_ECOR67	WP_244292105.1	35.455	110	66	2	2	106	1435	1544	7.71e-45	165	52.73
JetC_ECOR67	WP_353591694.1	35.455	110	66	2	2	106	1518	1627	7.79e-45	165	51.82
JetC_ECOR67	WP_083986400.1	35.455	110	66	2	2	106	1523	1632	7.86e-45	165	53.64
JetC_ECOR67	WP_059008357.1	35.455	110	66	2	2	106	1328	1437	7.91e-45	165	51.82
JetC_ECOR67	WP_261576316.1	36.364	110	65	2	2	106	1401	1510	7.92e-45	165	52.73
JetC_ECOR67	WP_398303099.1	35.455	110	66	2	2	106	1827	1936	7.97e-45	165	51.82
JetC_ECOR67	WP_235013881.1	35.455	110	66	2	2	106	1518	1627	8.18e-45	165	52.73
JetC_ECOR67	WP_366563304.1	35.455	110	66	2	2	106	1458	1567	8.25e-45	165	51.82
JetC_ECOR67	WP_315886398.1	34.545	110	67	2	2	106	1436	1545	8.32e-45	165	51.82
JetC_ECOR67	WP_189884454.1	34.545	110	67	2	2	106	1473	1582	8.33e-45	165	51.82
JetC_ECOR67	WP_280878154.1	34.545	110	67	2	2	106	1386	1495	8.39e-45	165	51.82
JetC_ECOR67	WP_355882422.1	35.135	111	67	2	2	107	1336	1446	8.47e-45	165	54.05
JetC_ECOR67	WP_255954251.1	35.455	110	66	2	2	106	1478	1587	8.49e-45	165	51.82
JetC_ECOR67	WP_349297444.1	33.636	110	68	2	2	106	1291	1400	8.56e-45	165	55.45
JetC_ECOR67	WP_393653684.1	35.455	110	66	2	2	106	1553	1662	8.58e-45	165	51.82
JetC_ECOR67	WP_121823795.1	35.455	110	66	2	2	106	1777	1886	8.61e-45	165	51.82
JetC_ECOR67	WP_351581153.1	34.545	110	67	2	2	106	1546	1655	8.75e-45	165	51.82
JetC_ECOR67	WP_362723095.1	34.545	110	67	2	2	106	1168	1277	9.03e-45	165	51.82
JetC_ECOR67	WP_028803606.1	34.545	110	67	2	2	106	1416	1525	9.08e-45	165	51.82
JetC_ECOR67	MDA5285983.1	34.545	110	67	2	2	106	427	536	9.14e-45	162	51.82
JetC_ECOR67	WP_389668516.1	38.532	109	62	2	3	106	1331	1439	9.15e-45	165	56.88
JetC_ECOR67	NEC67677.1	34.821	112	66	2	2	106	419	530	9.15e-45	163	50.89
JetC_ECOR67	WP_037621039.1	34.545	110	67	2	2	106	1392	1501	9.16e-45	165	51.82
JetC_ECOR67	WP_239064155.1	35.455	110	66	2	2	106	428	537	9.16e-45	163	51.82
JetC_ECOR67	WP_232265429.1	35.455	110	66	2	2	106	1405	1514	9.17e-45	165	51.82
JetC_ECOR67	WP_356431262.1	34.545	110	67	2	2	106	1824	1933	9.31e-45	165	51.82
JetC_ECOR67	WP_393257318.1	33.636	110	68	2	2	106	1274	1383	9.32e-45	165	52.73
JetC_ECOR67	WP_344246662.1	36.364	110	65	2	2	106	1329	1438	9.33e-45	165	55.45
JetC_ECOR67	WP_366447522.1	32.143	112	70	2	2	107	1330	1441	9.42e-45	165	54.46
JetC_ECOR67	WP_360199344.1	32.727	110	69	2	2	106	238	347	9.53e-45	159	53.64
JetC_ECOR67	WP_255119355.1	35.455	110	66	2	2	106	1404	1513	9.62e-45	165	51.82
JetC_ECOR67	WP_361749216.1	35.455	110	66	2	2	106	1430	1539	9.62e-45	165	51.82
JetC_ECOR67	WP_200261643.1	35.455	110	66	2	2	106	1397	1506	9.90e-45	165	51.82
JetC_ECOR67	WP_377681722.1	32.727	110	69	2	2	106	772	881	9.90e-45	165	54.55
JetC_ECOR67	WP_381834804.1	35.455	110	66	2	2	106	1417	1526	9.90e-45	165	51.82
JetC_ECOR67	WP_362447078.1	35.455	110	66	2	2	106	1610	1719	9.94e-45	165	51.82
JetC_ECOR67	MEU5164386.1	34.545	110	67	2	2	106	847	956	1.00e-44	165	51.82
JetC_ECOR67	WP_384241759.1	34.545	110	67	2	2	106	1666	1775	1.02e-44	165	51.82
JetC_ECOR67	WP_166634333.1	35.455	110	66	2	2	106	1396	1505	1.03e-44	165	51.82
JetC_ECOR67	WP_385422152.1	34.545	110	67	2	2	106	1576	1685	1.03e-44	165	51.82
JetC_ECOR67	WP_063733083.1	35.455	110	66	2	2	106	1604	1713	1.03e-44	165	51.82
JetC_ECOR67	WP_410941661.1	33.636	110	68	2	2	106	1334	1443	1.04e-44	165	53.64
JetC_ECOR67	WP_119288521.1	35.455	110	66	2	2	106	1405	1514	1.04e-44	165	51.82
JetC_ECOR67	WP_331623027.1	36.364	110	65	2	2	106	1429	1538	1.04e-44	165	51.82
JetC_ECOR67	WP_190181760.1	34.545	110	67	2	2	106	1456	1565	1.04e-44	165	51.82
JetC_ECOR67	WP_190187060.1	34.545	110	67	2	2	106	1461	1570	1.04e-44	165	51.82
JetC_ECOR67	EIF88607.1	34.545	110	67	2	2	106	424	533	1.05e-44	163	51.82
JetC_ECOR67	WP_176097414.1	35.455	110	66	2	2	106	1405	1514	1.05e-44	165	51.82
JetC_ECOR67	WP_346168117.1	35.455	110	66	2	2	106	1278	1387	1.06e-44	165	51.82
JetC_ECOR67	WP_244503285.1	35.455	110	66	2	2	106	1369	1478	1.06e-44	165	51.82
JetC_ECOR67	MFE2134121.1	34.545	110	67	2	2	106	394	503	1.07e-44	162	51.82
JetC_ECOR67	WP_388528972.1	34.545	110	67	2	2	106	1408	1517	1.07e-44	165	51.82
JetC_ECOR67	WP_276111904.1	34.545	110	67	2	2	106	1426	1535	1.07e-44	165	51.82
JetC_ECOR67	NEB68906.1	34.545	110	67	2	2	106	440	549	1.08e-44	163	51.82
JetC_ECOR67	WP_344159740.1	34.545	110	67	2	2	106	1451	1560	1.08e-44	165	51.82
JetC_ECOR67	WP_071049184.1	33.636	110	68	2	2	106	1601	1710	1.11e-44	165	51.82
JetC_ECOR67	WP_403867809.1	34.545	110	67	2	2	106	1436	1545	1.11e-44	165	51.82
JetC_ECOR67	WP_389277935.1	34.545	110	67	2	2	106	1531	1640	1.12e-44	165	51.82
JetC_ECOR67	WP_356888050.1	35.455	110	66	2	2	106	1331	1440	1.13e-44	165	56.36
JetC_ECOR67	WP_212911301.1	35.455	110	66	2	2	106	1453	1562	1.14e-44	165	51.82
JetC_ECOR67	NEA60415.1	36.364	110	65	2	2	106	458	567	1.14e-44	163	51.82
JetC_ECOR67	WP_142215965.1	34.545	110	67	2	2	106	1421	1530	1.15e-44	165	51.82
JetC_ECOR67	WP_358824774.1	34.545	110	67	2	2	106	1415	1524	1.15e-44	165	51.82
JetC_ECOR67	WP_345744949.1	35.455	110	66	2	2	106	1418	1527	1.15e-44	165	51.82
JetC_ECOR67	WP_058047677.1	35.455	110	66	2	2	106	1339	1448	1.15e-44	165	51.82
JetC_ECOR67	WP_125500109.1	35.455	110	66	2	2	106	1408	1517	1.16e-44	165	51.82
JetC_ECOR67	WP_152783048.1	34.545	110	67	2	2	106	1406	1515	1.16e-44	165	51.82
JetC_ECOR67	WP_100597491.1	34.545	110	67	2	2	106	1411	1520	1.16e-44	165	51.82
JetC_ECOR67	WP_402192766.1	34.545	110	67	2	2	106	1420	1529	1.16e-44	165	51.82
JetC_ECOR67	WP_187824526.1	34.545	110	67	2	2	106	1432	1541	1.16e-44	165	51.82
JetC_ECOR67	WP_147973443.1	34.821	112	66	2	2	106	1418	1529	1.16e-44	165	50.89
JetC_ECOR67	WP_033321862.1	34.545	110	67	2	2	106	1446	1555	1.16e-44	165	51.82
JetC_ECOR67	WP_187739442.1	34.545	110	67	2	2	106	1419	1528	1.16e-44	165	51.82
JetC_ECOR67	WP_189188119.1	34.545	110	67	2	2	106	1472	1581	1.16e-44	165	51.82
JetC_ECOR67	WP_385153166.1	34.545	110	67	2	2	106	1511	1620	1.16e-44	165	51.82
JetC_ECOR67	WP_028814005.1	34.545	110	67	2	2	106	1595	1704	1.16e-44	165	51.82
JetC_ECOR67	WP_401865865.1	34.545	110	67	2	2	106	1788	1897	1.16e-44	165	51.82
JetC_ECOR67	WP_403033951.1	34.545	110	67	2	2	106	1414	1523	1.17e-44	165	51.82
JetC_ECOR67	WP_189552719.1	34.545	110	67	2	2	106	1413	1522	1.17e-44	165	51.82
JetC_ECOR67	WP_267759331.1	34.545	110	67	2	2	106	1424	1533	1.17e-44	165	51.82
JetC_ECOR67	WP_030560559.1	34.545	110	67	2	2	106	1440	1549	1.17e-44	165	51.82
JetC_ECOR67	WP_384862234.1	35.455	110	66	2	2	106	903	1012	1.17e-44	165	52.73
JetC_ECOR67	WP_128378472.1	34.545	110	67	2	2	106	1428	1537	1.18e-44	165	51.82
JetC_ECOR67	WP_267245369.1	34.545	110	67	2	2	106	1702	1811	1.19e-44	165	51.82
JetC_ECOR67	WP_376200112.1	35.455	110	66	2	2	106	1331	1440	1.19e-44	165	56.36
JetC_ECOR67	WP_093850213.1	35.455	110	66	2	2	106	1406	1515	1.19e-44	165	51.82
JetC_ECOR67	WP_351506882.1	35.455	110	66	2	2	106	1414	1523	1.19e-44	165	51.82
JetC_ECOR67	WP_369809489.1	34.545	110	67	2	2	106	392	501	1.19e-44	163	51.82
JetC_ECOR67	WP_362293338.1	35.455	110	66	2	2	106	1602	1711	1.19e-44	165	51.82
JetC_ECOR67	WP_304465032.1	35.455	110	66	2	2	106	1644	1753	1.20e-44	165	51.82
JetC_ECOR67	WP_365263884.1	35.455	110	66	2	2	106	1559	1668	1.21e-44	165	51.82
JetC_ECOR67	WP_093468885.1	35.455	110	66	2	2	106	1646	1755	1.21e-44	165	51.82
JetC_ECOR67	WP_381925905.1	34.545	110	67	2	2	106	624	733	1.21e-44	164	51.82
JetC_ECOR67	WP_280905792.1	32.143	112	70	2	2	107	1330	1441	1.24e-44	165	54.46
JetC_ECOR67	WP_372442284.1	36.364	110	65	2	2	106	1456	1565	1.24e-44	165	51.82
JetC_ECOR67	WP_365380955.1	36.364	110	65	2	2	106	1497	1606	1.25e-44	165	51.82
JetC_ECOR67	WP_307619511.1	34.545	110	67	2	2	106	1393	1502	1.26e-44	165	51.82
JetC_ECOR67	WP_376535892.1	34.545	110	67	2	2	106	1409	1518	1.26e-44	165	51.82
JetC_ECOR67	WP_386954483.1	35.455	110	66	2	2	106	1243	1352	1.27e-44	165	51.82
JetC_ECOR67	WP_085910569.1	33.636	110	68	2	2	106	1331	1440	1.27e-44	165	55.45
JetC_ECOR67	WP_049718527.1	35.455	110	66	2	2	106	1383	1492	1.27e-44	165	51.82
JetC_ECOR67	WP_180928298.1	34.545	110	67	2	2	106	1379	1488	1.27e-44	165	51.82
JetC_ECOR67	HZX37726.1	34.545	110	67	2	2	106	415	524	1.28e-44	162	51.82
JetC_ECOR67	MZD07073.1	34.545	110	67	2	2	106	447	556	1.29e-44	162	51.82
JetC_ECOR67	WP_064531560.1	34.545	110	67	2	2	106	1405	1514	1.29e-44	165	51.82
JetC_ECOR67	WP_190060965.1	35.455	110	66	2	2	106	1421	1530	1.29e-44	165	51.82
JetC_ECOR67	WP_037578176.1	36.364	110	65	2	2	106	1468	1577	1.29e-44	165	53.64
JetC_ECOR67	WP_360597205.1	35.455	110	66	2	2	106	1410	1519	1.29e-44	165	51.82
JetC_ECOR67	WP_262003837.1	34.545	110	67	2	2	106	1432	1541	1.29e-44	165	51.82
JetC_ECOR67	WP_194292485.1	34.545	110	67	2	2	106	1253	1362	1.30e-44	165	51.82
JetC_ECOR67	WP_364609402.1	36.364	110	65	2	2	106	1331	1440	1.30e-44	165	54.55
JetC_ECOR67	WP_109916667.1	32.143	112	70	2	2	107	1330	1441	1.30e-44	165	55.36
JetC_ECOR67	WP_403984218.1	34.545	110	67	2	2	106	1420	1529	1.30e-44	165	51.82
JetC_ECOR67	WP_189220341.1	34.545	110	67	2	2	106	1415	1524	1.31e-44	165	51.82
JetC_ECOR67	WP_393713851.1	34.545	110	67	2	2	106	1430	1539	1.31e-44	165	51.82
JetC_ECOR67	WP_391353535.1	34.545	110	67	2	2	106	1438	1547	1.31e-44	165	51.82
JetC_ECOR67	WP_360178776.1	34.545	110	67	2	2	106	1457	1566	1.31e-44	165	51.82
JetC_ECOR67	WP_376386111.1	34.545	110	67	2	2	106	1712	1821	1.32e-44	165	51.82
JetC_ECOR67	WP_189859213.1	34.545	110	67	2	2	106	1417	1526	1.34e-44	165	51.82
JetC_ECOR67	WP_349992886.1	35.455	110	66	2	2	106	1423	1532	1.34e-44	165	51.82
JetC_ECOR67	WP_253801098.1	35.455	110	66	2	2	106	1369	1478	1.35e-44	165	50.91
JetC_ECOR67	WP_207819759.1	34.545	110	67	2	2	106	1392	1501	1.35e-44	165	51.82
JetC_ECOR67	WP_230652653.1	35.455	110	66	2	2	106	1413	1522	1.35e-44	165	52.73
JetC_ECOR67	WP_356134129.1	34.545	110	67	2	2	106	1453	1562	1.35e-44	165	51.82
JetC_ECOR67	WP_035751278.1	35.455	110	66	2	2	106	1537	1646	1.35e-44	165	52.73
JetC_ECOR67	WP_222965881.1	36.364	110	65	2	2	106	1463	1572	1.37e-44	165	51.82
JetC_ECOR67	WP_353605053.1	34.545	110	67	2	2	106	1435	1544	1.38e-44	165	51.82
JetC_ECOR67	WP_030221423.1	34.545	110	67	2	2	106	1399	1508	1.39e-44	165	51.82
JetC_ECOR67	WP_165333813.1	34.545	110	67	2	2	106	1410	1519	1.39e-44	165	51.82
JetC_ECOR67	WP_147990843.1	34.545	110	67	2	2	106	1413	1522	1.39e-44	165	51.82
JetC_ECOR67	WP_144382667.1	35.455	110	66	2	2	106	1552	1661	1.39e-44	165	51.82
JetC_ECOR67	WP_226733409.1	34.545	110	67	2	2	106	1380	1489	1.40e-44	165	51.82
JetC_ECOR67	WP_189930658.1	35.455	110	66	2	2	106	1448	1557	1.40e-44	165	51.82
JetC_ECOR67	WP_227956823.1	35.455	110	66	2	2	106	1533	1642	1.41e-44	165	51.82
JetC_ECOR67	WP_366905754.1	34.545	110	67	2	2	106	1394	1503	1.43e-44	165	51.82
JetC_ECOR67	WP_055568130.1	34.545	110	67	2	2	106	1394	1503	1.43e-44	165	51.82
JetC_ECOR67	WP_136327366.1	34.821	112	66	2	2	106	1421	1532	1.43e-44	165	50.89
JetC_ECOR67	WP_189175852.1	34.545	110	67	2	2	106	1460	1569	1.43e-44	165	51.82
JetC_ECOR67	WP_326692186.1	35.455	110	66	2	2	106	1455	1564	1.43e-44	165	51.82
JetC_ECOR67	WP_067283805.1	34.545	110	67	2	2	106	1522	1631	1.43e-44	165	51.82
JetC_ECOR67	WP_215098389.1	34.545	110	67	2	2	106	1586	1695	1.44e-44	165	51.82
JetC_ECOR67	MFE3652795.1	35.455	110	66	2	2	106	364	473	1.44e-44	161	51.82
JetC_ECOR67	HET6634153.1	35.455	110	66	2	2	106	1379	1488	1.44e-44	165	51.82
JetC_ECOR67	WP_400892282.1	35.455	110	66	2	2	106	1381	1490	1.44e-44	165	51.82
JetC_ECOR67	WTW92863.1	36.364	110	65	2	2	106	1373	1482	1.45e-44	165	53.64
JetC_ECOR67	MCX3064256.1	35.455	110	66	2	2	106	606	715	1.46e-44	164	51.82
JetC_ECOR67	WP_190129029.1	35.455	110	66	2	2	106	1396	1505	1.46e-44	165	51.82
JetC_ECOR67	WP_205377013.1	34.545	110	67	2	2	106	1415	1524	1.46e-44	165	51.82
JetC_ECOR67	WP_385539836.1	34.545	110	67	2	2	106	1467	1576	1.46e-44	165	51.82
JetC_ECOR67	WP_393876348.1	34.545	110	67	2	2	106	1493	1602	1.46e-44	165	51.82
JetC_ECOR67	WP_254747501.1	35.455	110	66	2	2	106	1669	1778	1.47e-44	165	51.82
JetC_ECOR67	WP_327237608.1	34.545	110	67	2	2	106	1734	1843	1.47e-44	165	51.82
JetC_ECOR67	WP_018542450.1	35.455	110	66	2	2	106	1331	1440	1.47e-44	165	56.36
JetC_ECOR67	WP_330798959.1	36.364	110	65	2	2	106	1420	1529	1.49e-44	165	51.82
JetC_ECOR67	WP_251487266.1	36.364	110	65	2	2	106	1418	1527	1.49e-44	165	51.82
JetC_ECOR67	WP_190076321.1	35.455	110	66	2	2	106	1424	1533	1.50e-44	165	51.82
JetC_ECOR67	WP_275533697.1	35.455	110	66	2	2	106	1433	1542	1.50e-44	165	51.82
JetC_ECOR67	WP_257155608.1	35.455	110	66	2	2	106	1446	1555	1.51e-44	165	51.82
JetC_ECOR67	WP_116503552.1	34.545	110	67	2	2	106	1413	1522	1.52e-44	165	51.82
JetC_ECOR67	WP_398863105.1	34.545	110	67	2	2	106	1434	1543	1.52e-44	165	51.82
JetC_ECOR67	WP_151480961.1	34.545	110	67	2	2	106	1458	1567	1.52e-44	165	51.82
JetC_ECOR67	MFC5645872.1	35.455	110	66	2	2	106	416	525	1.54e-44	161	50.91
JetC_ECOR67	WP_111334012.1	34.821	112	66	2	2	106	1432	1543	1.55e-44	165	50.89
JetC_ECOR67	WP_328917300.1	35.455	110	66	2	2	106	1491	1600	1.55e-44	165	51.82
JetC_ECOR67	WP_344533927.1	35.455	110	66	2	2	106	1425	1534	1.58e-44	165	51.82
JetC_ECOR67	MER7175071.1	34.545	110	67	2	2	106	482	591	1.58e-44	163	51.82
JetC_ECOR67	WP_089298476.1	31.818	110	70	2	2	106	1333	1442	1.61e-44	165	51.82
JetC_ECOR67	WP_138958495.1	34.545	110	67	2	2	106	1406	1515	1.61e-44	165	51.82
JetC_ECOR67	WP_055524230.1	34.545	110	67	2	2	106	1407	1516	1.61e-44	165	51.82
JetC_ECOR67	WP_330176847.1	34.545	110	67	2	2	106	1402	1511	1.61e-44	165	51.82
JetC_ECOR67	KIF70826.1	34.545	110	67	2	2	106	439	548	1.61e-44	162	51.82
JetC_ECOR67	MER5786670.1	35.455	110	66	2	2	106	430	539	1.62e-44	162	51.82
JetC_ECOR67	WP_326600209.1	35.455	110	66	2	2	106	1416	1525	1.62e-44	165	51.82
JetC_ECOR67	WP_362768602.1	34.545	110	67	2	2	106	1428	1537	1.62e-44	165	51.82
JetC_ECOR67	WP_404796257.1	34.545	110	67	2	2	106	1427	1536	1.62e-44	165	51.82
JetC_ECOR67	WP_393751563.1	34.545	110	67	2	2	106	1509	1618	1.63e-44	165	51.82
JetC_ECOR67	WP_071279357.1	34.545	110	67	2	2	106	1401	1510	1.64e-44	165	51.82
JetC_ECOR67	WP_356705343.1	34.545	110	67	2	2	106	1483	1592	1.64e-44	165	51.82
JetC_ECOR67	WP_391879176.1	38.532	109	62	2	3	106	1158	1266	1.65e-44	164	55.96
JetC_ECOR67	WP_243407174.1	35.455	110	66	2	2	106	1511	1620	1.66e-44	164	52.73
JetC_ECOR67	WP_167034331.1	34.545	110	67	2	2	106	1657	1766	1.66e-44	164	51.82
JetC_ECOR67	WP_257005141.1	35.455	110	66	2	2	106	961	1070	1.66e-44	164	51.82
JetC_ECOR67	WP_247703063.1	35.455	110	66	2	2	106	1603	1712	1.69e-44	164	51.82
JetC_ECOR67	WP_194082249.1	34.545	110	67	2	2	106	1387	1496	1.70e-44	164	51.82
JetC_ECOR67	WP_217254583.1	34.545	110	67	2	2	106	1401	1510	1.70e-44	164	51.82
JetC_ECOR67	WP_327333289.1	34.545	110	67	2	2	106	1429	1538	1.71e-44	164	51.82
JetC_ECOR67	MBK3552033.1	34.545	110	67	2	2	106	1102	1211	1.71e-44	164	51.82
JetC_ECOR67	WP_386427748.1	36.364	110	65	2	2	106	1429	1538	1.72e-44	164	51.82
JetC_ECOR67	WP_127181256.1	34.545	110	67	2	2	106	1390	1499	1.74e-44	164	51.82
JetC_ECOR67	WP_401816809.1	34.545	110	67	2	2	106	1409	1518	1.74e-44	164	51.82
JetC_ECOR67	WP_143623649.1	34.821	112	66	2	2	106	1412	1523	1.74e-44	164	50.89
JetC_ECOR67	WP_078849933.1	34.545	110	67	2	2	106	1404	1513	1.74e-44	164	51.82
JetC_ECOR67	WP_132934242.1	35.455	110	66	2	2	106	1378	1487	1.77e-44	164	51.82
JetC_ECOR67	WP_093785861.1	35.455	110	66	2	2	106	1414	1523	1.77e-44	164	51.82
JetC_ECOR67	WP_344561536.1	35.455	110	66	2	2	106	1482	1591	1.78e-44	164	51.82
JetC_ECOR67	RSS33351.1	34.545	110	67	2	2	106	404	513	1.78e-44	161	51.82
JetC_ECOR67	WP_235051666.1	36.364	110	65	2	2	106	1358	1467	1.79e-44	164	53.64
JetC_ECOR67	WP_360911666.1	36.364	110	65	2	2	106	1409	1518	1.81e-44	164	51.82
JetC_ECOR67	WP_328806436.1	35.455	110	66	2	2	106	1417	1526	1.81e-44	164	51.82
JetC_ECOR67	WP_414721870.1	37.273	110	64	2	3	107	1327	1436	1.82e-44	164	53.64
JetC_ECOR67	WP_093716228.1	36.364	110	65	2	2	106	1445	1554	1.83e-44	164	51.82
JetC_ECOR67	WP_254369806.1	34.545	110	67	2	2	106	1560	1669	1.83e-44	164	51.82
JetC_ECOR67	WP_179176405.1	34.545	110	67	2	2	106	1368	1477	1.84e-44	164	51.82
JetC_ECOR67	WP_365048314.1	34.545	110	67	2	2	106	1402	1511	1.84e-44	164	51.82
JetC_ECOR67	WP_389477924.1	34.545	110	67	2	2	106	1410	1519	1.84e-44	164	51.82
JetC_ECOR67	WP_302859560.1	35.455	110	66	2	2	106	1425	1534	1.84e-44	164	51.82
JetC_ECOR67	WP_037670909.1	34.545	110	67	2	2	106	1454	1563	1.84e-44	164	51.82
JetC_ECOR67	WP_356231385.1	34.545	110	67	2	2	106	1482	1591	1.84e-44	164	51.82
JetC_ECOR67	WP_366077526.1	34.545	110	67	2	2	106	1498	1607	1.84e-44	164	51.82
JetC_ECOR67	WP_319144225.1	34.545	110	67	2	2	106	1704	1813	1.85e-44	164	51.82
JetC_ECOR67	WP_323448484.1	34.545	110	67	2	2	106	1535	1644	1.86e-44	164	51.82
JetC_ECOR67	WP_361635626.1	33.636	110	68	2	2	106	1419	1528	1.90e-44	164	51.82
JetC_ECOR67	WP_260221891.1	35.455	110	66	2	2	106	1408	1517	1.90e-44	164	51.82
JetC_ECOR67	RZE68745.1	35.455	110	66	2	2	106	582	691	1.90e-44	163	51.82
JetC_ECOR67	WP_398452099.1	35.455	110	66	2	2	106	1564	1673	1.90e-44	164	51.82
JetC_ECOR67	WP_069761531.1	34.545	110	67	2	2	106	1412	1521	1.91e-44	164	51.82
JetC_ECOR67	WP_189036192.1	35.455	110	66	2	2	106	1417	1526	1.92e-44	164	51.82
JetC_ECOR67	WP_052744293.1	34.545	110	67	2	2	106	1635	1744	1.92e-44	164	51.82
JetC_ECOR67	WP_188284855.1	35.135	111	67	2	2	107	1335	1445	1.93e-44	164	54.05
JetC_ECOR67	WP_224386973.1	33.636	110	68	2	2	106	1336	1445	1.93e-44	164	55.45
JetC_ECOR67	WP_361287822.1	34.545	110	67	2	2	106	1524	1633	1.94e-44	164	51.82
JetC_ECOR67	WP_087929097.1	35.455	110	66	2	2	106	1408	1517	1.95e-44	164	51.82
JetC_ECOR67	WP_362217194.1	35.455	110	66	2	2	106	1410	1519	1.95e-44	164	51.82
JetC_ECOR67	WP_266869106.1	34.545	110	67	2	2	106	1459	1568	1.95e-44	164	51.82
JetC_ECOR67	WP_242441114.1	35.455	110	66	2	2	106	1417	1526	1.95e-44	164	51.82
JetC_ECOR67	WP_184571709.1	35.455	110	66	2	2	106	1584	1693	1.96e-44	164	51.82
JetC_ECOR67	MFE4849848.1	34.545	110	67	2	2	106	569	678	1.97e-44	163	51.82
JetC_ECOR67	WP_229851667.1	34.545	110	67	2	2	106	1401	1510	1.97e-44	164	51.82
JetC_ECOR67	WP_389232709.1	34.545	110	67	2	2	106	1439	1548	1.97e-44	164	51.82
JetC_ECOR67	WP_392328150.1	34.545	110	67	2	2	106	1562	1671	1.98e-44	164	51.82
JetC_ECOR67	WP_062673398.1	34.545	110	67	2	2	106	1408	1517	1.99e-44	164	51.82
JetC_ECOR67	WP_190126479.1	34.545	110	67	2	2	106	1419	1528	1.99e-44	164	51.82
JetC_ECOR67	WP_384302214.1	34.545	110	67	2	2	106	997	1106	1.99e-44	164	51.82
JetC_ECOR67	WP_232544429.1	35.455	110	66	2	2	106	1412	1521	1.99e-44	164	51.82
JetC_ECOR67	WP_158985265.1	34.545	110	67	2	2	106	1434	1543	2.01e-44	164	51.82
JetC_ECOR67	WP_214916458.1	34.545	110	67	2	2	106	1571	1680	2.02e-44	164	51.82
JetC_ECOR67	WP_365232081.1	35.455	110	66	2	2	106	1261	1370	2.04e-44	164	51.82
JetC_ECOR67	WP_412787990.1	35.455	110	66	2	2	106	1401	1510	2.05e-44	164	51.82
JetC_ECOR67	HWM37453.1	35.455	110	66	2	2	106	1426	1535	2.05e-44	164	51.82
JetC_ECOR67	WP_329129312.1	36.364	110	65	2	2	106	1434	1543	2.05e-44	164	51.82
JetC_ECOR67	WP_319695828.1	35.455	110	66	2	2	106	1681	1790	2.06e-44	164	51.82
JetC_ECOR67	WP_189134752.1	36.364	110	65	2	2	106	1438	1547	2.07e-44	164	50.91
JetC_ECOR67	MFD7506704.1	35.455	110	66	2	2	106	1143	1252	2.08e-44	164	51.82
JetC_ECOR67	WP_398523721.1	35.455	110	66	2	2	106	1331	1440	2.09e-44	164	56.36
JetC_ECOR67	WP_243631666.1	34.545	110	67	2	2	106	1465	1574	2.09e-44	164	51.82
JetC_ECOR67	WP_135339796.1	35.455	110	66	2	2	106	1406	1515	2.11e-44	164	51.82
JetC_ECOR67	WP_250974714.1	36.364	110	65	2	2	106	1409	1518	2.11e-44	164	51.82
JetC_ECOR67	WP_344640043.1	35.455	110	66	2	2	106	1365	1474	2.13e-44	164	50.91
JetC_ECOR67	WP_069173177.1	35.455	110	66	2	2	106	1407	1516	2.13e-44	164	51.82
JetC_ECOR67	MYV52401.1	34.545	110	67	2	2	106	446	555	2.14e-44	162	51.82
JetC_ECOR67	WP_355550785.1	35.455	110	66	2	2	106	1394	1503	2.15e-44	164	51.82
JetC_ECOR67	WP_401489120.1	34.545	110	67	2	2	106	1470	1579	2.15e-44	164	51.82
JetC_ECOR67	WP_209238073.1	35.455	110	66	2	2	106	1493	1602	2.16e-44	164	51.82
JetC_ECOR67	WP_189268078.1	34.545	110	67	2	2	106	1382	1491	2.19e-44	164	51.82
JetC_ECOR67	MFE0096222.1	34.545	110	67	2	2	106	865	974	2.19e-44	164	51.82
JetC_ECOR67	WP_311300353.1	36.364	110	65	2	2	106	1428	1537	2.19e-44	164	51.82
JetC_ECOR67	WP_405578272.1	36.364	110	65	2	2	106	1445	1554	2.20e-44	164	51.82
JetC_ECOR67	WP_384850014.1	34.545	110	67	2	2	106	1441	1550	2.20e-44	164	51.82
JetC_ECOR67	WP_283521648.1	34.545	110	67	2	2	106	1491	1600	2.20e-44	164	51.82
JetC_ECOR67	MCI0385704.1	35.455	110	66	2	2	106	415	524	2.21e-44	161	51.82
JetC_ECOR67	WP_223002407.1	34.545	110	67	2	2	106	1452	1561	2.24e-44	164	51.82
JetC_ECOR67	WP_019059643.1	34.545	110	67	2	2	106	1468	1577	2.24e-44	164	51.82
JetC_ECOR67	WP_375066434.1	35.455	110	66	2	2	106	409	518	2.25e-44	161	51.82
JetC_ECOR67	WP_405539293.1	35.455	110	66	2	2	106	1331	1440	2.25e-44	164	55.45
JetC_ECOR67	WP_190192893.1	34.545	110	67	2	2	106	1399	1508	2.26e-44	164	51.82
JetC_ECOR67	WP_190039092.1	34.545	110	67	2	2	106	1402	1511	2.26e-44	164	51.82
JetC_ECOR67	WP_361942622.1	34.545	110	67	2	2	106	1403	1512	2.26e-44	164	51.82
JetC_ECOR67	WP_111605140.1	35.455	110	66	2	2	106	1438	1547	2.26e-44	164	51.82
JetC_ECOR67	WP_309053822.1	34.545	110	67	2	2	106	1459	1568	2.26e-44	164	51.82
JetC_ECOR67	WP_362537463.1	34.545	110	67	2	2	106	1532	1641	2.26e-44	164	51.82
JetC_ECOR67	WP_071330121.1	35.455	110	66	2	2	106	848	957	2.28e-44	164	51.82
JetC_ECOR67	WP_384949103.1	34.545	110	67	2	2	106	1455	1564	2.28e-44	164	51.82
JetC_ECOR67	WP_179079916.1	35.455	110	66	2	2	106	1489	1598	2.28e-44	164	51.82
JetC_ECOR67	WP_197353804.1	35.455	110	66	2	2	106	1425	1534	2.33e-44	164	51.82
JetC_ECOR67	WP_015607290.1	34.545	110	67	2	2	106	1167	1276	2.36e-44	164	51.82
JetC_ECOR67	WP_199587962.1	34.545	110	67	2	2	106	1389	1498	2.37e-44	164	51.82
JetC_ECOR67	WP_356380782.1	34.545	110	67	2	2	106	1396	1505	2.37e-44	164	51.82
JetC_ECOR67	MCM3885853.1	34.545	110	67	2	2	106	351	460	2.37e-44	161	52.73
JetC_ECOR67	WP_100604142.1	35.455	110	66	2	2	106	1399	1508	2.37e-44	164	51.82
JetC_ECOR67	WP_146479101.1	34.545	110	67	2	2	106	1409	1518	2.37e-44	164	51.82
JetC_ECOR67	WP_229701010.1	34.545	110	67	2	2	106	1443	1552	2.37e-44	164	51.82
JetC_ECOR67	WP_177153092.1	34.545	110	67	2	2	106	1530	1639	2.38e-44	164	51.82
JetC_ECOR67	WP_356694658.1	34.545	110	67	2	2	106	1387	1496	2.39e-44	164	51.82
JetC_ECOR67	WP_399340567.1	35.455	110	66	2	2	106	1399	1508	2.39e-44	164	51.82
JetC_ECOR67	WP_161229202.1	34.545	110	67	2	2	106	1397	1506	2.39e-44	164	51.82
JetC_ECOR67	WP_283451232.1	34.545	110	67	2	2	106	1414	1523	2.39e-44	164	51.82
JetC_ECOR67	WP_128976935.1	34.545	110	67	2	2	106	1416	1525	2.39e-44	164	51.82
JetC_ECOR67	WP_269120235.1	35.780	109	65	2	2	105	1429	1537	2.39e-44	164	52.29
JetC_ECOR67	WP_189827800.1	34.545	110	67	2	2	106	1453	1562	2.40e-44	164	51.82
JetC_ECOR67	WP_362518923.1	34.545	110	67	2	2	106	1550	1659	2.40e-44	164	51.82
JetC_ECOR67	WP_129249444.1	35.455	110	66	2	2	106	1403	1512	2.42e-44	164	51.82
JetC_ECOR67	WP_335937649.1	33.929	112	67	2	2	106	1407	1518	2.42e-44	164	50.89
JetC_ECOR67	WP_328581365.1	34.545	110	67	2	2	106	1403	1512	2.46e-44	164	51.82
JetC_ECOR67	WP_242578534.1	35.455	110	66	2	2	106	1410	1519	2.47e-44	164	51.82
JetC_ECOR67	WP_031525860.1	35.455	110	66	2	2	106	1620	1729	2.50e-44	164	51.82
JetC_ECOR67	WP_155054497.1	34.545	110	67	2	2	106	1526	1635	2.52e-44	164	51.82
JetC_ECOR67	WP_162602783.1	34.545	110	67	2	2	106	583	692	2.53e-44	163	51.82
JetC_ECOR67	MFD9074166.1	34.545	110	67	2	2	106	752	861	2.53e-44	164	51.82
JetC_ECOR67	HTZ25796.1	34.545	110	67	2	2	106	1311	1420	2.53e-44	164	52.73
JetC_ECOR67	WP_217239539.1	34.545	110	67	2	2	106	1388	1497	2.54e-44	164	51.82
JetC_ECOR67	WP_191854470.1	34.545	110	67	2	2	106	1427	1536	2.54e-44	164	51.82
JetC_ECOR67	MFE7129227.1	34.545	110	67	2	2	106	621	730	2.60e-44	163	51.82
JetC_ECOR67	EST19991.1	34.545	110	67	2	2	106	387	496	2.61e-44	161	51.82
JetC_ECOR67	WP_383781000.1	34.545	110	67	2	2	106	1398	1507	2.61e-44	164	51.82
JetC_ECOR67	WP_109453843.1	36.364	110	65	2	2	106	1404	1513	2.61e-44	164	52.73
JetC_ECOR67	WP_153291751.1	34.545	110	67	2	2	106	1431	1540	2.61e-44	164	51.82
JetC_ECOR67	WP_007497096.1	34.545	110	67	2	2	106	1403	1512	2.64e-44	164	51.82
JetC_ECOR67	WP_109278730.1	35.455	110	66	2	2	106	1404	1513	2.64e-44	164	51.82
JetC_ECOR67	WP_076818666.1	33.636	110	68	2	2	106	1582	1691	2.64e-44	164	51.82
JetC_ECOR67	WP_376175084.1	34.545	110	67	2	2	106	902	1011	2.66e-44	164	51.82
JetC_ECOR67	AGP60077.1	35.455	110	66	2	2	106	404	513	2.67e-44	161	51.82
JetC_ECOR67	MFE1792222.1	34.545	110	67	2	2	106	842	951	2.68e-44	164	51.82
JetC_ECOR67	WP_219568136.1	33.929	112	67	2	2	106	1426	1537	2.69e-44	164	50.89
JetC_ECOR67	WP_311726779.1	35.455	110	66	2	2	106	1647	1756	2.70e-44	164	51.82
JetC_ECOR67	WP_085572229.1	34.545	110	67	2	2	106	424	533	2.70e-44	161	51.82
JetC_ECOR67	WP_093839770.1	35.455	110	66	2	2	106	1384	1493	2.71e-44	164	51.82
JetC_ECOR67	WP_365113644.1	34.545	110	67	2	2	106	1409	1518	2.72e-44	164	51.82
JetC_ECOR67	WP_190160012.1	34.545	110	67	2	2	106	1397	1506	2.72e-44	164	51.82
JetC_ECOR67	WP_185948224.1	35.455	110	66	2	2	106	1425	1534	2.72e-44	164	51.82
JetC_ECOR67	WP_240969977.1	35.455	110	66	2	2	106	1391	1500	2.72e-44	164	51.82
JetC_ECOR67	WP_347728939.1	34.545	110	67	2	2	106	1441	1550	2.72e-44	164	51.82
JetC_ECOR67	WP_338675374.1	34.545	110	67	2	2	106	1488	1597	2.72e-44	164	51.82
JetC_ECOR67	WP_240138599.1	34.545	110	67	2	2	106	1625	1734	2.73e-44	164	51.82
JetC_ECOR67	WP_252939008.1	35.455	110	66	2	2	106	1432	1541	2.77e-44	164	51.82
JetC_ECOR67	WP_258790884.1	34.545	110	67	2	2	106	1420	1529	2.77e-44	164	51.82
JetC_ECOR67	WP_254407381.1	34.545	110	67	2	2	106	1544	1653	2.78e-44	164	51.82
JetC_ECOR67	WP_187818959.1	34.545	110	67	2	2	106	1388	1497	2.79e-44	164	51.82
JetC_ECOR67	WP_266702161.1	34.545	110	67	2	2	106	1422	1531	2.80e-44	164	51.82
JetC_ECOR67	WP_093592759.1	34.545	110	67	2	2	106	1427	1536	2.80e-44	164	51.82
JetC_ECOR67	WP_359155190.1	34.545	110	67	2	2	106	1453	1562	2.80e-44	164	51.82
JetC_ECOR67	WP_406859622.1	34.545	110	67	2	2	106	1484	1593	2.80e-44	164	51.82
JetC_ECOR67	WP_356912307.1	34.545	110	67	2	2	106	1557	1666	2.80e-44	164	51.82
JetC_ECOR67	WP_385501532.1	34.545	110	67	2	2	106	957	1066	2.81e-44	164	51.82
JetC_ECOR67	WP_120676544.1	35.455	110	66	2	2	106	1410	1519	2.82e-44	164	51.82
JetC_ECOR67	WP_102921728.1	35.455	110	66	2	2	106	1405	1514	2.82e-44	164	51.82
JetC_ECOR67	WP_089226828.1	36.364	110	65	2	2	106	1419	1528	2.82e-44	164	51.82
JetC_ECOR67	WP_385494091.1	34.545	110	67	2	2	106	1426	1535	2.82e-44	164	51.82
JetC_ECOR67	WP_401449553.1	34.545	110	67	2	2	106	1490	1599	2.83e-44	164	51.82
JetC_ECOR67	WP_069919241.1	34.545	110	67	2	2	106	1405	1514	2.85e-44	164	51.82
JetC_ECOR67	WP_344443366.1	34.545	110	67	2	2	106	1386	1495	2.85e-44	164	51.82
JetC_ECOR67	WP_056567044.1	34.545	110	67	2	2	106	1403	1512	2.85e-44	164	51.82
JetC_ECOR67	WP_069812136.1	35.455	110	66	2	2	106	1422	1531	2.85e-44	164	52.73
JetC_ECOR67	WP_248780181.1	34.545	110	67	2	2	106	1427	1536	2.85e-44	164	51.82
JetC_ECOR67	WP_069991809.1	35.455	110	66	2	2	106	1464	1573	2.85e-44	164	51.82
JetC_ECOR67	MEU2183195.1	34.545	110	67	2	2	106	650	759	2.86e-44	163	51.82
JetC_ECOR67	WP_266541866.1	34.545	110	67	2	2	106	1524	1633	2.86e-44	164	51.82
JetC_ECOR67	WP_227569866.1	35.455	110	66	2	2	106	1330	1439	2.87e-44	164	54.55
JetC_ECOR67	WP_031078110.1	34.545	110	67	2	2	106	1419	1528	2.88e-44	164	51.82
JetC_ECOR67	WP_245791628.1	36.364	110	65	2	2	106	1441	1550	2.88e-44	164	51.82
JetC_ECOR67	WP_069929781.1	34.545	110	67	2	2	106	1512	1621	2.88e-44	164	51.82
JetC_ECOR67	WP_332886409.1	34.545	110	67	2	2	106	1420	1529	2.91e-44	164	51.82
JetC_ECOR67	WP_281473011.1	36.364	110	65	2	2	106	1461	1570	2.91e-44	164	52.73
JetC_ECOR67	WP_190009894.1	34.545	110	67	2	2	106	1399	1508	2.93e-44	164	51.82
JetC_ECOR67	WP_169092807.1	34.545	110	67	2	2	106	1398	1507	2.93e-44	164	51.82
JetC_ECOR67	WP_125652418.1	34.545	110	67	2	2	106	1442	1551	2.94e-44	164	51.82
JetC_ECOR67	WP_411058272.1	34.545	110	67	2	2	106	1479	1588	2.94e-44	164	51.82
JetC_ECOR67	WP_318108240.1	34.545	110	67	2	2	106	1491	1600	2.94e-44	164	51.82
JetC_ECOR67	WP_358784925.1	34.545	110	67	2	2	106	1395	1504	2.96e-44	164	51.82
JetC_ECOR67	WP_190015832.1	34.545	110	67	2	2	106	1402	1511	2.96e-44	164	51.82
JetC_ECOR67	WP_093608398.1	34.545	110	67	2	2	106	1407	1516	2.96e-44	164	51.82
JetC_ECOR67	WP_208881280.1	35.455	110	66	2	2	106	1372	1481	2.99e-44	164	51.82
JetC_ECOR67	WP_218513566.1	34.545	110	67	2	2	106	1451	1560	2.99e-44	164	51.82
JetC_ECOR67	WP_387161811.1	34.545	110	67	2	2	106	1518	1627	3.00e-44	164	51.82
JetC_ECOR67	WP_125623431.1	35.455	110	66	2	2	106	1540	1649	3.00e-44	164	51.82
JetC_ECOR67	WP_334572183.1	31.818	110	70	2	2	106	1331	1440	3.05e-44	164	51.82
JetC_ECOR67	WP_412793685.1	34.545	110	67	2	2	106	1387	1496	3.05e-44	164	51.82
JetC_ECOR67	WP_221753246.1	34.545	110	67	2	2	106	1547	1656	3.06e-44	164	51.82
JetC_ECOR67	WP_078978651.1	35.455	110	66	2	2	106	1359	1468	3.08e-44	163	53.64
JetC_ECOR67	MEU1042809.1	34.545	110	67	2	2	106	558	667	3.09e-44	163	51.82
JetC_ECOR67	WP_225016782.1	34.545	110	67	2	2	106	1417	1526	3.11e-44	163	51.82
JetC_ECOR67	WP_237321963.1	35.455	110	66	2	2	106	1408	1517	3.14e-44	163	51.82
JetC_ECOR67	WP_051945371.1	35.455	110	66	2	2	106	1407	1516	3.14e-44	163	51.82
JetC_ECOR67	MFD8163944.1	35.455	110	66	2	2	106	1034	1143	3.14e-44	163	51.82
JetC_ECOR67	WP_345618646.1	34.545	110	67	2	2	106	1394	1503	3.17e-44	163	51.82
JetC_ECOR67	WP_122617115.1	34.545	110	67	2	2	106	1398	1507	3.17e-44	163	51.82
JetC_ECOR67	WP_138907100.1	34.545	110	67	2	2	106	1480	1589	3.17e-44	163	51.82
JetC_ECOR67	WP_062215943.1	35.455	110	66	2	2	106	1378	1487	3.20e-44	163	51.82
JetC_ECOR67	WP_311633119.1	35.455	110	66	2	2	106	1385	1494	3.20e-44	163	51.82
JetC_ECOR67	WP_107458389.1	33.636	110	68	2	2	106	1399	1508	3.20e-44	163	51.82
JetC_ECOR67	WP_053759914.1	34.545	110	67	2	2	106	1432	1541	3.20e-44	163	51.82
JetC_ECOR67	WP_266859113.1	34.545	110	67	2	2	106	1457	1566	3.20e-44	163	51.82
JetC_ECOR67	WP_108147544.1	34.545	110	67	2	2	106	1457	1566	3.21e-44	163	51.82
JetC_ECOR67	SEF11373.1	35.455	110	66	2	2	106	833	942	3.22e-44	163	51.82
JetC_ECOR67	WP_271684745.1	35.455	110	66	2	2	106	1376	1485	3.23e-44	163	51.82
JetC_ECOR67	WP_182605931.1	35.455	110	66	2	2	106	1374	1483	3.23e-44	163	51.82
JetC_ECOR67	WP_030919104.1	33.929	112	67	2	2	106	1442	1553	3.24e-44	163	50.89
JetC_ECOR67	WP_179815892.1	35.780	109	65	2	2	105	1433	1541	3.27e-44	163	52.29
JetC_ECOR67	MYR94635.1	34.545	110	67	2	2	106	529	638	3.29e-44	162	51.82
JetC_ECOR67	WP_083192693.1	35.455	110	66	2	2	106	1331	1440	3.29e-44	163	56.36
JetC_ECOR67	WP_244934248.1	35.455	110	66	2	2	106	1403	1512	3.36e-44	163	51.82
JetC_ECOR67	WP_282260570.1	31.818	110	70	2	2	106	1333	1442	3.39e-44	163	51.82
JetC_ECOR67	MER6738523.1	34.545	110	67	2	2	106	882	991	3.40e-44	163	51.82
JetC_ECOR67	WP_358415574.1	34.545	110	67	2	2	106	1334	1443	3.45e-44	163	51.82
JetC_ECOR67	WP_248637183.1	34.545	110	67	2	2	106	1394	1503	3.46e-44	163	51.82
JetC_ECOR67	WP_367500940.1	38.532	109	62	2	3	106	1331	1439	3.49e-44	163	55.96
JetC_ECOR67	WP_217165609.1	34.545	110	67	2	2	106	1398	1507	3.49e-44	163	51.82
JetC_ECOR67	WP_150210911.1	34.545	110	67	2	2	106	1406	1515	3.49e-44	163	51.82
JetC_ECOR67	WP_030674623.1	34.545	110	67	2	2	106	1411	1520	3.49e-44	163	51.82
JetC_ECOR67	WP_189772919.1	34.545	110	67	2	2	106	1433	1542	3.50e-44	163	51.82
JetC_ECOR67	WP_240966104.1	35.455	110	66	2	2	106	1428	1537	3.50e-44	163	51.82
JetC_ECOR67	WP_189804307.1	34.545	110	67	2	2	106	1397	1506	3.53e-44	163	51.82
JetC_ECOR67	WP_093801935.1	34.545	110	67	2	2	106	1452	1561	3.53e-44	163	51.82
JetC_ECOR67	WP_258050176.1	34.545	110	67	2	2	106	1434	1543	3.53e-44	163	51.82
JetC_ECOR67	WP_077062681.1	35.455	110	66	2	2	106	1392	1501	3.56e-44	163	51.82
JetC_ECOR67	WP_362949502.1	34.545	110	67	2	2	106	1413	1522	3.60e-44	163	51.82
JetC_ECOR67	WP_411106607.1	34.545	110	67	2	2	106	1447	1556	3.60e-44	163	51.82
JetC_ECOR67	WP_374222585.1	34.545	110	67	2	2	106	700	809	3.61e-44	163	51.82
JetC_ECOR67	WP_037729201.1	34.545	110	67	2	2	106	1411	1520	3.67e-44	163	51.82
JetC_ECOR67	WP_100567948.1	34.545	110	67	2	2	106	1419	1528	3.67e-44	163	51.82
JetC_ECOR67	WP_351499552.1	34.545	110	67	2	2	106	1406	1515	3.67e-44	163	51.82
JetC_ECOR67	WP_235485996.1	34.545	110	67	2	2	106	1269	1378	3.69e-44	163	51.82
JetC_ECOR67	WP_030279170.1	35.455	110	66	2	2	106	1387	1496	3.70e-44	163	51.82
JetC_ECOR67	WP_149179048.1	34.545	110	67	2	2	106	1425	1534	3.70e-44	163	51.82
JetC_ECOR67	WP_366747153.1	34.545	110	67	2	2	106	1408	1517	3.71e-44	163	51.82
JetC_ECOR67	MBD0671578.1	35.455	110	66	2	2	106	409	518	3.75e-44	161	50.91
JetC_ECOR67	WP_255925944.1	36.364	110	65	2	2	106	1384	1493	3.77e-44	163	52.73
JetC_ECOR67	WP_399275493.1	34.545	110	67	2	2	106	1424	1533	3.78e-44	163	51.82
JetC_ECOR67	WP_256526680.1	34.545	110	67	2	2	106	1415	1524	3.78e-44	163	51.82
JetC_ECOR67	WP_046385791.1	35.455	110	66	2	2	106	1377	1486	3.81e-44	163	50.91
JetC_ECOR67	WP_165231156.1	34.513	113	66	2	2	106	1380	1492	3.81e-44	163	50.44
JetC_ECOR67	WP_299541279.1	34.545	110	67	2	2	106	1414	1523	3.81e-44	163	51.82
JetC_ECOR67	WP_399674295.1	33.636	110	68	2	2	106	1426	1535	3.81e-44	163	51.82
JetC_ECOR67	MFD8961586.1	34.545	110	67	2	2	106	618	727	3.83e-44	163	51.82
JetC_ECOR67	WP_329885219.1	35.455	110	66	2	2	106	1373	1482	3.85e-44	163	50.91
JetC_ECOR67	WP_393676237.1	35.455	110	66	2	2	106	1492	1601	3.86e-44	163	51.82
JetC_ECOR67	WP_190109127.1	35.455	110	66	2	2	106	1403	1512	3.89e-44	163	51.82
JetC_ECOR67	WP_037914905.1	35.455	110	66	2	2	106	1423	1532	3.89e-44	163	51.82
JetC_ECOR67	WP_232271530.1	35.455	110	66	2	2	106	1378	1487	3.92e-44	163	51.82
JetC_ECOR67	WP_030198994.1	34.545	110	67	2	2	106	1394	1503	3.92e-44	163	51.82
JetC_ECOR67	KJY25204.1	34.545	110	67	2	2	106	509	618	3.95e-44	162	51.82
JetC_ECOR67	PSJ25606.1	35.455	110	66	2	2	106	434	543	3.96e-44	161	51.82
JetC_ECOR67	WP_046583313.1	34.545	110	67	2	2	106	1408	1517	3.96e-44	163	51.82
JetC_ECOR67	WP_019884726.1	34.545	110	67	2	2	106	1411	1520	3.96e-44	163	51.82
JetC_ECOR67	WP_150272240.1	34.545	110	67	2	2	106	1404	1513	4.08e-44	163	51.82
JetC_ECOR67	MDX6329672.1	36.364	110	65	2	2	106	518	627	4.09e-44	162	51.82
JetC_ECOR67	EXU85950.1	35.455	110	66	2	2	106	526	635	4.10e-44	162	51.82
JetC_ECOR67	WP_365637269.1	34.545	110	67	2	2	106	1423	1532	4.12e-44	163	51.82
JetC_ECOR67	WP_352077301.1	34.545	110	67	2	2	106	1520	1629	4.13e-44	163	51.82
JetC_ECOR67	WP_384752930.1	34.545	110	67	2	2	106	989	1098	4.15e-44	163	51.82
JetC_ECOR67	WP_359504791.1	34.545	110	67	2	2	106	992	1101	4.15e-44	163	51.82
JetC_ECOR67	WP_201867481.1	35.455	110	66	2	2	106	1387	1496	4.16e-44	163	51.82
JetC_ECOR67	GAA1282831.1	34.545	110	67	2	2	106	862	971	4.19e-44	163	51.82
JetC_ECOR67	WP_340291776.1	33.636	110	68	2	2	106	1329	1438	4.19e-44	163	54.55
JetC_ECOR67	WP_205385796.1	34.545	110	67	2	2	106	1388	1497	4.20e-44	163	51.82
JetC_ECOR67	WP_070198150.1	35.455	110	66	2	2	106	1432	1541	4.20e-44	163	51.82
JetC_ECOR67	WP_350641287.1	35.455	110	66	2	2	106	1366	1475	4.24e-44	163	50.91
JetC_ECOR67	WP_031041050.1	34.545	110	67	2	2	106	1400	1509	4.24e-44	163	51.82
JetC_ECOR67	WP_283850557.1	33.929	112	67	2	2	106	1416	1527	4.24e-44	163	50.89
JetC_ECOR67	WP_250306535.1	34.545	110	67	2	2	106	1433	1542	4.24e-44	163	51.82
JetC_ECOR67	WP_403635048.1	34.545	110	67	2	2	106	1380	1489	4.28e-44	163	51.82
JetC_ECOR67	WP_360964666.1	34.545	110	67	2	2	106	1391	1500	4.28e-44	163	51.82
JetC_ECOR67	WP_203184960.1	34.545	110	67	2	2	106	1399	1508	4.28e-44	163	51.82
JetC_ECOR67	WP_252423277.1	34.545	110	67	2	2	106	1373	1482	4.32e-44	163	51.82
JetC_ECOR67	WP_365929033.1	34.234	111	67	2	2	106	772	882	4.33e-44	163	51.35
JetC_ECOR67	MEU7318757.1	35.455	110	66	2	2	106	808	917	4.45e-44	163	51.82
JetC_ECOR67	WP_053724436.1	34.545	110	67	2	2	106	1387	1496	4.49e-44	163	51.82
JetC_ECOR67	WP_330456630.1	34.545	110	67	2	2	106	1405	1514	4.50e-44	163	51.82
JetC_ECOR67	WP_033207831.1	34.545	110	67	2	2	106	1399	1508	4.50e-44	163	51.82
JetC_ECOR67	MEU6853144.1	36.364	110	65	2	2	106	819	928	4.50e-44	163	51.82
JetC_ECOR67	WP_136181413.1	35.455	110	66	2	2	106	1402	1511	4.54e-44	163	50.91
JetC_ECOR67	WP_031180240.1	34.545	110	67	2	2	106	1400	1509	4.54e-44	163	51.82
JetC_ECOR67	WP_030380792.1	34.545	110	67	2	2	106	1565	1674	4.60e-44	163	51.82
JetC_ECOR67	WP_329494060.1	35.455	110	66	2	2	106	1373	1482	4.63e-44	163	50.91
JetC_ECOR67	WP_219047109.1	35.455	110	66	2	2	106	1379	1488	4.63e-44	163	51.82
JetC_ECOR67	WP_217784989.1	34.545	110	67	2	2	106	1481	1590	4.63e-44	163	51.82
JetC_ECOR67	WP_401596800.1	34.545	110	67	2	2	106	1485	1594	4.64e-44	163	51.82
JetC_ECOR67	WP_399438621.1	34.545	110	67	2	2	106	1466	1575	4.64e-44	163	51.82
JetC_ECOR67	MFD7583268.1	35.455	110	66	2	2	106	317	426	4.67e-44	159	50.91
JetC_ECOR67	MET7613716.1	34.545	110	67	2	2	106	485	594	4.69e-44	161	51.82
JetC_ECOR67	WP_379612343.1	33.636	110	68	2	2	106	891	1000	4.71e-44	163	55.45
JetC_ECOR67	WP_016909222.1	34.545	110	67	2	2	106	1367	1476	4.72e-44	163	51.82
JetC_ECOR67	WP_014141507.1	36.364	110	65	2	2	106	1394	1503	4.76e-44	163	52.73
JetC_ECOR67	WP_370410714.1	34.545	110	67	2	2	106	1400	1509	4.76e-44	163	51.82
JetC_ECOR67	WP_055488792.1	35.455	110	66	2	2	106	1426	1535	4.77e-44	163	51.82
JetC_ECOR67	WP_311665370.1	35.455	110	66	2	2	106	1390	1499	4.81e-44	163	51.82
JetC_ECOR67	WP_360223604.1	34.545	110	67	2	2	106	1397	1506	4.86e-44	163	51.82
JetC_ECOR67	WP_250337087.1	34.545	110	67	2	2	106	1403	1512	4.86e-44	163	51.82
JetC_ECOR67	WP_108989314.1	34.545	110	67	2	2	106	1410	1519	4.86e-44	163	51.82
JetC_ECOR67	WP_329458850.1	34.545	110	67	2	2	106	1422	1531	4.86e-44	163	51.82
JetC_ECOR67	WP_359825768.1	34.545	110	67	2	2	106	876	985	4.86e-44	163	51.82
JetC_ECOR67	WP_089510062.1	34.545	110	67	2	2	106	1667	1776	4.88e-44	163	51.82
JetC_ECOR67	WP_169135502.1	35.455	110	66	2	2	106	1462	1571	4.91e-44	163	51.82
JetC_ECOR67	MEU1091261.1	34.545	110	67	2	2	106	865	974	4.94e-44	163	51.82
JetC_ECOR67	WP_404021443.1	34.545	110	67	2	2	106	1001	1110	4.95e-44	163	51.82
JetC_ECOR67	WP_365406302.1	35.455	110	66	2	2	106	1369	1478	4.95e-44	163	51.82
JetC_ECOR67	MBZ9643686.1	34.545	110	67	2	2	106	561	670	5.04e-44	162	51.82
JetC_ECOR67	WP_398523571.1	34.545	110	67	2	2	106	1417	1526	5.05e-44	163	51.82
JetC_ECOR67	WP_073791777.1	34.545	110	67	2	2	106	1425	1534	5.05e-44	163	51.82
JetC_ECOR67	MZF90488.1	33.636	110	68	2	2	106	817	926	5.06e-44	163	51.82
JetC_ECOR67	WP_109186963.1	34.545	110	67	2	2	106	1377	1486	5.10e-44	163	51.82
JetC_ECOR67	WP_103889893.1	35.455	110	66	2	2	106	1440	1549	5.10e-44	163	51.82
JetC_ECOR67	WP_398542178.1	35.455	110	66	2	2	106	1467	1576	5.11e-44	163	51.82
JetC_ECOR67	WP_229923563.1	34.545	110	67	2	2	106	1479	1588	5.11e-44	163	51.82
JetC_ECOR67	REK85808.1	35.455	110	66	2	2	106	446	555	5.12e-44	161	51.82
JetC_ECOR67	WP_400112653.1	35.455	110	66	2	2	106	1391	1500	5.15e-44	163	51.82
JetC_ECOR67	WP_306332194.1	33.636	110	68	2	2	106	1421	1530	5.15e-44	163	51.82
JetC_ECOR67	WP_397284194.1	37.273	110	64	2	2	106	1329	1438	5.19e-44	163	55.45
JetC_ECOR67	WP_226486264.1	34.545	110	67	2	2	106	1391	1500	5.20e-44	163	51.82
JetC_ECOR67	WP_225611879.1	35.455	110	66	2	2	106	528	637	5.23e-44	162	51.82
JetC_ECOR67	MBO1419697.1	35.455	110	66	2	2	106	535	644	5.31e-44	162	50.91
JetC_ECOR67	WP_314173588.1	35.455	110	66	2	2	106	1415	1524	5.46e-44	163	51.82
JetC_ECOR67	MET9110537.1	34.545	110	67	2	2	106	774	883	5.55e-44	163	51.82
JetC_ECOR67	WP_161698460.1	34.545	110	67	2	2	106	1415	1524	5.57e-44	163	51.82
JetC_ECOR67	WP_361541063.1	34.545	110	67	2	2	106	1411	1520	5.57e-44	163	51.82
JetC_ECOR67	WP_362084748.1	35.455	110	66	2	2	106	1439	1548	5.57e-44	163	51.82
JetC_ECOR67	SCD54084.1	36.364	110	65	2	2	106	452	561	5.59e-44	161	51.82
JetC_ECOR67	WP_230053482.1	35.455	110	66	2	2	106	1363	1472	5.61e-44	163	50.91
JetC_ECOR67	MEN2417612.1	35.455	110	66	2	2	106	828	937	5.64e-44	163	51.82
JetC_ECOR67	MFF1656389.1	34.545	110	67	2	2	106	869	978	5.67e-44	163	51.82
JetC_ECOR67	WP_358950840.1	33.929	112	67	2	2	106	818	929	5.70e-44	163	50.89
JetC_ECOR67	WP_396567347.1	35.455	110	66	2	2	106	1371	1480	5.73e-44	163	50.91
JetC_ECOR67	WP_345678675.1	36.364	110	65	2	2	106	1357	1466	5.73e-44	163	53.64
JetC_ECOR67	WP_136206761.1	33.929	112	67	2	2	106	1434	1545	5.73e-44	163	50.89
JetC_ECOR67	WP_356283357.1	34.545	110	67	2	2	106	1001	1110	5.78e-44	163	51.82
JetC_ECOR67	WP_120695028.1	35.455	110	66	2	2	106	1398	1507	5.78e-44	163	51.82
JetC_ECOR67	WP_274039326.1	35.455	110	66	2	2	106	1435	1544	5.79e-44	163	51.82
JetC_ECOR67	WP_224754478.1	35.455	110	66	2	2	106	1378	1487	5.84e-44	163	51.82
JetC_ECOR67	WP_391184648.1	34.545	110	67	2	2	106	1330	1439	5.95e-44	163	56.36
JetC_ECOR67	WP_373687316.1	34.545	110	67	2	2	106	473	582	6.01e-44	161	51.82
JetC_ECOR67	WP_266300371.1	35.455	110	66	2	2	106	1385	1494	6.07e-44	163	50.91
JetC_ECOR67	WP_129310424.1	34.545	110	67	2	2	106	1454	1563	6.08e-44	163	51.82
JetC_ECOR67	WP_346148654.1	35.455	110	66	2	2	106	940	1049	6.09e-44	163	50.91
JetC_ECOR67	MDX2718389.1	34.545	110	67	2	2	106	823	932	6.12e-44	163	51.82
JetC_ECOR67	WP_086809491.1	34.545	110	67	2	2	106	955	1064	6.17e-44	163	51.82
JetC_ECOR67	WP_183228014.1	32.727	110	69	2	2	106	1333	1442	6.18e-44	163	52.73
JetC_ECOR67	WP_399353431.1	34.545	110	67	2	2	106	1412	1521	6.19e-44	163	51.82
JetC_ECOR67	WP_328539907.1	34.545	110	67	2	2	106	1416	1525	6.19e-44	163	51.82
JetC_ECOR67	WP_164436149.1	34.545	110	67	2	2	106	949	1058	6.34e-44	163	51.82
JetC_ECOR67	WP_356476628.1	33.929	112	67	2	2	106	967	1078	6.36e-44	163	50.89
JetC_ECOR67	WP_152890914.1	34.545	110	67	2	2	106	1388	1497	6.37e-44	163	51.82
JetC_ECOR67	WP_311704946.1	35.455	110	66	2	2	106	1392	1501	6.37e-44	163	51.82
JetC_ECOR67	WP_189832248.1	34.545	110	67	2	2	106	1403	1512	6.50e-44	163	51.82
JetC_ECOR67	WP_365854766.1	34.545	110	67	2	2	106	1430	1539	6.50e-44	163	51.82
JetC_ECOR67	OLM25979.1	33.636	110	68	2	2	106	684	793	6.66e-44	162	55.45
JetC_ECOR67	MEU9568020.1	33.929	112	67	2	2	106	890	1001	6.68e-44	163	50.89
JetC_ECOR67	MDX3411992.1	34.545	110	67	2	2	106	622	731	6.74e-44	162	51.82
JetC_ECOR67	WP_202237655.1	35.455	110	66	2	2	106	1430	1539	6.76e-44	163	51.82
JetC_ECOR67	WP_251022922.1	33.636	110	68	2	2	106	1523	1632	6.78e-44	163	50.91
JetC_ECOR67	WP_401022066.1	36.364	110	65	2	2	106	1392	1501	6.82e-44	163	51.82
JetC_ECOR67	MEV4453462.1	34.545	110	67	2	2	106	869	978	7.03e-44	163	51.82
JetC_ECOR67	MFD9011210.1	34.545	110	67	2	2	106	596	705	7.08e-44	162	51.82
JetC_ECOR67	WP_070012729.1	35.455	110	66	2	2	106	1431	1540	7.10e-44	163	51.82
JetC_ECOR67	WP_364775334.1	34.545	110	67	2	2	106	996	1105	7.15e-44	163	51.82
JetC_ECOR67	WP_351248185.1	34.545	110	67	2	2	106	1403	1512	7.16e-44	163	51.82
JetC_ECOR67	WP_037638521.1	35.455	110	66	2	2	106	959	1068	7.20e-44	163	51.82
JetC_ECOR67	WP_220294870.1	34.545	110	67	2	2	106	1392	1501	7.23e-44	163	51.82
JetC_ECOR67	WP_363010441.1	34.545	110	67	2	2	106	1396	1505	7.23e-44	163	51.82
JetC_ECOR67	MEU2629660.1	35.455	110	66	2	2	106	489	598	7.33e-44	161	50.91
JetC_ECOR67	MFE2632361.1	34.545	110	67	2	2	106	834	943	7.35e-44	163	51.82
JetC_ECOR67	WP_330138059.1	35.455	110	66	2	2	106	1374	1483	7.37e-44	163	51.82
JetC_ECOR67	WP_385585755.1	35.455	110	66	2	2	106	1395	1504	7.38e-44	163	52.73
JetC_ECOR67	MBL3670890.1	35.455	110	66	2	2	106	827	936	7.38e-44	163	51.82
JetC_ECOR67	WP_113687542.1	35.455	110	66	2	2	106	1331	1440	7.43e-44	163	56.36
JetC_ECOR67	WP_233865668.1	35.455	110	66	2	2	106	1387	1496	7.45e-44	163	51.82
JetC_ECOR67	MCY0923193.1	34.545	110	67	2	2	106	698	807	7.50e-44	162	51.82
JetC_ECOR67	MFF8812172.1	35.455	110	66	2	2	106	848	957	7.53e-44	163	51.82
JetC_ECOR67	GAA1202306.1	34.545	110	67	2	2	106	612	721	7.59e-44	162	51.82
JetC_ECOR67	WP_405014260.1	35.455	110	66	2	2	106	1365	1474	7.59e-44	163	50.91
JetC_ECOR67	WP_075550160.1	33.636	110	68	2	2	106	814	923	7.62e-44	162	55.45
JetC_ECOR67	WP_150490886.1	34.545	110	67	2	2	106	1392	1501	7.67e-44	163	51.82
JetC_ECOR67	WP_097232524.1	35.455	110	66	2	2	106	1370	1479	7.74e-44	163	51.82
JetC_ECOR67	WP_390320744.1	35.455	110	66	2	2	106	1402	1511	7.74e-44	163	51.82
JetC_ECOR67	WP_319652503.1	34.545	110	67	2	2	106	993	1102	7.88e-44	162	51.82
JetC_ECOR67	WP_390155852.1	35.455	110	66	2	2	106	1412	1521	7.89e-44	162	51.82
JetC_ECOR67	WP_125748821.1	34.545	110	67	2	2	106	1408	1517	7.89e-44	162	51.82
JetC_ECOR67	WP_345284097.1	35.455	110	66	2	2	106	1364	1473	8.04e-44	162	50.91
JetC_ECOR67	WP_384596375.1	34.545	110	67	2	2	106	1456	1565	8.05e-44	162	51.82
JetC_ECOR67	MFE4643441.1	34.545	110	67	2	2	106	812	921	8.07e-44	162	51.82
JetC_ECOR67	WP_409003427.1	34.545	110	67	2	2	106	731	840	8.07e-44	162	51.82
JetC_ECOR67	EFC79434.1	34.545	110	67	2	2	106	639	748	8.26e-44	162	53.64
JetC_ECOR67	MET9432373.1	34.545	110	67	2	2	106	856	965	8.29e-44	162	51.82
JetC_ECOR67	WP_192029109.1	34.545	110	67	2	2	106	1392	1501	8.36e-44	162	52.73
JetC_ECOR67	MEU6062799.1	34.545	110	67	2	2	106	810	919	8.40e-44	162	51.82
JetC_ECOR67	WP_383707924.1	35.455	110	66	2	2	106	1414	1523	8.45e-44	162	51.82
JetC_ECOR67	EPJ35843.1	33.636	110	68	2	2	106	970	1079	8.50e-44	162	51.82
JetC_ECOR67	KFG07553.1	34.545	110	67	2	2	106	532	641	8.51e-44	161	51.82
JetC_ECOR67	WP_338320609.1	34.545	110	67	2	2	106	861	970	8.52e-44	162	51.82
JetC_ECOR67	WP_053641154.1	34.545	110	67	2	2	106	1381	1490	8.52e-44	162	51.82
JetC_ECOR67	WP_361499868.1	34.545	110	67	2	2	106	1445	1554	8.62e-44	162	51.82
JetC_ECOR67	WP_073722505.1	33.929	112	67	2	2	106	1436	1547	8.62e-44	162	50.89
JetC_ECOR67	WP_152265468.1	35.455	110	66	2	2	106	1386	1495	8.69e-44	162	51.82
JetC_ECOR67	WP_329868944.1	34.545	110	67	2	2	106	1406	1515	8.69e-44	162	51.82
JetC_ECOR67	WP_030757101.1	34.545	110	67	2	2	106	1431	1540	8.70e-44	162	51.82
JetC_ECOR67	EFL42511.1	35.455	110	66	2	2	106	724	833	8.77e-44	162	51.82
JetC_ECOR67	WP_114622280.1	34.545	110	67	2	2	106	1402	1511	8.78e-44	162	51.82
JetC_ECOR67	MFC8277498.1	34.545	110	67	2	2	106	839	948	8.86e-44	162	51.82
JetC_ECOR67	WP_381323514.1	35.455	110	66	2	2	106	1063	1172	8.88e-44	162	51.82
JetC_ECOR67	MCL2733310.1	36.364	110	65	2	2	106	1191	1300	8.92e-44	162	51.82
JetC_ECOR67	WP_265945155.1	35.455	110	66	2	2	106	1372	1481	9.03e-44	162	51.82
JetC_ECOR67	WP_030727963.1	35.455	110	66	2	2	106	1396	1505	9.04e-44	162	51.82
JetC_ECOR67	MFD9575787.1	34.545	110	67	2	2	106	904	1013	9.11e-44	162	51.82
JetC_ECOR67	WP_079128165.1	34.545	110	67	2	2	106	1002	1111	9.13e-44	162	51.82
JetC_ECOR67	WP_139671932.1	35.455	110	66	2	2	106	1414	1523	9.13e-44	162	51.82
JetC_ECOR67	WP_364998149.1	35.455	110	66	2	2	106	979	1088	9.20e-44	162	51.82
JetC_ECOR67	WP_184351074.1	35.455	110	66	2	2	106	1390	1499	9.21e-44	162	51.82
JetC_ECOR67	WP_229351131.1	35.455	110	66	2	2	106	1419	1528	9.22e-44	162	52.73
JetC_ECOR67	WP_101387303.1	34.545	110	67	2	2	106	1407	1516	9.30e-44	162	51.82
JetC_ECOR67	WP_185946024.1	35.455	110	66	2	2	106	1385	1494	9.48e-44	162	51.82
JetC_ECOR67	NKY14618.1	34.545	110	67	2	2	106	491	600	9.50e-44	161	51.82
JetC_ECOR67	PVE12550.1	34.545	110	67	2	2	106	510	619	9.53e-44	161	51.82
JetC_ECOR67	WP_386254699.1	34.545	110	67	2	2	106	971	1080	9.66e-44	162	51.82
JetC_ECOR67	THA83348.1	34.545	110	67	2	2	106	802	911	9.66e-44	162	51.82
JetC_ECOR67	MBV9022340.1	36.364	110	65	2	2	106	1377	1486	9.67e-44	162	52.73
JetC_ECOR67	WP_347599063.1	35.455	110	66	2	2	106	1416	1525	9.77e-44	162	51.82
JetC_ECOR67	WP_086669958.1	34.545	110	67	2	2	106	991	1100	9.85e-44	162	51.82
JetC_ECOR67	MBW8817779.1	34.545	110	67	2	2	106	721	830	1.00e-43	162	51.82
JetC_ECOR67	MET9856459.1	34.545	110	67	2	2	106	833	942	1.01e-43	162	51.82
JetC_ECOR67	WP_042450434.1	35.455	110	66	2	2	106	1399	1508	1.02e-43	162	51.82
JetC_ECOR67	MEU7550447.1	35.455	110	66	2	2	106	929	1038	1.02e-43	162	51.82
JetC_ECOR67	WP_352195140.1	34.545	110	67	2	2	106	1381	1490	1.03e-43	162	51.82
JetC_ECOR67	MFE2147685.1	34.545	110	67	2	2	106	860	969	1.03e-43	162	51.82
JetC_ECOR67	GAA1989128.1	35.455	110	66	2	2	106	743	852	1.04e-43	162	50.91
JetC_ECOR67	MEW5630018.1	34.545	110	67	2	2	106	800	909	1.05e-43	162	51.82
JetC_ECOR67	MFD7624002.1	33.929	112	67	2	2	106	601	712	1.05e-43	161	50.89
JetC_ECOR67	WP_141362921.1	34.545	110	67	2	2	106	1419	1528	1.06e-43	162	51.82
JetC_ECOR67	WP_068797596.1	33.636	110	68	2	2	106	1329	1438	1.06e-43	162	54.55
JetC_ECOR67	MFD9824629.1	34.545	110	67	2	2	106	638	747	1.07e-43	161	51.82
JetC_ECOR67	WP_399645813.1	35.780	109	65	2	2	105	1330	1438	1.07e-43	162	56.88
JetC_ECOR67	WP_387215247.1	33.636	110	68	2	2	106	1415	1524	1.10e-43	162	50.91
JetC_ECOR67	MEU3727086.1	34.545	110	67	2	2	106	545	654	1.10e-43	161	51.82
JetC_ECOR67	WP_035792549.1	35.455	110	66	2	2	106	1363	1472	1.12e-43	162	50.91
JetC_ECOR67	WP_116210582.1	34.545	110	67	2	2	106	1430	1539	1.12e-43	162	50.91
JetC_ECOR67	MER7625723.1	34.545	110	67	2	2	106	861	970	1.12e-43	162	51.82
JetC_ECOR67	WP_190067273.1	35.455	110	66	2	2	106	1389	1498	1.13e-43	162	51.82
JetC_ECOR67	WP_229867377.1	33.929	112	67	2	2	106	1442	1553	1.13e-43	162	50.89
JetC_ECOR67	WP_344571212.1	35.455	110	66	2	2	106	843	952	1.13e-43	162	50.91
JetC_ECOR67	WP_153455755.1	35.455	110	66	2	2	106	1367	1476	1.14e-43	162	51.82
JetC_ECOR67	WP_169444976.1	34.545	110	67	2	2	106	1409	1518	1.14e-43	162	51.82
JetC_ECOR67	WP_189454191.1	35.455	110	66	2	2	106	1405	1514	1.15e-43	162	52.73
JetC_ECOR67	WP_344467917.1	35.455	110	66	2	2	106	1362	1471	1.16e-43	162	50.91
JetC_ECOR67	WP_356305207.1	35.455	110	66	2	2	106	1371	1480	1.17e-43	162	52.73
JetC_ECOR67	MCC4321911.1	35.455	110	66	2	2	106	483	592	1.18e-43	160	51.82
JetC_ECOR67	WP_206965806.1	34.545	110	67	2	2	106	1411	1520	1.19e-43	162	52.73
JetC_ECOR67	WP_384263958.1	34.545	110	67	2	2	106	1128	1237	1.19e-43	162	51.82
JetC_ECOR67	WP_406002049.1	33.636	110	68	2	2	106	1472	1581	1.21e-43	162	50.91
JetC_ECOR67	WP_086161665.1	35.455	110	66	2	2	106	1400	1509	1.22e-43	162	51.82
JetC_ECOR67	MFC3264161.1	34.545	110	67	2	2	106	835	944	1.23e-43	162	51.82
JetC_ECOR67	PPS79466.1	34.545	110	67	2	2	106	701	810	1.26e-43	161	51.82
JetC_ECOR67	MEU8529387.1	34.545	110	67	2	2	106	479	588	1.26e-43	160	51.82
JetC_ECOR67	MER7490227.1	35.455	110	66	2	2	106	827	936	1.30e-43	162	51.82
JetC_ECOR67	MBW5486666.1	34.545	110	67	2	2	106	451	560	1.30e-43	160	51.82
JetC_ECOR67	WP_356369888.1	35.455	110	66	2	2	106	955	1064	1.31e-43	162	51.82
JetC_ECOR67	WP_225846781.1	36.364	110	65	2	2	106	1410	1519	1.32e-43	162	51.82
JetC_ECOR67	MEB3959134.1	34.545	110	67	2	2	106	796	905	1.33e-43	162	51.82
JetC_ECOR67	SCF58132.1	33.929	112	67	2	2	106	867	978	1.34e-43	162	50.89
JetC_ECOR67	MFE6163277.1	34.545	110	67	2	2	106	575	684	1.34e-43	161	51.82
JetC_ECOR67	WP_241057024.1	35.455	110	66	2	2	106	1418	1527	1.35e-43	162	51.82
JetC_ECOR67	WP_406410028.1	35.455	110	66	2	2	106	1331	1440	1.38e-43	162	56.36
JetC_ECOR67	GDY67212.1	34.545	110	67	2	2	106	662	771	1.45e-43	161	51.82
JetC_ECOR67	MFE3129787.1	34.545	110	67	2	2	106	559	668	1.45e-43	161	51.82
JetC_ECOR67	MFD5318645.1	35.455	110	66	2	2	106	464	573	1.47e-43	160	51.82
JetC_ECOR67	WP_385136492.1	34.545	110	67	2	2	106	740	849	1.47e-43	161	51.82
JetC_ECOR67	MFE7888963.1	34.545	110	67	2	2	106	796	905	1.48e-43	161	51.82
JetC_ECOR67	OEV31863.1	35.238	105	63	2	2	101	115	219	1.50e-43	151	52.38
JetC_ECOR67	WP_231774909.1	36.364	110	65	2	2	106	1404	1513	1.51e-43	161	53.64
JetC_ECOR67	GDY51300.1	35.455	110	66	2	2	106	701	810	1.53e-43	161	51.82
JetC_ECOR67	MEW2236908.1	34.545	110	67	2	2	106	820	929	1.53e-43	161	51.82
JetC_ECOR67	WP_079047487.1	34.545	110	67	2	2	106	1012	1121	1.56e-43	161	51.82
JetC_ECOR67	WP_020128941.1	34.545	110	67	2	2	106	1387	1496	1.57e-43	161	51.82
JetC_ECOR67	WP_406401464.1	33.636	110	67	2	4	107	1336	1445	1.58e-43	161	54.55
JetC_ECOR67	WP_055700976.1	34.545	110	67	2	2	106	1089	1198	1.59e-43	161	51.82
JetC_ECOR67	WP_391018626.1	34.545	110	67	2	2	106	1444	1553	1.62e-43	161	51.82
JetC_ECOR67	WP_282704838.1	36.364	110	65	2	2	106	1398	1507	1.63e-43	161	52.73
JetC_ECOR67	WP_362958923.1	35.455	110	66	2	2	106	1409	1518	1.63e-43	161	51.82
JetC_ECOR67	WP_352228306.1	34.545	110	67	2	2	106	966	1075	1.64e-43	161	51.82
JetC_ECOR67	WP_057667004.1	35.135	111	67	2	2	107	1335	1445	1.65e-43	161	53.15
JetC_ECOR67	WP_033251278.1	35.455	110	66	2	2	106	1366	1475	1.71e-43	161	50.91
JetC_ECOR67	MDX3078490.1	35.455	110	66	2	2	106	832	941	1.73e-43	161	51.82
JetC_ECOR67	MBK3636033.1	34.545	110	67	2	2	106	472	581	1.75e-43	160	51.82
JetC_ECOR67	WP_283992553.1	35.455	110	66	2	2	106	1365	1474	1.76e-43	161	51.82
JetC_ECOR67	MFD9632077.1	34.545	110	67	2	2	106	518	627	1.78e-43	160	51.82
JetC_ECOR67	WP_255922526.1	36.364	110	65	2	2	106	1390	1499	1.78e-43	161	52.73
JetC_ECOR67	WP_355173122.1	34.545	110	67	2	2	106	1401	1510	1.80e-43	161	51.82


